0 0.31484375 0.44765625 0.0921875 0.1046875
0 0.03828125 0.45859375 0.0765625 0.1421875
0 0.0265625 0.3203125 0.053125 0.103125
0 0.165625 0.35078125 0.1734375 0.0859375
0 0.1265625 0.240625 0.0984375 0.0765625
0 0.3359375 0.125 0.0515625 0.078125
0 0.46640625 0.134375 0.0671875 0.071875
0 0.13671875 0.05703125 0.071875 0.0671875
0 0.4890625 0.0203125 0.021875 0.040625
0 0.4203125 0.3671875 0.09375 0.0953125
2 0.85078125 0.47265625 0.1453125 0.1140625
2 0.975 0.2828125 0.05 0.296875
2 0.85859375 0.26015625 0.1046875 0.215625
2 0.7359375 0.3484375 0.090625 0.1171875
2 0.94765625 0.0703125 0.1 0.1078125
4 0.690625 0.8859375 0.30625 0.228125