0 0.09765625 0.328125 0.096875 0.0546875
0 0.2390625 0.25234375 0.125 0.04375
0 0.021875 0.27421875 0.04375 0.0390625
0 0.02734375 0.45078125 0.0546875 0.0171875
0 0.0203125 0.0453125 0.040625 0.046875
3 0.66328125 0.06953125 0.5546875 0.1390625
0 0.1234375 0.5953125 0.1375 0.2109375
0 0.30390625 0.9328125 0.0703125 0.134375
0 0.14453125 0.96875 0.1359375 0.0625
0 0.23125 0.7953125 0.05625 0.075
0 0.178125 0.503125 0.109375 0.0875
0 0.28203125 0.58671875 0.0625 0.1484375
0 0.3046875 0.48359375 0.06875 0.0484375
0 0.015625 0.815625 0.03125 0.078125
0 0.01640625 0.48125 0.0328125 0.04375
0 0.05 0.4828125 0.053125 0.046875