0 0.8015625 0.73515625 0.1375 0.096875
0 0.2390625 0.7453125 0.0765625 0.0859375
0 0.15234375 0.80625 0.0703125 0.059375
0 0.16484375 0.58125 0.1015625 0.090625
0 0.3234375 0.53515625 0.0703125 0.115625
0 0.22109375 0.475 0.059375 0.0609375
0 0.3515625 0.4421875 0.071875 0.0265625
0 0.35 0.3625 0.1328125 0.1015625
0 0.49375 0.4078125 0.0609375 0.05
0 0.56328125 0.53828125 0.08125 0.0625
0 0.57890625 0.6265625 0.090625 0.04375
0 0.34765625 0.1265625 0.0609375 0.0390625
0 0.64453125 0.16484375 0.0484375 0.053125
0 0.76171875 0.459375 0.096875 0.046875
0 0.7125 0.21953125 0.0984375 0.0703125
0 0.72578125 0.13984375 0.1234375 0.053125
0 0.64140625 0.09296875 0.0828125 0.0390625
0 0.61640625 0.16875 0.084375 0.0609375
0 0.45 0.21875 0.04375 0.06875
0 0.53671875 0.21015625 0.0765625 0.0640625