0 0.12734375 0.1 0.2171875 0.2
0 0.2921875 0.040625 0.09375 0.071875
5 0.9203125 0.28515625 0.109375 0.11875
5 0.88046875 0.08984375 0.1921875 0.134375
5 0.7015625 0.059375 0.16875 0.1140625
5 0.5546875 0.06171875 0.1765625 0.0875
5 0.3984375 0.03671875 0.11875 0.0734375
5 0.37265625 0.03671875 0.0671875 0.0734375
5 0.3625 0.053125 0.046875 0.0625
5 0.36796875 0.31171875 0.0578125 0.1046875
5 0.36875 0.3046875 0.059375 0.1
5 0.4109375 0.30546875 0.0921875 0.0921875
5 0.5359375 0.3140625 0.09375 0.0921875
5 0.66796875 0.30703125 0.1 0.1
5 0.81015625 0.259375 0.20625 0.1625
5 0.61484375 0.3109375 0.1203125 0.1265625
5 0.46875 0.3078125 0.1453125 0.146875
5 0.82734375 0.515625 0.1015625 0.075
3 0.21015625 0.65859375 0.2578125 0.1390625
1 0.62265625 0.79453125 0.5671875 0.4109375