0 0.06875 0.20859375 0.1375 0.2015625
0 0.60703125 0.5046875 0.0640625 0.15
0 0.4515625 0.42890625 0.125 0.0953125
0 0.3828125 0.1390625 0.090625 0.1578125
0 0.0140625 0.50390625 0.028125 0.1078125
0 0.27109375 0.0265625 0.1484375 0.053125
0 0.03203125 0.0328125 0.0640625 0.065625
0 0.025 0.0171875 0.05 0.034375
0 0.021875 0.51328125 0.04375 0.1015625
0 0.21328125 0.5109375 0.0859375 0.1375
0 0.6203125 0.24296875 0.0375 0.1046875
0 0.9703125 0.21875 0.046875 0.1375
0 0.85078125 0.27890625 0.04375 0.090625
0 0.896875 0.46796875 0.0875 0.0984375
0 0.72421875 0.51953125 0.0453125 0.1203125
0 0.66328125 0.4671875 0.0390625 0.1
0 0.8046875 0.0953125 0.0484375 0.0984375
0 0.66484375 0.22109375 0.0515625 0.1046875
0 0.64765625 0.13046875 0.0171875 0.1359375
0 0.65859375 0.1109375 0.0390625 0.09375
0 0.68203125 0.04375 0.0765625 0.0875
0 0.65078125 0.03828125 0.0234375 0.0765625
0 0.92890625 0.04921875 0.034375 0.071875
4 0.134375 0.95859375 0.26875 0.0828125
3 0.678125 0.925 0.078125 0.15
3 0.684375 0.74921875 0.090625 0.1421875
3 0.69140625 0.6140625 0.1046875 0.06875
3 0.690625 0.61484375 0.103125 0.0703125
3 0.69140625 0.75 0.1046875 0.178125
3 0.6953125 0.9265625 0.1125 0.146875
3 0.71796875 0.92578125 0.1578125 0.1484375
3 0.71640625 0.74921875 0.1546875 0.1609375
3 0.7140625 0.6203125 0.15 0.08125
3 0.9 0.615625 0.2 0.071875
3 0.90625 0.753125 0.1875 0.1875
3 0.90859375 0.9328125 0.1828125 0.134375