0 0.496875 0.36796875 0.1 0.109375
0 0.1359375 0.49921875 0.075 0.0203125
0 0.01484375 0.4859375 0.0296875 0.046875
0 0.20390625 0.33671875 0.0953125 0.09375
0 0.4265625 0.46328125 0.084375 0.0921875
0 0.58125 0.31015625 0.05625 0.1015625
0 0.3109375 0.25234375 0.0875 0.0640625
0 0.0375 0.428125 0.075 0.1
2 0.71484375 0.25 0.2109375 0.2625
2 0.83046875 0.25234375 0.3390625 0.2640625
2 0.80703125 0.0546875 0.3859375 0.109375
2 0.68515625 0.05078125 0.1515625 0.1015625
2 0.640625 0.053125 0.0625 0.10625
2 0.725 0.015625 0.23125 0.03125
1 0.3046875 0.7546875 0.609375 0.490625
1 0.3046875 0.7546875 0.609375 0.490625
1 0.18359375 0.609375 0.3671875 0.2
1 0.29453125 0.59609375 0.5890625 0.1734375
1 0.40546875 0.5921875 0.4078125 0.165625
1 0.8046875 0.64609375 0.390625 0.2734375
1 0.8046875 0.87421875 0.390625 0.2515625
1 0.815625 0.5671875 0.36875 0.115625