0 0.4984375 0.64921875 0.16875 0.0984375
0 0.56328125 0.815625 0.2625 0.159375
0 0.92734375 0.7015625 0.1453125 0.075
0 0.3609375 0.31640625 0.09375 0.0578125
0 0.23125 0.2359375 0.140625 0.10625
0 0.871875 0.2171875 0.103125 0.053125
0 0.66484375 0.2359375 0.0890625 0.10625
0 0.50390625 0.2375 0.1046875 0.1359375
0 0.271875 0.7796875 0.0546875 0.03125
0 0.37421875 0.9015625 0.10625 0.0609375
0 0.33828125 0.63984375 0.078125 0.078125
0 0.2375 0.640625 0.078125 0.0828125
0 0.4734375 0.45234375 0.215625 0.1375