0 0.18828125 0.34765625 0.1109375 0.1046875
0 0.2671875 0.44609375 0.1109375 0.0671875
0 0.3671875 0.26015625 0.084375 0.165625
0 0.1171875 0.16796875 0.1125 0.1078125
0 0.06796875 0.8 0.1296875 0.1796875
0 0.43984375 0.8390625 0.025 0.1296875
0 0.6140625 0.709375 0.10625 0.2015625
0 0.5 0.5609375 0.034375 0.1125
0 0.8140625 0.59375 0.1140625 0.1171875
0 0.0375 0.41484375 0.075 0.1140625
0 0.46328125 0.26484375 0.01875 0.084375
0 0.53984375 0.23984375 0.0890625 0.10625
0 0.67890625 0.4171875 0.0921875 0.071875