0 0.13671875 0.1734375 0.0953125 0.346875
3 0.6921875 0.22265625 0.246875 0.2734375
5 0.24453125 0.86640625 0.15 0.2671875
5 0.08125 0.7578125 0.1625 0.140625
5 0.0390625 0.62734375 0.078125 0.2046875
5 0.025 0.5 0.05 0.125
5 0.07421875 0.62578125 0.1484375 0.3046875
5 0.496875 0.609375 0.14375 0.175
5 0.31171875 0.5125 0.2046875 0.1890625
5 0.09375 0.4453125 0.1875 0.16875
5 0.05 0.4015625 0.1 0.084375
5 0.0234375 0.3890625 0.046875 0.059375
5 0.0421875 0.38671875 0.084375 0.0546875
5 0.05625 0.38671875 0.1125 0.0546875
5 0.21328125 0.39140625 0.1484375 0.0640625
5 0.3796875 0.4109375 0.125 0.103125
5 0.51484375 0.403125 0.1015625 0.0875
5 0.48671875 0.38203125 0.1171875 0.0453125
5 0.371875 0.378125 0.06875 0.0375
5 0.26875 0.38203125 0.121875 0.0453125
5 0.16875 0.36796875 0.084375 0.0171875
5 0.0453125 0.37109375 0.08125 0.0234375
5 0.03046875 0.36953125 0.0609375 0.0203125
5 0.02421875 0.37734375 0.0484375 0.0359375
5 0.01796875 0.38359375 0.0359375 0.0484375
5 0.028125 0.96015625 0.05625 0.0796875
5 0.0375 0.934375 0.075 0.13125
1 0.784375 0.58359375 0.43125 0.4484375
1 0.8140625 0.4640625 0.371875 0.209375
1 0.784375 0.6796875 0.43125 0.640625
1 0.71953125 0.4171875 0.3015625 0.115625
1 0.77890625 0.409375 0.4203125 0.1
1 0.8140625 0.403125 0.371875 0.0875