0 0.3171875 0.28828125 0.0453125 0.046875
0 0.34140625 0.39609375 0.059375 0.065625
0 0.00859375 0.4796875 0.0171875 0.046875
0 0.01171875 0.4953125 0.0234375 0.046875
0 0.209375 0.42109375 0.0484375 0.0859375
0 0.1171875 0.37421875 0.0703125 0.109375
5 0.6390625 0.275 0.0515625 0.1015625
5 0.7609375 0.228125 0.0546875 0.0609375
5 0.815625 0.2109375 0.046875 0.0890625
5 0.8734375 0.21796875 0.0515625 0.0703125
5 0.94609375 0.1984375 0.075 0.0640625
2 0.19609375 0.975 0.2390625 0.05
2 0.08125 0.9046875 0.1625 0.121875
2 0.0890625 0.7875 0.178125 0.078125
2 0.190625 0.7765625 0.2609375 0.140625
2 0.3484375 0.9234375 0.103125 0.065625
2 0.04140625 0.625 0.0828125 0.184375
2 0.034375 0.6546875 0.06875 0.109375
1 0.4953125 0.765625 0.190625 0.225
1 0.5859375 0.778125 0.371875 0.21875
1 0.8078125 0.765625 0.384375 0.21875
1 0.846875 0.8984375 0.30625 0.203125
1 0.684375 0.89765625 0.56875 0.2046875
1 0.52109375 0.90859375 0.2421875 0.1828125