0 0.3921875 0.33984375 0.11875 0.1140625
0 0.26640625 0.3015625 0.0640625 0.096875
0 0.034375 0.40859375 0.06875 0.1734375
0 0.66484375 0.2375 0.0484375 0.1
0 0.6546875 0.084375 0.06875 0.09375
0 0.3953125 0.09453125 0.0984375 0.0953125
0 0.521875 0.071875 0.0953125 0.0828125
0 0.48828125 0.01171875 0.0484375 0.0234375
0 0.43671875 0.028125 0.0390625 0.05625
0 0.2984375 0.0265625 0.0375 0.053125
0 0.26328125 0.06328125 0.053125 0.06875
0 0.12578125 0.01484375 0.0640625 0.0296875
0 0.25390625 0.1421875 0.03125 0.059375
5 0.74453125 0.09765625 0.1109375 0.1953125
5 0.72734375 0.01953125 0.0765625 0.0390625
5 0.7453125 0.078125 0.1125 0.15625
5 0.79296875 0.484375 0.2078125 0.15
5 0.85859375 0.3328125 0.2828125 0.14375
5 0.9390625 0.1890625 0.121875 0.128125
5 0.903125 0.0703125 0.171875 0.125
1 0.34453125 0.7796875 0.6890625 0.440625
3 0.87890625 0.8453125 0.2421875 0.309375