0 0.1125 0.50546875 0.225 0.1140625
0 0.0546875 0.10546875 0.109375 0.0921875
0 0.03828125 0.1828125 0.0765625 0.065625
0 0.02421875 0.0203125 0.0484375 0.040625
0 0.08359375 0.090625 0.0515625 0.1203125
0 0.2453125 0.090625 0.0859375 0.1046875
1 0.7046875 0.1125 0.590625 0.225
1 0.80234375 0.053125 0.3953125 0.10625
1 0.7046875 0.328125 0.590625 0.521875
4 0.37734375 0.93203125 0.0640625 0.1359375
2 0.51171875 0.96640625 0.2015625 0.0671875
2 0.89609375 0.93046875 0.2078125 0.0671875
2 0.59921875 0.87890625 0.1765625 0.05625