0 0.0359375 0.13046875 0.071875 0.2015625
0 0.2453125 0.35078125 0.125 0.09375
0 0.17578125 0.06953125 0.0890625 0.1390625
0 0.0140625 0.3953125 0.028125 0.046875
0 0.06953125 0.0265625 0.1390625 0.053125
0 0.03203125 0.0328125 0.0640625 0.065625
0 0.025 0.0171875 0.05 0.034375
1 0.75703125 0.25546875 0.4859375 0.3265625
1 0.62890625 0.225 0.5578125 0.3875
1 0.61015625 0.1234375 0.5203125 0.246875
1 0.796875 0.14140625 0.40625 0.2828125
2 0.1015625 0.87890625 0.203125 0.2421875
2 0.1828125 0.9265625 0.275 0.146875
2 0.084375 0.64453125 0.16875 0.1984375
2 0.1234375 0.73671875 0.2 0.134375
2 0.0984375 0.53515625 0.196875 0.2328125
2 0.07578125 0.45859375 0.1515625 0.0796875
2 0.47890625 0.85234375 0.2578125 0.2953125
2 0.81640625 0.8515625 0.3671875 0.296875
2 0.828125 0.603125 0.34375 0.196875
2 0.47734375 0.6234375 0.2546875 0.21875
2 0.45546875 0.46328125 0.2109375 0.0890625
2 0.78828125 0.4515625 0.4234375 0.065625
2 0.4375 0.45625 0.175 0.075
2 0.759375 0.45390625 0.4 0.0703125
2 0.51328125 0.43359375 0.3265625 0.0296875