0 0.78671875 0.85625 0.103125 0.075
0 0.646875 0.91328125 0.028125 0.04375
0 0.15546875 0.76796875 0.171875 0.090625
0 0.10625 0.9296875 0.046875 0.08125
0 0.02421875 0.93984375 0.0484375 0.1203125
0 0.2046875 0.6703125 0.128125 0.0625
0 0.69921875 0.465625 0.08125 0.0828125
0 0.96953125 0.50859375 0.0609375 0.125
0 0.8328125 0.65703125 0.13125 0.1171875
0 0.35078125 0.29453125 0.0359375 0.053125
0 0.228125 0.28125 0.1171875 0.084375
0 0.8 0.29765625 0.0578125 0.11875
0 0.68125 0.3140625 0.0671875 0.0671875
0 0.6671875 0.22265625 0.0828125 0.0734375
0 0.03359375 0.4484375 0.0484375 0.0640625
0 0.14296875 0.41484375 0.0546875 0.1078125
0 0.07421875 0.59453125 0.1484375 0.0671875
0 0.25390625 0.4 0.0375 0.05625
0 0.65390625 0.65234375 0.1328125 0.071875
0 0.84375 0.50234375 0.0640625 0.090625
0 0.8984375 0.37890625 0.034375 0.0703125