0 0.23671875 0.2921875 0.1109375 0.0578125
0 0.1234375 0.209375 0.1546875 0.0890625
0 0.4171875 0.2296875 0.1234375 0.090625
0 0.30078125 0.096875 0.096875 0.0953125
0 0.5265625 0.05625 0.146875 0.04375
0 0.953125 0.409375 0.09375 0.075
0 0.64296875 0.3203125 0.0859375 0.090625
0 0.63125 0.22265625 0.0625 0.0609375
0 0.8703125 0.0296875 0.08125 0.059375
0 0.96953125 0.21015625 0.0609375 0.1171875
0 0.60859375 0.01328125 0.0171875 0.0265625
0 0.62890625 0.02109375 0.0578125 0.0421875
0 0.97109375 0.0296875 0.0578125 0.059375
0 0.85234375 0.01640625 0.0671875 0.0328125
0 0.83828125 0.01796875 0.0828125 0.0359375
0 0.61171875 0.01640625 0.0234375 0.0328125
0 0.61328125 0.0265625 0.0265625 0.053125
0 0.63671875 0.146875 0.0734375 0.065625
0 0.609375 0.0140625 0.01875 0.028125
0 0.82578125 0.20546875 0.1328125 0.071875
0 0.99140625 0.0546875 0.0171875 0.090625
1 0.271875 0.61015625 0.378125 0.3203125
1 0.47421875 0.61484375 0.2515625 0.3296875
1 0.471875 0.853125 0.25625 0.29375
1 0.24453125 0.8546875 0.3578125 0.290625
1 0.2625 0.61953125 0.3 0.3390625
1 0.3140625 0.51484375 0.234375 0.1296875
1 0.48984375 0.5171875 0.2203125 0.134375
1 0.13671875 0.5265625 0.2734375 0.153125
0 0.77421875 0.809375 0.1046875 0.0703125
0 0.634375 0.725 0.06875 0.16875
0 0.9703125 0.68828125 0.059375 0.0734375