0 0.15625 0.03046875 0.140625 0.0609375
1 0.6890625 0.06484375 0.259375 0.1296875
1 0.84921875 0.065625 0.3015625 0.13125
1 0.83125 0.02890625 0.278125 0.0578125
1 0.9265625 0.03359375 0.146875 0.0671875
1 0.66484375 0.028125 0.2109375 0.05625
1 0.64140625 0.0234375 0.1640625 0.046875
3 0.01875 0.34140625 0.0375 0.1046875
3 0.0125 0.32890625 0.025 0.0796875
3 0.01328125 0.3375 0.0265625 0.071875
0 0.928125 0.90703125 0.14375 0.1203125
0 0.92578125 0.75625 0.1484375 0.084375
0 0.78984375 0.403125 0.1109375 0.0578125
0 0.67578125 0.3265625 0.1546875 0.075
0 0.95390625 0.340625 0.0921875 0.090625
0 0.853125 0.3125 0.096875 0.046875
0 0.8390625 0.98671875 0.1125 0.0265625