0 0.38046875 0.30078125 0.0765625 0.0984375
0 0.23359375 0.1609375 0.146875 0.090625
0 0.42421875 0.18125 0.0703125 0.06875
0 0.3328125 0.02734375 0.078125 0.0546875
0 0.18984375 0.04765625 0.1296875 0.0953125
2 0.51171875 0.1578125 0.1046875 0.315625
2 0.49609375 0.05546875 0.0734375 0.1109375
2 0.48203125 0.05390625 0.0453125 0.1078125
2 0.51484375 0.046875 0.1109375 0.09375
3 0.25078125 0.63671875 0.090625 0.2390625
0 0.57734375 0.7984375 0.096875 0.0546875
0 0.71875 0.72265625 0.125 0.04375
0 0.8921875 0.6140625 0.121875 0.059375
0 0.959375 0.434375 0.08125 0.059375
0 0.86328125 0.8140625 0.1328125 0.0671875
0 0.48125 0.74453125 0.04375 0.0390625
0 0.48671875 0.9328125 0.0546875 0.040625
0 0.4796875 0.515625 0.040625 0.046875