0 0.04296875 0.52734375 0.0859375 0.0453125
0 0.03125 0.45234375 0.0625 0.0609375
0 0.32109375 0.2484375 0.08125 0.0828125
0 0.42890625 0.43984375 0.0796875 0.1171875
0 0.00859375 0.0765625 0.0171875 0.053125
0 0.02890625 0.0640625 0.0578125 0.084375
0 0.421875 0.08046875 0.0578125 0.11875
0 0.303125 0.096875 0.06875 0.0671875
0 0.28828125 0.02109375 0.0828125 0.0421875
0 0.01171875 0.23046875 0.0234375 0.0640625
0 0.01328125 0.19765625 0.0265625 0.1078125
0 0.03671875 0.3765625 0.0734375 0.065625
0 0.009375 0.1828125 0.01875 0.05625
0 0.27578125 0.43515625 0.1328125 0.071875
0 0.45078125 0.284375 0.0359375 0.090625
1 0.734375 0.33359375 0.53125 0.4328125
1 0.69921875 0.11171875 0.4609375 0.2234375
1 0.86875 0.178125 0.2625 0.35625
1 0.61171875 0.10625 0.2859375 0.2125
0 0.33515625 0.9640625 0.1578125 0.071875
0 0.3265625 0.8515625 0.1921875 0.1453125
0 0.021875 0.8984375 0.04375 0.115625
0 0.03203125 0.89609375 0.0640625 0.1609375
0 0.959375 0.765625 0.08125 0.06875
0 0.74453125 0.7328125 0.096875 0.0640625
0 0.50390625 0.79375 0.0703125 0.078125
0 0.503125 0.790625 0.06875 0.121875
0 0.50859375 0.9015625 0.0796875 0.06875
0 0.96875 0.94609375 0.0625 0.1078125
0 0.796875 0.93671875 0.128125 0.1265625
0 0.63359375 0.8578125 0.1171875 0.1640625
0 0.50234375 0.88671875 0.0671875 0.0609375