0 0.87734375 0.3609375 0.1390625 0.13125
0 0.5359375 0.1375 0.240625 0.13125
0 0.675 0.315625 0.1046875 0.10625
0 0.93828125 0.11328125 0.1078125 0.1125
0 0.1796875 0.64765625 0.1265625 0.1
0 0.3046875 0.76875 0.1578125 0.128125
0 0.48203125 0.5859375 0.15 0.1421875
0 0.65 0.64296875 0.1375 0.103125
0 0.834375 0.7296875 0.1671875 0.1421875
0 0.33125 0.9390625 0.146875 0.075
0 0.26953125 0.109375 0.2046875 0.1546875
0 0.06171875 0.1984375 0.1171875 0.109375
0 0.4421875 0.4359375 0.1296875 0.128125
0 0.17734375 0.415625 0.2015625 0.2484375
0 0.79609375 0.54375 0.153125 0.1625
0 0.634375 0.49609375 0.1375 0.146875
0 0.4921875 0.81015625 0.109375 0.2359375
0 0.8375 0.90625 0.2953125 0.1875
0 0.0890625 0.9 0.1609375 0.2