0 0.3203125 0.3703125 0.1640625 0.1734375
0 0.47578125 0.32734375 0.0671875 0.0734375
0 0.40390625 0.15 0.2109375 0.1125
0 0.565625 0.3484375 0.1125 0.128125
0 0.53046875 0.45 0.0421875 0.03125
0 0.6359375 0.5390625 0.253125 0.1
0 0.91015625 0.296875 0.1578125 0.1171875
0 0.9015625 0.1609375 0.1921875 0.1453125
0 0.53125 0.2078125 0.04375 0.115625
0 0.54140625 0.20546875 0.0640625 0.1609375
2 0.02578125 0.96171875 0.0515625 0.0765625
2 0.03828125 0.90625 0.0765625 0.046875
2 0.253125 0.94140625 0.1203125 0.071875
2 0.10546875 0.84453125 0.2109375 0.0828125
2 0.021875 0.8328125 0.04375 0.084375
5 0.909375 0.628125 0.14375 0.078125
5 0.953125 0.90078125 0.09375 0.1984375
5 0.87421875 0.896875 0.096875 0.1578125
5 0.7875 0.91484375 0.115625 0.078125
5 0.6671875 0.79140625 0.1234375 0.15
5 0.55859375 0.76484375 0.0984375 0.0953125
5 0.7453125 0.615625 0.128125 0.053125
5 0.62421875 0.62421875 0.1328125 0.0703125
5 0.52890625 0.63359375 0.0390625 0.0890625
5 0.665625 0.609375 0.2 0.040625