0 0.68359375 0.721875 0.0875 0.1171875
0 0.80703125 0.7609375 0.0578125 0.1671875
0 0.90390625 0.78125 0.0359375 0.0609375
0 0.86640625 0.86953125 0.059375 0.0375
0 0.4578125 0.86953125 0.065625 0.0765625
0 0.57890625 0.86484375 0.065625 0.0859375
0 0.35390625 0.8 0.0390625 0.0515625
0 0.28515625 0.79296875 0.0375 0.078125
0 0.13359375 0.7890625 0.028125 0.075
0 0.02890625 0.7765625 0.04375 0.0546875
0 0.4421875 0.6390625 0.05 0.059375
0 0.4984375 0.74375 0.0515625 0.096875
0 0.14921875 0.60234375 0.0890625 0.078125
0 0.23671875 0.49921875 0.0671875 0.075