0 0.39296875 0.42109375 0.0921875 0.0765625
0 0.22734375 0.44609375 0.115625 0.1078125
0 0.18359375 0.19140625 0.0546875 0.05
0 0.26171875 0.2890625 0.0921875 0.1203125
0 0.384375 0.2390625 0.09375 0.0828125
0 0.0859375 0.41953125 0.071875 0.0984375
0 0.24921875 0.16328125 0.0671875 0.0859375
0 0.10078125 0.0671875 0.0671875 0.065625
2 0.69765625 0.3140625 0.125 0.140625
2 0.96640625 0.37734375 0.0671875 0.2828125
1 0.6953125 0.828125 0.5125 0.34375
1 0.5796875 0.68515625 0.28125 0.2515625
1 0.7921875 0.61953125 0.4140625 0.1421875
1 0.8359375 0.67890625 0.328125 0.2484375
1 0.91953125 0.8390625 0.1609375 0.321875