0 0.10546875 0.0640625 0.2109375 0.059375
0 0.309375 0.1 0.1578125 0.0515625
0 0.4609375 0.11875 0.096875 0.0625
0 0.478125 0.2140625 0.0625 0.090625
0 0.35546875 0.1953125 0.1171875 0.0734375
0 0.1765625 0.1609375 0.11875 0.075
0 0.0484375 0.14375 0.096875 0.075
0 0.03828125 0.02890625 0.0765625 0.0578125
0 0.02578125 0.0171875 0.0515625 0.034375
0 0.109375 0.2578125 0.09375 0.059375
0 0.03515625 0.21875 0.0640625 0.0390625
0 0.4859375 0.3078125 0.046875 0.075
2 0.62734375 0.36796875 0.109375 0.1796875
2 0.8125 0.20546875 0.1171875 0.1453125
2 0.95859375 0.1265625 0.0828125 0.046875
2 0.63671875 0.1953125 0.115625 0.115625
2 0.5265625 0.2515625 0.034375 0.146875
0 0.27265625 0.79765625 0.1296875 0.11875
0 0.41796875 0.92734375 0.15 0.1296875
0 0.0796875 0.9640625 0.159375 0.071875
0 0.09609375 0.7015625 0.15 0.140625
0 0.0671875 0.64453125 0.134375 0.1296875
0 0.03671875 0.6390625 0.0734375 0.11875
0 0.03828125 0.9046875 0.0765625 0.103125
2 0.5703125 0.96484375 0.121875 0.0703125
2 0.66015625 0.928125 0.2765625 0.090625
2 0.559375 0.8625 0.1 0.08125
2 0.7125 0.81953125 0.2375 0.0671875
2 0.553125 0.7671875 0.0875 0.05625