0 0.94375 0.78984375 0.1125 0.1265625
0 0.12109375 0.88671875 0.1578125 0.1015625
0 0.54140625 0.48984375 0.159375 0.1625
0 0.92734375 0.41171875 0.1453125 0.1234375
0 0.52265625 0.28359375 0.1578125 0.0796875
0 0.68125 0.2171875 0.078125 0.0953125
0 0.63046875 0.0875 0.1328125 0.0953125
0 0.21171875 0.10703125 0.13125 0.10625
0 0.3734375 0.259375 0.1015625 0.1390625
0 0.090625 0.5671875 0.18125 0.159375
0 0.4046875 0.8296875 0.15625 0.121875
0 0.7609375 0.415625 0.09375 0.11875
0 0.38671875 0.46484375 0.078125 0.05