0 0.4453125 0.07578125 0.028125 0.0484375
0 0.2984375 0.44375 0.0328125 0.10625
0 0.43515625 0.32734375 0.0484375 0.1140625
0 0.0171875 0.01875 0.034375 0.0375
0 0.08125 0.01328125 0.059375 0.0265625
0 0.4125 0.17578125 0.0515625 0.071875
0 0.14453125 0.265625 0.059375 0.0984375
0 0.35 0.01953125 0.084375 0.0390625
0 0.01953125 0.3234375 0.0390625 0.09375
0 0.015625 0.47265625 0.03125 0.0546875
2 0.7296875 0.35390625 0.1171875 0.165625
2 0.54609375 0.340625 0.1734375 0.121875
2 0.4953125 0.43671875 0.071875 0.1265625
2 0.49921875 0.4296875 0.0796875 0.140625
2 0.5375 0.30390625 0.15625 0.0796875
5 0.0328125 0.86875 0.065625 0.2625
5 0.25390625 0.825 0.1140625 0.35
5 0.41171875 0.82578125 0.0953125 0.3484375
2 0.53359375 0.71484375 0.1484375 0.0609375
2 0.53046875 0.77265625 0.1421875 0.0515625
2 0.55390625 0.90546875 0.1890625 0.1765625
2 0.840625 0.896875 0.31875 0.15
2 0.52109375 0.91640625 0.1234375 0.1671875
2 0.53984375 0.78046875 0.1609375 0.0609375
2 0.8015625 0.7640625 0.28125 0.0515625
2 0.51875 0.603125 0.11875 0.090625
2 0.540625 0.621875 0.1625 0.096875
2 0.753125 0.609375 0.2234375 0.08125
2 0.96015625 0.6015625 0.0796875 0.0875
2 0.7328125 0.53828125 0.2375 0.0765625
2 0.9453125 0.540625 0.109375 0.08125
2 0.5171875 0.54453125 0.115625 0.0890625
2 0.50078125 0.540625 0.0828125 0.08125
2 0.478125 0.54375 0.0375 0.0875