0 0.2359375 0.2921875 0.1140625 0.1
0 0.36171875 0.11171875 0.0765625 0.1953125
0 0.22734375 0.06953125 0.0859375 0.075
0 0.08125 0.1203125 0.0421875 0.06875
0 0.02109375 0.04765625 0.0421875 0.0640625
0 0.01640625 0.34609375 0.0328125 0.0703125
4 0.61171875 0.075 0.2421875 0.15
4 0.4578125 0.03984375 0.115625 0.0796875
4 0.93828125 0.17890625 0.1234375 0.1421875
4 0.796875 0.39296875 0.278125 0.2484375
4 0.584375 0.540625 0.10625 0.11875
4 0.46796875 0.5515625 0.1359375 0.096875
4 0.80625 0.0265625 0.346875 0.053125
1 0.2 0.8 0.4 0.4
2 0.92890625 0.75625 0.1265625 0.1265625
2 0.75625 0.7640625 0.1984375 0.1078125
2 0.546875 0.746875 0.184375 0.0921875
2 0.565625 0.91875 0.19375 0.1625
2 0.45 0.90703125 0.1 0.1859375
2 0.41640625 0.903125 0.0328125 0.19375
2 0.4640625 0.7328125 0.128125 0.121875
2 0.95078125 0.9265625 0.0984375 0.146875
2 0.7890625 0.89453125 0.175 0.1125