0 0.2078125 0.11171875 0.15 0.2234375
0 0.903125 0.3328125 0.1234375 0.0703125
0 0.653125 0.33203125 0.090625 0.08125
0 0.746875 0.19296875 0.0859375 0.065625
0 0.8390625 0.07421875 0.0890625 0.040625
0 0.53203125 0.0984375 0.0859375 0.065625
0 0.72890625 0.0203125 0.1078125 0.040625
1 0.15390625 0.71953125 0.3078125 0.5609375
1 0.24453125 0.7421875 0.4890625 0.515625
1 0.2953125 0.54453125 0.3875 0.2109375
1 0.209375 0.49921875 0.41875 0.1203125
1 0.09921875 0.60625 0.1984375 0.334375
1 0.6375 0.7296875 0.296875 0.225
1 0.840625 0.7421875 0.31875 0.21875
1 0.859375 0.8796875 0.28125 0.240625
1 0.68828125 0.890625 0.3984375 0.21875