0 0.25703125 0.33984375 0.0765625 0.0390625
5 0.8953125 0.3015625 0.209375 0.078125
5 0.66953125 0.328125 0.2015625 0.0625
5 0.50078125 0.33125 0.1359375 0.05625
5 0.9625 0.203125 0.075 0.084375
5 0.81875 0.21015625 0.18125 0.0984375
5 0.62734375 0.2484375 0.184375 0.1046875
5 0.046875 0.58515625 0.0828125 0.0828125
5 0.03046875 0.58828125 0.0609375 0.0546875
5 0.028125 0.64609375 0.05625 0.0390625
5 0.01953125 0.64453125 0.0390625 0.0421875
5 0.01875 0.70390625 0.0375 0.0578125
5 0.0265625 0.71171875 0.053125 0.0484375
5 0.2015625 0.6046875 0.18125 0.0671875
5 0.359375 0.58828125 0.1 0.0515625
5 0.35 0.6515625 0.11875 0.046875
5 0.171875 0.6765625 0.175 0.06875
0 0.91015625 0.490625 0.1390625 0.1296875
0 0.56875 0.3921875 0.240625 0.065625
0 0.7078125 0.4453125 0.1046875 0.10625
0 0.95859375 0.38671875 0.0828125 0.0546875
0 0.440625 0.7765625 0.0625 0.1
0 0.4484375 0.8984375 0.078125 0.128125
0 0.51484375 0.715625 0.1484375 0.1421875
0 0.6828125 0.77265625 0.1375 0.103125
0 0.8671875 0.859375 0.1671875 0.1421875
0 0.46015625 0.39765625 0.1015625 0.0765625
0 0.43828125 0.38671875 0.0578125 0.0546875
0 0.475 0.565625 0.1296875 0.128125
0 0.459375 0.54453125 0.1 0.2484375
0 0.82890625 0.6734375 0.153125 0.1625
0 0.6671875 0.62578125 0.1375 0.146875
0 0.525 0.9109375 0.109375 0.178125
0 0.8609375 0.97109375 0.278125 0.0578125