0 0.184375 0.1625 0.13125 0.1921875
0 0.25625 0.065625 0.0765625 0.1203125
0 0.325 0.28046875 0.09375 0.1203125
0 0.4390625 0.2515625 0.0828125 0.1359375
0 0.4921875 0.1109375 0.0625 0.184375
0 0.64921875 0.06796875 0.084375 0.0734375
0 0.621875 0.215625 0.1359375 0.13125
0 0.74921875 0.41484375 0.1015625 0.096875
0 0.79375 0.6046875 0.0578125 0.103125
0 0.3953125 0.6453125 0.09375 0.1984375
0 0.30234375 0.59375 0.0703125 0.140625
0 0.4421875 0.88125 0.109375 0.21875
0 0.9734375 0.58828125 0.0515625 0.1515625
0 0.95703125 0.3203125 0.0515625 0.1078125
0 0.76328125 0.19453125 0.0953125 0.103125
0 0.58984375 0.7765625 0.09375 0.1828125
0 0.1515625 0.81484375 0.1140625 0.0953125
0 0.13203125 0.36171875 0.059375 0.2171875
0 0.2640625 0.40234375 0.0609375 0.1296875
0 0.50390625 0.50390625 0.0796875 0.16875
0 0.87421875 0.0390625 0.1265625 0.078125
0 0.79453125 0.9140625 0.1328125 0.171875