0 0.0234375 0.24765625 0.046875 0.0578125
0 0.03515625 0.16640625 0.0703125 0.1046875
0 0.26640625 0.1671875 0.0890625 0.10625
0 0.10546875 0.16875 0.1046875 0.1359375
0 0.96015625 0.24921875 0.0796875 0.0828125
0 0.61328125 0.07890625 0.0359375 0.053125
0 0.49375 0.065625 0.109375 0.084375
0 0.94375 0.0984375 0.06875 0.0671875
0 0.92890625 0.021875 0.0828125 0.04375
0 0.45078125 0.23203125 0.0234375 0.0640625
0 0.45234375 0.19921875 0.0265625 0.1078125
0 0.51640625 0.184375 0.0375 0.05625
0 0.40546875 0.94609375 0.0671875 0.1078125
0 0.21875 0.9546875 0.146875 0.090625
0 0.390625 0.6078125 0.096875 0.19375
0 0.0421875 0.8171875 0.084375 0.365625
0 0.3625 0.4375 0.153125 0.065625
0 0.121875 0.35390625 0.24375 0.0484375
0 0.37109375 0.35 0.1359375 0.040625
1 0.71953125 0.66484375 0.5609375 0.6703125