0 0.48984375 0.30546875 0.0796875 0.0265625
0 0.2078125 0.28515625 0.0875 0.0640625
0 0.553125 0.28203125 0.046875 0.0734375
0 0.9515625 0.2546875 0.0765625 0.0546875
1 0.22421875 0.39921875 0.4484375 0.1609375
1 0.34453125 0.6140625 0.3703125 0.590625
1 0.13984375 0.44765625 0.2796875 0.2578125
1 0.26484375 0.68125 0.5296875 0.6375
2 0.5875 0.8796875 0.090625 0.240625
2 0.7484375 0.88984375 0.125 0.2203125
2 0.9390625 0.90625 0.121875 0.1875
2 0.80234375 0.6203125 0.33125 0.2828125
2 0.81171875 0.40390625 0.240625 0.1203125
2 0.83515625 0.33984375 0.1546875 0.0421875