0 0.940625 0.82734375 0.040625 0.075
0 0.9875 0.8046875 0.025 0.0671875
0 0.9609375 0.96171875 0.0546875 0.0765625
0 0.7765625 0.8203125 0.096875 0.053125
0 0.65859375 0.85 0.125 0.1390625
0 0.44375 0.8203125 0.125 0.0765625
0 0.26171875 0.84453125 0.115625 0.1078125
0 0.21796875 0.58984375 0.0546875 0.05
0 0.29609375 0.6875 0.0921875 0.1203125
0 0.759375 0.5375 0.090625 0.0953125
0 0.925 0.3796875 0.078125 0.0921875
0 0.95234375 0.58671875 0.06875 0.1328125
0 0.8671875 0.703125 0.06875 0.0453125
0 0.8609375 0.6 0.096875 0.0796875
0 0.5078125 0.553125 0.065625 0.09375
0 0.625 0.56171875 0.1 0.084375
0 0.69921875 0.63359375 0.0609375 0.046875
0 0.41875 0.6375 0.09375 0.0828125
0 0.1203125 0.81796875 0.071875 0.0984375
0 0.0921875 0.95859375 0.1171875 0.0828125
0 0.56875 0.95078125 0.075 0.046875
0 0.60625 0.42890625 0.08125 0.1
0 0.28359375 0.56171875 0.0671875 0.0859375
0 0.13515625 0.465625 0.0671875 0.065625