0 0.465625 0.325 0.10625 0.0875
0 0.01796875 0.3109375 0.0359375 0.115625
0 0.18515625 0.03671875 0.0734375 0.0734375
0 0.015625 0.0125 0.03125 0.025
0 0.02109375 0.09765625 0.0421875 0.0859375
0 0.01484375 0.309375 0.0296875 0.084375
0 0.409375 0.21953125 0.0609375 0.084375
0 0.35390625 0.1640625 0.040625 0.0625
0 0.38984375 0.00703125 0.0703125 0.0140625
0 0.4078125 0.01171875 0.075 0.0234375
0 0.0828125 0.0140625 0.0875 0.028125
0 0.01640625 0.015625 0.0328125 0.03125
0 0.034375 0.06875 0.0296875 0.0453125
0 0.0171875 0.0203125 0.034375 0.040625
0 0.33828125 0.01328125 0.1171875 0.0265625
0 0.2375 0.01796875 0.0875 0.0359375
0 0.01015625 0.01640625 0.0203125 0.0328125
0 0.01328125 0.00703125 0.0265625 0.0140625
0 0.190625 0.34765625 0.1125 0.0421875
0 0.02265625 0.18046875 0.0453125 0.0921875
1 0.646875 0.1828125 0.25625 0.2875
1 0.58984375 0.23984375 0.1421875 0.2265625
2 0.41640625 0.940625 0.2046875 0.11875
2 0.284375 0.76953125 0.225 0.2078125
2 0.46484375 0.7765625 0.1078125 0.190625
2 0.1609375 0.56484375 0.228125 0.1515625
2 0.08203125 0.41953125 0.1640625 0.0984375
2 0.30234375 0.440625 0.2078125 0.0546875
2 0.40546875 0.553125 0.128125 0.1078125
0 0.73203125 0.746875 0.096875 0.23125
0 0.565625 0.746875 0.09375 0.15
0 0.91484375 0.59453125 0.1703125 0.1953125
0 0.60546875 0.5515625 0.1453125 0.1640625
0 0.93203125 0.90625 0.096875 0.1625
0 0.54609375 0.85234375 0.0546875 0.0640625
0 0.89453125 0.721875 0.109375 0.0546875