0 0.22265625 0.1078125 0.1046875 0.0703125
0 0.07734375 0.05390625 0.0796875 0.1078125
0 0.4859375 0.01796875 0.19375 0.0359375
0 0.01953125 0.3234375 0.0390625 0.03125
3 0.64765625 0.13515625 0.0578125 0.2703125
1 0.171875 0.56875 0.34375 0.2875
1 0.19296875 0.49609375 0.3859375 0.2640625
1 0.240625 0.45703125 0.29375 0.2359375
1 0.30078125 0.440625 0.2796875 0.203125
1 0.33984375 0.85 0.5578125 0.3
1 0.4328125 0.79453125 0.371875 0.4109375
1 0.4640625 0.65390625 0.309375 0.2984375
1 0.46640625 0.565625 0.3046875 0.265625
1 0.50546875 0.53125 0.2265625 0.234375
0 0.659375 0.9421875 0.08125 0.115625
0 0.690625 0.9109375 0.1203125 0.1375
0 0.859375 0.94375 0.175 0.1125
0 0.84765625 0.6625 0.2046875 0.1015625
0 0.825 0.52890625 0.1765625 0.090625
0 0.65 0.675 0.0625 0.1125
0 0.64375 0.74140625 0.05 0.1671875
0 0.64140625 0.94765625 0.0453125 0.1046875
0 0.89453125 0.803125 0.2109375 0.13125