0 0.0171875 0.46484375 0.034375 0.1203125
0 0.15234375 0.5109375 0.0453125 0.05625
0 0.0421875 0.51171875 0.0671875 0.053125
0 0.26328125 0.375 0.0359375 0.053125
0 0.4921875 0.2015625 0.034375 0.184375
0 0.403125 0.25859375 0.0765625 0.115625
0 0.17109375 0.1609375 0.0609375 0.103125
0 0.07578125 0.1734375 0.075 0.128125
0 0.0125 0.2234375 0.025 0.14375
0 0.26875 0.22265625 0.04375 0.1359375
0 0.3125 0.22734375 0.028125 0.1265625
0 0.2890625 0.03203125 0.059375 0.0640625
0 0.3921875 0.03203125 0.06875 0.0640625
0 0.48515625 0.0390625 0.0484375 0.078125
0 0.40390625 0.3953125 0.0390625 0.078125
0 0.45625 0.45703125 0.0453125 0.0796875
0 0.36015625 0.42421875 0.046875 0.05
0 0.21484375 0.44921875 0.034375 0.065625
0 0.12109375 0.41171875 0.0390625 0.053125
0 0.1734375 0.28359375 0.0546875 0.1109375
0 0.01796875 0.278125 0.0359375 0.11875
4 0.734375 0.2234375 0.14375 0.425
4 0.53125 0.17890625 0.04375 0.2640625
5 0.04453125 0.78125 0.0890625 0.1
5 0.04921875 0.7625 0.0984375 0.109375
5 0.16953125 0.871875 0.221875 0.121875
5 0.05234375 0.9109375 0.1046875 0.1625
5 0.03828125 0.91484375 0.0765625 0.1703125
5 0.37890625 0.84609375 0.1890625 0.0890625
5 0.18828125 0.9609375 0.2859375 0.078125
1 0.659375 0.85703125 0.3 0.2796875
1 0.85703125 0.84296875 0.2859375 0.2203125