0 0.40546875 0.24609375 0.259375 0.1625
0 0.0921875 0.18671875 0.184375 0.1828125
0 0.0453125 0.1234375 0.090625 0.2
0 0.4265625 0.04765625 0.21875 0.0953125
0 0.146875 0.0484375 0.29375 0.096875
0 0.0671875 0.35234375 0.134375 0.1296875
0 0.02734375 0.29609375 0.0546875 0.1765625
5 0.84609375 0.36015625 0.1546875 0.09375
5 0.72890625 0.35390625 0.075 0.05625
5 0.65625 0.3421875 0.0828125 0.05625
5 0.5875 0.33125 0.0375 0.046875
5 0.5875 0.3796875 0.0375 0.08125
5 0.59921875 0.425 0.0609375 0.096875
5 0.6953125 0.49296875 0.1125 0.0515625
5 0.2109375 0.628125 0.1515625 0.0421875
5 0.403125 0.5359375 0.103125 0.034375
5 0.30390625 0.559375 0.10625 0.078125
5 0.075 0.6234375 0.075 0.0375
5 0.02890625 0.6515625 0.0578125 0.06875
5 0.02578125 0.71796875 0.0515625 0.0390625
0 0.88359375 0.7390625 0.11875 0.0890625
0 0.890625 0.5453125 0.0875 0.053125
0 0.65390625 0.546875 0.0921875 0.05625
0 0.6453125 0.6171875 0.153125 0.196875
0 0.609375 0.78984375 0.08125 0.0828125
0 0.82421875 0.93046875 0.1046875 0.1390625