0 0.04375 0.5234375 0.0875 0.090625
0 0.03828125 0.37578125 0.04375 0.08125
0 0.16328125 0.40625 0.18125 0.1421875
0 0.3109375 0.459375 0.09375 0.1703125
0 0.02734375 0.46171875 0.0546875 0.1359375
0 0.02890625 0.3 0.0578125 0.159375
0 0.0265625 0.49453125 0.053125 0.1484375
0 0.03125 0.29375 0.0625 0.11875
0 0.015625 0.13984375 0.03125 0.0671875
0 0.01484375 0.284375 0.0296875 0.090625
0 0.18671875 0.5296875 0.1109375 0.075
2 0.975 0.3015625 0.05 0.1
2 0.5515625 0.3484375 0.275 0.1171875
2 0.58125 0.20703125 0.19375 0.14375
2 0.15 0.875 0.2046875 0.1125
2 0.1828125 0.759375 0.1671875 0.0671875
2 0.34140625 0.65546875 0.0546875 0.0796875
2 0.20390625 0.67578125 0.1703125 0.0515625
2 0.03046875 0.8734375 0.0609375 0.0875
2 0.02734375 0.77890625 0.0546875 0.0703125
2 0.04375 0.69921875 0.0875 0.0421875
2 0.0234375 0.8890625 0.046875 0.040625
0 0.434375 0.83359375 0.13125 0.2265625
0 0.7 0.8234375 0.371875 0.2015625
0 0.95546875 0.81796875 0.0890625 0.1765625