0 0.02421875 0.04453125 0.0484375 0.0890625
0 0.0234375 0.15234375 0.046875 0.0640625
0 0.025 0.1140625 0.05 0.096875
0 0.0234375 0.2703125 0.046875 0.096875
0 0.0203125 0.24765625 0.040625 0.1140625
0 0.140625 0.4984375 0.06875 0.140625
0 0.05390625 0.37578125 0.0484375 0.0828125
0 0.03125 0.4453125 0.0625 0.159375
0 0.24609375 0.43203125 0.109375 0.0859375
0 0.321875 0.4125 0.015625 0.15625
0 0.2234375 0.25078125 0.125 0.0875
0 0.23828125 0.1265625 0.1265625 0.1125
0 0.015625 0.0171875 0.03125 0.034375
0 0.01328125 0.01953125 0.0265625 0.0390625
0 0.084375 0.07109375 0.0703125 0.06875
3 0.57734375 0.41328125 0.4671875 0.3109375
3 0.14140625 0.6125 0.1421875 0.0875
3 0.2296875 0.74921875 0.2 0.1484375