0 0.46171875 0.02265625 0.0765625 0.0453125
0 0.075 0.0296875 0.053125 0.059375
0 0.01484375 0.20625 0.0296875 0.209375
0 0.3015625 0.18046875 0.1328125 0.3109375
0 0.43359375 0.18671875 0.1328125 0.2109375
3 0.51875 0.02109375 0.0375 0.0421875
3 0.1515625 0.809375 0.303125 0.38125
3 0.4109375 0.7296875 0.178125 0.540625
5 0.72421875 0.5671875 0.1078125 0.140625
5 0.821875 0.5515625 0.0578125 0.128125
5 0.60703125 0.57265625 0.0765625 0.078125
5 0.89375 0.81796875 0.0796875 0.09375
5 0.94921875 0.4890625 0.1015625 0.059375
5 0.90546875 0.48203125 0.1609375 0.0453125
5 0.76796875 0.48671875 0.1390625 0.0546875
5 0.61875 0.48984375 0.165625 0.0609375
5 0.6453125 0.48046875 0.140625 0.0421875
5 0.53671875 0.49609375 0.0734375 0.0734375
5 0.5453125 0.48671875 0.090625 0.0546875
5 0.53828125 0.49453125 0.0765625 0.0703125
5 0.53359375 0.50078125 0.0671875 0.0828125