0 0.325 0.46328125 0.065625 0.0765625
0 0.43125 0.45859375 0.0375 0.0859375
0 0.22109375 0.39375 0.040625 0.0515625
0 0.15234375 0.38671875 0.0375 0.078125
0 0.00703125 0.38203125 0.0140625 0.0734375
0 0.01015625 0.36953125 0.0203125 0.0546875
0 0.309375 0.2328125 0.05 0.059375
0 0.365625 0.3375 0.0515625 0.096875
0 0.03046875 0.1953125 0.0609375 0.078125
0 0.10390625 0.09296875 0.0671875 0.075
0 0.478125 0.471875 0.0421875 0.0609375
0 0.45625 0.3203125 0.0125 0.075
0 0.48046875 0.465625 0.0421875 0.065625
0 0.4828125 0.30625 0.059375 0.1140625
0 0.6609375 0.340625 0.040625 0.0609375
0 0.83984375 0.32109375 0.0609375 0.0359375
0 0.98671875 0.27578125 0.0265625 0.0765625
0 0.63828125 0.16875 0.0296875 0.040625
3 0.26953125 0.5828125 0.1421875 0.0875
3 0.35390625 0.69921875 0.1921875 0.1484375
3 0.63515625 0.7375 0.2953125 0.396875