0 0.14296875 0.2734375 0.0515625 0.09375
0 0.0921875 0.3984375 0.059375 0.08125
0 0.2015625 0.075 0.096875 0.0578125
0 0.1953125 0.165625 0.059375 0.0828125
0 0.08671875 0.13046875 0.0390625 0.1203125
0 0.02890625 0.1140625 0.0578125 0.103125
0 0.21015625 0.35703125 0.075 0.1203125
1 0.7296875 0.2328125 0.1609375 0.1125
1 0.8453125 0.26015625 0.2203125 0.134375
1 0.6578125 0.36640625 0.434375 0.1453125
1 0.909375 0.41484375 0.18125 0.0484375
1 0.97890625 0.29375 0.0421875 0.115625
1 0.6421875 0.3921875 0.140625 0.09375
1 0.07109375 0.94453125 0.1015625 0.1078125
1 0.08671875 0.85390625 0.153125 0.1140625
1 0.19609375 0.84921875 0.1453125 0.1328125
1 0.2484375 0.85234375 0.040625 0.1203125
1 0.2390625 0.93984375 0.059375 0.1203125
1 0.0703125 0.94296875 0.121875 0.1140625
1 0.0375 0.94296875 0.075 0.1140625
1 0.03515625 0.8484375 0.0703125 0.146875
1 0.03203125 0.76875 0.0640625 0.115625
1 0.04296875 0.68125 0.0859375 0.103125
1 0.103125 0.69453125 0.153125 0.1625
1 0.1171875 0.61015625 0.1453125 0.10625
1 0.20703125 0.61171875 0.1234375 0.1015625
1 0.02421875 0.48046875 0.0484375 0.0640625
1 0.03203125 0.47890625 0.0640625 0.0796875
1 0.0546875 0.484375 0.109375 0.090625
1 0.14765625 0.47578125 0.1171875 0.0734375
1 0.03046875 0.85 0.0609375 0.103125
0 0.621875 0.828125 0.2109375 0.2625