0 0.0609375 0.45390625 0.121875 0.0703125
0 0.39921875 0.46015625 0.1859375 0.0578125
0 0.30546875 0.38828125 0.2140625 0.053125
3 0.59296875 0.2921875 0.1390625 0.39375
2 0.321875 0.93828125 0.23125 0.1234375
2 0.2859375 0.68203125 0.19375 0.2375
2 0.06640625 0.6875 0.1328125 0.396875
1 0.575 0.98984375 0.13125 0.0203125
1 0.73515625 0.8640625 0.4125 0.1484375
1 0.58671875 0.825 0.1546875 0.109375
1 0.8 0.746875 0.4 0.084375
1 0.590625 0.7546875 0.1625 0.059375
1 0.61796875 0.70703125 0.2171875 0.0546875
1 0.8390625 0.7015625 0.321875 0.053125