0 0.74921875 0.178125 0.034375 0.078125
0 0.740625 0.8640625 0.140625 0.2140625
0 0.86875 0.95 0.059375 0.1
0 0.94375 0.7671875 0.03125 0.0703125
0 0.62734375 0.88515625 0.0890625 0.1078125
0 0.43828125 0.87734375 0.0828125 0.10625
0 0.315625 0.85 0.0734375 0.1203125
0 0.2265625 0.88359375 0.0796875 0.1
0 0.13046875 0.953125 0.0625 0.0875
0 0.140625 0.82109375 0.046875 0.090625
0 0.175 0.7015625 0.040625 0.059375
0 0.0546875 0.55078125 0.0265625 0.075
0 0.86796875 0.86875 0.0375 0.05625
0 0.89609375 0.5421875 0.0359375 0.05625
0 0.17734375 0.6953125 0.040625 0.065625
0 0.1796875 0.5359375 0.0609375 0.1140625
0 0.3578125 0.5703125 0.040625 0.0609375
0 0.53671875 0.55078125 0.059375 0.0359375
0 0.68984375 0.50625 0.0375 0.075
0 0.33515625 0.3984375 0.0296875 0.0421875