0 0.0171875 0.35234375 0.034375 0.0734375
0 0.27734375 0.2859375 0.0359375 0.053125
0 0.609375 0.3765625 0.059375 0.025
0 0.52109375 0.1125 0.0625 0.184375
0 0.4171875 0.16953125 0.0765625 0.115625
0 0.18515625 0.071875 0.0609375 0.103125
0 0.08984375 0.084375 0.075 0.128125
0 0.0125 0.134375 0.025 0.14375
0 0.2828125 0.13359375 0.04375 0.1359375
0 0.3265625 0.13828125 0.028125 0.1265625
0 0.61953125 0.0484375 0.0390625 0.0375
0 0.303125 0.03125 0.059375 0.0625
0 0.40625 0.03203125 0.06875 0.0640625
0 0.50546875 0.0390625 0.0609375 0.078125
0 0.59453125 0.02734375 0.0703125 0.0546875
0 0.41796875 0.30625 0.0390625 0.078125
0 0.46953125 0.35859375 0.0453125 0.0609375
0 0.37421875 0.33515625 0.046875 0.05
0 0.228125 0.3578125 0.034375 0.0625
0 0.13515625 0.32265625 0.0390625 0.053125
0 0.1875 0.19453125 0.0546875 0.1125
0 0.01796875 0.1890625 0.0359375 0.11875
0 0.63046875 0.17890625 0.0171875 0.0703125
2 0.81484375 0.2765625 0.3515625 0.225
2 0.81953125 0.0578125 0.3609375 0.115625
2 0.81953125 0.8328125 0.3609375 0.125
2 0.7921875 0.696875 0.30625 0.071875
2 0.66953125 0.82890625 0.0609375 0.1390625
2 0.68203125 0.69140625 0.0859375 0.0609375