0 0.35859375 0.09765625 0.1640625 0.146875
1 0.20546875 0.95390625 0.4109375 0.0921875
1 0.2421875 0.84296875 0.309375 0.1875
1 0.48515625 0.84375 0.3296875 0.20625
1 0.61875 0.859375 0.0625 0.215625
1 0.09375 0.85859375 0.1875 0.2140625
2 0.7515625 0.89921875 0.203125 0.2015625
2 0.67734375 0.9015625 0.0546875 0.196875
2 0.79609375 0.7234375 0.265625 0.1703125
2 0.675 0.74765625 0.05 0.0546875
2 0.6828125 0.68125 0.065625 0.159375
2 0.69296875 0.609375 0.0859375 0.134375
2 0.7046875 0.54375 0.109375 0.0875
2 0.94765625 0.503125 0.1046875 0.121875
2 0.9578125 0.62578125 0.084375 0.0921875
2 0.83203125 0.53359375 0.1125 0.1640625