0 0.05625 0.3265625 0.1125 0.065625
5 0.95546875 0.04140625 0.0890625 0.0828125
5 0.896875 0.1390625 0.1203125 0.240625
5 0.98046875 0.19375 0.0390625 0.2625
5 0.78125 0.16953125 0.10625 0.165625
5 0.8328125 0.05625 0.153125 0.1125
5 0.67109375 0.04375 0.1640625 0.0875
5 0.66875 0.07421875 0.1640625 0.1453125
5 0.53203125 0.19921875 0.1953125 0.1546875
5 0.75859375 0.2921875 0.2125 0.13125
5 0.94375 0.31640625 0.1125 0.0859375
5 0.38828125 0.1484375 0.1390625 0.165625
5 0.35 0.1296875 0.0625 0.115625
5 0.48359375 0.03046875 0.1484375 0.0609375
5 0.540625 0.11171875 0.1390625 0.0875
5 0.5203125 0.02890625 0.159375 0.0578125
5 0.378125 0.0359375 0.11875 0.071875
5 0.36015625 0.0203125 0.0828125 0.040625
5 0.36171875 0.04296875 0.0859375 0.0859375
5 0.3453125 0.1296875 0.053125 0.071875
5 0.9234375 0.02734375 0.153125 0.0546875
5 0.7671875 0.01640625 0.15625 0.0328125
5 0.59921875 0.03125 0.1390625 0.0625
5 0.4296875 0.03828125 0.159375 0.0765625
5 0.3515625 0.0359375 0.065625 0.071875
5 0.765625 0.0203125 0.109375 0.040625
5 0.6109375 0.0203125 0.14375 0.040625
3 0.29765625 0.85 0.0421875 0.3
3 0.1171875 0.75 0.15625 0.0671875