0 0.10234375 0.36328125 0.059375 0.0515625
0 0.0203125 0.25390625 0.040625 0.0421875
0 0.021875 0.3609375 0.04375 0.065625
0 0.02109375 0.2265625 0.0421875 0.04375
0 0.06328125 0.1734375 0.0609375 0.125
0 0.0203125 0.18671875 0.040625 0.0546875
0 0.2234375 0.015625 0.053125 0.03125
0 0.15625 0.02421875 0.065625 0.0484375
0 0.36328125 0.15390625 0.065625 0.05625
0 0.38125 0.26171875 0.05625 0.0609375
0 0.1953125 0.19609375 0.0703125 0.1140625
0 0.359375 0.01328125 0.01875 0.0265625
0 0.38046875 0.03984375 0.0578125 0.0203125
0 0.0265625 0.0796875 0.053125 0.078125
0 0.23984375 0.01171875 0.0578125 0.0234375
0 0.01015625 0.38125 0.0203125 0.0375
1 0.7046875 0.2 0.590625 0.4
0 0.35859375 0.70390625 0.1015625 0.0890625
0 0.165625 0.725 0.1453125 0.08125
0 0.03671875 0.7484375 0.0734375 0.090625
0 0.69453125 0.54921875 0.14375 0.1453125
0 0.86328125 0.8421875 0.0875 0.1
0 0.81171875 0.98828125 0.0578125 0.0234375
0 0.7484375 0.9109375 0.1015625 0.103125
0 0.971875 0.71953125 0.05625 0.1265625
0 0.9671875 0.57265625 0.059375 0.1359375
0 0.86015625 0.7328125 0.0890625 0.0984375
0 0.44140625 0.934375 0.0640625 0.06875
0 0.62734375 0.7390625 0.065625 0.0859375
0 0.7375 0.4359375 0.05 0.071875
0 0.85546875 0.44375 0.071875 0.075
0 0.43828125 0.7390625 0.0578125 0.05