0 0.10703125 0.03984375 0.2140625 0.0796875
0 0.4421875 0.015625 0.1375 0.03125
0 0.23203125 0.0265625 0.1984375 0.053125
0 0.0265625 0.01875 0.053125 0.0375
0 0.0125 0.1796875 0.025 0.040625
2 0.61953125 0.19375 0.1015625 0.3875
2 0.759375 0.296875 0.140625 0.365625
2 0.92578125 0.3359375 0.1484375 0.2875
5 0.5859375 0.56015625 0.034375 0.1484375
5 0.58359375 0.50390625 0.0296875 0.0484375
5 0.64140625 0.5 0.0828125 0.040625
5 0.725 0.51015625 0.06875 0.0609375
5 0.79609375 0.5140625 0.0484375 0.06875
5 0.8703125 0.50390625 0.06875 0.0484375
5 0.91484375 0.56640625 0.0578125 0.0765625
5 0.9609375 0.8390625 0.078125 0.15
5 0.8671875 0.7890625 0.075 0.153125
5 0.778125 0.8203125 0.08125 0.1171875
5 0.6671875 0.81484375 0.1015625 0.146875
5 0.59140625 0.8109375 0.0453125 0.096875
5 0.58984375 0.86875 0.0421875 0.14375
5 0.58671875 0.9578125 0.0359375 0.084375
5 0.7171875 0.96640625 0.0359375 0.0640625
5 0.7140625 0.6 0.0515625 0.090625