0 0.34375 0.26875 0.0890625 0.1078125
0 0.121875 0.52265625 0.13125 0.0328125
0 0.2046875 0.45625 0.078125 0.065625
3 0.5421875 0.44921875 0.1625 0.1796875
3 0.4515625 0.02109375 0.04375 0.0421875
1 0.16953125 0.85234375 0.3390625 0.2953125
1 0.20546875 0.73203125 0.4109375 0.3796875
1 0.21484375 0.88828125 0.4296875 0.2234375
1 0.084375 0.6828125 0.16875 0.253125
1 0.09296875 0.64140625 0.1859375 0.2046875
0 0.9578125 0.86484375 0.084375 0.0734375
0 0.95 0.70234375 0.1 0.1421875
0 0.98359375 0.60546875 0.0328125 0.0609375