0 0.390625 0.38046875 0.01875 0.1171875
0 0.2 0.5203125 0.065625 0.059375
0 0.3203125 0.515625 0.065625 0.06875
0 0.09609375 0.459375 0.040625 0.0515625
0 0.02734375 0.45234375 0.0375 0.078125
0 0.00625 0.44765625 0.0125 0.0734375
0 0.01015625 0.43515625 0.0203125 0.0546875
0 0.184375 0.2984375 0.05 0.059375
0 0.240625 0.403125 0.0515625 0.096875
0 0.021875 0.2609375 0.04375 0.078125
0 0.01640625 0.1578125 0.0328125 0.075
5 0.75078125 0.3640625 0.3171875 0.371875
5 0.453125 0.28515625 0.10625 0.5296875
5 0.58046875 0.03359375 0.2640625 0.0671875
5 0.84765625 0.03828125 0.2421875 0.0765625
5 0.44609375 0.03046875 0.0921875 0.0609375
5 0.3421875 0.56640625 0.115625 0.0328125
5 0.23515625 0.6984375 0.3296875 0.296875
2 0.92578125 0.6390625 0.1484375 0.178125
2 0.890625 0.79765625 0.1765625 0.1140625
2 0.73515625 0.66796875 0.175 0.1640625
2 0.7125 0.80078125 0.159375 0.0859375
2 0.5578125 0.68828125 0.1484375 0.1328125
2 0.50859375 0.81484375 0.1671875 0.0890625
2 0.425 0.809375 0.05 0.128125
2 0.7125 0.58359375 0.1625 0.0671875
2 0.43125 0.67734375 0.0625 0.0859375
2 0.5515625 0.5796875 0.109375 0.059375
2 0.92265625 0.565625 0.1546875 0.03125