1 0.796875 0.38984375 0.40625 0.2796875
1 0.8703125 0.13984375 0.228125 0.2796875
1 0.79375 0.103125 0.18125 0.20625
1 0.67578125 0.309375 0.3734375 0.440625
1 0.61015625 0.23671875 0.2421875 0.4234375
5 0.3796875 0.56484375 0.21875 0.0703125
5 0.175 0.55546875 0.190625 0.0515625
5 0.0546875 0.55078125 0.109375 0.0421875
5 0.0390625 0.559375 0.078125 0.059375
5 0.03828125 0.81484375 0.0765625 0.1421875
5 0.05 0.834375 0.1 0.140625
5 0.215625 0.8640625 0.1984375 0.1515625
5 0.39375 0.8640625 0.1125 0.1859375
3 0.59140625 0.96484375 0.1328125 0.0703125