0 0.08828125 0.3859375 0.1765625 0.303125
0 0.02265625 0.25390625 0.0453125 0.0734375
2 0.80703125 0.59609375 0.153125 0.0859375
5 0.34453125 0.6828125 0.1078125 0.028125
5 0.26328125 0.684375 0.0859375 0.03125
5 0.17421875 0.6859375 0.0890625 0.034375
5 0.1203125 0.6890625 0.11875 0.040625
5 0.02578125 0.68125 0.0515625 0.025
5 0.03203125 0.6890625 0.0640625 0.040625
5 0.015625 0.70546875 0.03125 0.0734375
5 0.015625 0.68515625 0.03125 0.0328125
5 0.02109375 0.6890625 0.0421875 0.040625
5 0.09765625 0.68515625 0.0828125 0.0328125
5 0.1765625 0.6953125 0.075 0.053125
5 0.0265625 0.81640625 0.053125 0.0859375
5 0.04140625 0.96328125 0.0828125 0.0734375
5 0.128125 0.94375 0.103125 0.078125
5 0.20859375 0.846875 0.0609375 0.0546875
5 0.2953125 0.7703125 0.109375 0.0671875
5 0.2609375 0.7078125 0.096875 0.078125
5 0.3578125 0.68671875 0.084375 0.0359375
5 0.3765625 0.690625 0.046875 0.04375
5 0.31640625 0.7140625 0.1046875 0.090625
1 0.65 0.834375 0.5 0.33125
1 0.7609375 0.8234375 0.478125 0.309375
1 0.871875 0.7453125 0.25625 0.153125
1 0.49921875 0.72734375 0.1984375 0.1171875
1 0.5609375 0.72109375 0.321875 0.1046875
1 0.709375 0.7234375 0.31875 0.109375
1 0.821875 0.71484375 0.28125 0.0921875
1 0.90703125 0.7046875 0.1859375 0.071875
1 0.48203125 0.71640625 0.1640625 0.0953125
1 0.5546875 0.70625 0.259375 0.075
1 0.67265625 0.703125 0.2484375 0.06875