0 0.1859375 0.3734375 0.1265625 0.084375
0 0.43671875 0.2390625 0.1796875 0.1359375
0 0.02734375 0.26875 0.0546875 0.1375
0 0.3953125 0.48828125 0.1125 0.0609375
0 0.20546875 0.08984375 0.234375 0.128125
1 0.78359375 0.27265625 0.3890625 0.4921875
1 0.79453125 0.371875 0.4109375 0.29375
1 0.63984375 0.0484375 0.1015625 0.096875
1 0.6671875 0.096875 0.15625 0.19375
0 0.2546875 0.7875 0.178125 0.128125
0 0.575 0.6203125 0.028125 0.08125
0 0.4828125 0.7078125 0.109375 0.1375
0 0.2609375 0.571875 0.11875 0.10625
0 0.0390625 0.76015625 0.078125 0.1890625
0 0.03203125 0.55859375 0.0640625 0.0796875
0 0.24609375 0.53515625 0.0640625 0.0328125
0 0.44921875 0.546875 0.0609375 0.05625
1 0.72109375 0.9640625 0.2640625 0.071875
1 0.66015625 0.94921875 0.1421875 0.1015625
1 0.68125 0.88125 0.184375 0.128125
1 0.86171875 0.7265625 0.2765625 0.115625