0 0.34296875 0.33359375 0.2171875 0.059375
0 0.4078125 0.42578125 0.103125 0.0671875
0 0.259375 0.41328125 0.153125 0.075
0 0.1359375 0.290625 0.1546875 0.075
0 0.02578125 0.27421875 0.0515625 0.0578125
0 0.90234375 0.0765625 0.1953125 0.153125
0 0.78203125 0.0375 0.1265625 0.075
0 0.80078125 0.17734375 0.184375 0.178125
0 0.9484375 0.15234375 0.0875 0.2078125
0 0.73125 0.4359375 0.13125 0.046875
0 0.53203125 0.4125 0.1265625 0.09375
0 0.915625 0.42578125 0.084375 0.0671875
0 0.6359375 0.04140625 0.134375 0.0828125
4 0.31015625 0.85859375 0.1578125 0.1796875
4 0.27265625 0.6390625 0.109375 0.1046875
4 0.16953125 0.62578125 0.1265625 0.0984375
4 0.11015625 0.52890625 0.1 0.075
4 0.0359375 0.70078125 0.071875 0.1078125
4 0.38359375 0.490625 0.1515625 0.0625
1 0.53125 0.93984375 0.14375 0.1203125
1 0.659375 0.92265625 0.309375 0.1546875
1 0.525 0.890625 0.13125 0.1375