0 0.0734375 0.3578125 0.096875 0.159375
0 0.18203125 0.48671875 0.1109375 0.0859375
0 0.02734375 0.22890625 0.0546875 0.1859375
0 0.05 0.13828125 0.1 0.2046875
0 0.02734375 0.1328125 0.0546875 0.184375
0 0.028125 0.48125 0.05625 0.096875
4 0.04375 0.878125 0.0875 0.24375
0 0.5421875 0.9421875 0.065625 0.115625
0 0.52578125 0.7046875 0.0328125 0.08125
0 0.53125 0.86328125 0.04375 0.0671875
0 0.52578125 0.80234375 0.0328125 0.0609375
0 0.57890625 0.90390625 0.053125 0.0921875
0 0.7015625 0.790625 0.040625 0.090625
0 0.5296875 0.54453125 0.040625 0.0296875
0 0.5296875 0.55078125 0.040625 0.0421875
0 0.52734375 0.6 0.0359375 0.075
0 0.53203125 0.6625 0.0453125 0.090625
0 0.52421875 0.85703125 0.0296875 0.1734375
0 0.85859375 0.9734375 0.0640625 0.053125
0 0.90546875 0.77109375 0.0328125 0.103125
0 0.69140625 0.909375 0.0578125 0.0875