0 0.025 0.2625 0.05 0.103125
0 0.01875 0.22578125 0.0375 0.0734375
0 0.01484375 0.253125 0.0296875 0.10625
0 0.0625 0.240625 0.0671875 0.0734375
0 0.40625 0.2375 0.025 0.10625
0 0.490625 0.22421875 0.0953125 0.10625
0 0.1765625 0.40625 0.196875 0.153125
0 0.059375 0.5625 0.11875 0.1
0 0.0828125 0.7140625 0.165625 0.178125
0 0.221875 0.68984375 0.0859375 0.2078125
0 0.03125 0.9515625 0.0625 0.096875
0 0.1890625 0.96484375 0.084375 0.0703125
0 0.03359375 0.54375 0.0671875 0.153125
0 0.78125 0.60546875 0.29375 0.284375