0 0.09609375 0.340625 0.1921875 0.253125
1 0.184375 0.815625 0.36875 0.36875
1 0.22734375 0.80703125 0.4046875 0.3859375
1 0.28203125 0.7609375 0.2953125 0.384375
1 0.3140625 0.74296875 0.23125 0.3984375
1 0.3359375 0.709375 0.1875 0.36875
1 0.06875 0.6015625 0.1375 0.24375
1 0.1109375 0.5953125 0.221875 0.23125
1 0.12890625 0.58515625 0.2578125 0.2109375
1 0.14375 0.5703125 0.2875 0.18125
1 0.2078125 0.559375 0.2625 0.159375
4 0.68125 0.51015625 0.0625 0.0609375
4 0.82265625 0.51171875 0.0859375 0.0640625
4 0.8890625 0.86640625 0.078125 0.1765625
4 0.72578125 0.66796875 0.06875 0.0921875