0 0.0125 0.06796875 0.025 0.0921875
0 0.1203125 0.02265625 0.06875 0.0453125
0 0.09375 0.00859375 0.06875 0.0171875
0 0.0265625 0.25234375 0.053125 0.1171875
0 0.01484375 0.2203125 0.0296875 0.134375
0 0.03203125 0.23125 0.0640625 0.065625
0 0.34609375 0.025 0.0484375 0.05
0 0.42734375 0.0234375 0.1046875 0.046875
0 0.41640625 0.11640625 0.0484375 0.11875
0 0.36953125 0.17578125 0.05625 0.0640625
0 0.25703125 0.0109375 0.0984375 0.021875
0 0.0234375 0.0140625 0.046875 0.028125
0 0.0140625 0.0203125 0.028125 0.040625
0 0.009375 0.0296875 0.01875 0.059375
0 0.01640625 0.025 0.0328125 0.05
0 0.01875 0.15234375 0.0375 0.1203125
0 0.23515625 0.0921875 0.046875 0.1140625
0 0.3328125 0.0640625 0.0953125 0.1015625
0 0.065625 0.13671875 0.078125 0.0890625
0 0.03359375 0.01875 0.0578125 0.0375
2 0.55703125 0.23515625 0.1140625 0.2953125
2 0.9125 0.05234375 0.175 0.1046875
2 0.58125 0.0375 0.1625 0.075
2 0.73671875 0.1359375 0.290625 0.1984375
0 0.68203125 0.8359375 0.3640625 0.253125