0 0.02421875 0.4140625 0.0484375 0.071875
0 0.01171875 0.10390625 0.0234375 0.0640625
0 0.01171875 0.10703125 0.0234375 0.0859375
0 0.00859375 0.17890625 0.0171875 0.0640625
0 0.01875 0.31015625 0.0375 0.0734375
0 0.47734375 0.39296875 0.0453125 0.1140625
0 0.29765625 0.41875 0.0828125 0.0625
0 0.1328125 0.02421875 0.059375 0.0484375
1 0.5203125 0.41953125 0.040625 0.0609375
1 0.515625 0.4328125 0.03125 0.034375
1 0.5171875 0.42734375 0.034375 0.0453125
1 0.5140625 0.41953125 0.028125 0.0609375
1 0.51796875 0.4328125 0.0359375 0.034375
1 0.5125 0.39609375 0.025 0.0578125
1 0.51640625 0.41484375 0.0328125 0.0640625
1 0.51640625 0.4 0.0328125 0.053125
1 0.51953125 0.40078125 0.0390625 0.0484375
1 0.5203125 0.3640625 0.040625 0.04375
1 0.51640625 0.353125 0.0328125 0.0625
1 0.51796875 0.35234375 0.0359375 0.0640625
1 0.53203125 0.2734375 0.0640625 0.065625
1 0.5234375 0.271875 0.046875 0.0875
1 0.54609375 0.303125 0.0921875 0.090625
1 0.59609375 0.33828125 0.1484375 0.09375
1 0.67890625 0.37578125 0.1203125 0.078125
1 0.60546875 0.22421875 0.1015625 0.059375
1 0.6515625 0.2375 0.0859375 0.06875
1 0.7125 0.2734375 0.090625 0.0703125
1 0.76953125 0.3 0.0890625 0.0703125
1 0.53046875 0.14140625 0.0609375 0.0671875
1 0.5203125 0.159375 0.040625 0.103125
1 0.521875 0.23828125 0.04375 0.1078125
1 0.521875 0.11953125 0.04375 0.0515625
2 0.29140625 0.48125 0.2765625 0.0625
2 0.1390625 0.60859375 0.278125 0.1453125
2 0.375 0.7859375 0.25 0.0875
2 0.121875 0.7734375 0.24375 0.11875
4 0.65546875 0.74375 0.3109375 0.184375