0 0.03671875 0.071875 0.0734375 0.14375
0 0.3875 0.121875 0.125 0.24375
1 0.725 0.24765625 0.55 0.4796875
1 0.62265625 0.1640625 0.3453125 0.328125
1 0.7671875 0.0453125 0.465625 0.090625
2 0.05 0.90625 0.1 0.1875
2 0.11953125 0.91953125 0.2125 0.15625
2 0.07890625 0.7421875 0.1578125 0.084375
2 0.034375 0.7453125 0.06875 0.1
2 0.034375 0.58359375 0.06875 0.1015625
2 0.06796875 0.60703125 0.1359375 0.0890625
2 0.31640625 0.7375 0.20625 0.1046875
2 0.43125 0.90703125 0.0375 0.1234375
2 0.2921875 0.95390625 0.0875 0.0921875
2 0.20234375 0.6546875 0.078125 0.05625
2 0.3421875 0.85390625 0.0890625 0.0875
3 0.88984375 0.709375 0.2203125 0.38125
3 0.509375 0.6078125 0.11875 0.178125