0 0.24453125 0.03125 0.171875 0.0609375
0 0.28828125 0.1921875 0.1609375 0.0953125
0 0.04140625 0.1671875 0.0828125 0.15
0 0.071875 0.33671875 0.090625 0.0859375
0 0.56796875 0.31484375 0.0640625 0.0703125
0 0.24453125 0.34921875 0.0859375 0.0609375
3 0.7890625 0.275 0.240625 0.209375
2 0.625 0.42890625 0.0875 0.0984375
2 0.59609375 0.70390625 0.1453125 0.0953125
2 0.3765625 0.49609375 0.10625 0.2328125
2 0.465625 0.415625 0.1375 0.071875
2 0.253125 0.4015625 0.15 0.04375
2 0.1421875 0.7015625 0.0875 0.1875
2 0.27890625 0.8015625 0.0734375 0.11875
2 0.1640625 0.4484375 0.096875 0.1375
1 0.834375 0.68984375 0.33125 0.6203125