0 0.271875 0.4421875 0.115625 0.14375
0 0.07109375 0.5 0.0671875 0.078125
0 0.0234375 0.2375 0.046875 0.090625
0 0.153125 0.3234375 0.0796875 0.15625
4 0.4 0.0625 0.121875 0.125
4 0.4015625 0.30859375 0.125 0.2984375
4 0.55234375 0.0734375 0.1984375 0.146875
4 0.42578125 0.3671875 0.171875 0.2390625
2 0.278125 0.7125 0.121875 0.34375
2 0.259375 0.9484375 0.159375 0.103125
2 0.09921875 0.7234375 0.1984375 0.303125
2 0.08203125 0.94765625 0.1640625 0.1046875
1 0.49921875 0.6984375 0.3203125 0.225
1 0.77578125 0.71171875 0.440625 0.21875
1 0.91953125 0.6984375 0.1609375 0.21875
1 0.79609375 0.8640625 0.4078125 0.271875
1 0.55 0.875 0.421875 0.25