0 0.2171875 0.2734375 0.159375 0.13125
0 0.025 0.08671875 0.05 0.1265625
0 0.04453125 0.303125 0.0890625 0.071875
0 0.44140625 0.24140625 0.1484375 0.153125
0 0.5890625 0.30078125 0.08125 0.0765625
0 0.18984375 0.0625 0.1140625 0.125
0 0.32890625 0.03359375 0.1296875 0.0671875
0 0.4890625 0.021875 0.109375 0.04375
0 0.0171875 0.01484375 0.034375 0.0296875
0 0.14609375 0.015625 0.1203125 0.03125
3 0.875 0.053125 0.25 0.10625
4 0.4703125 0.4625 0.14375 0.246875
4 0.4234375 0.86953125 0.175 0.2609375
4 0.04375 0.85 0.0875 0.3
4 0.078125 0.4046875 0.0875 0.13125
1 0.75625 0.89609375 0.253125 0.2078125
1 0.8296875 0.7953125 0.25625 0.15625
1 0.76328125 0.6125 0.2671875 0.2375
1 0.73125 0.7046875 0.203125 0.25