0 0.04921875 0.31640625 0.0984375 0.1140625
0 0.015625 0.27734375 0.03125 0.0953125
0 0.01953125 0.38515625 0.0390625 0.1734375
0 0.303125 0.2140625 0.03125 0.1
0 0.29296875 0.0609375 0.0515625 0.09375
0 0.0453125 0.0703125 0.090625 0.09375
0 0.16875 0.0484375 0.0953125 0.0828125
0 0.13515625 0.01171875 0.0484375 0.0234375
0 0.08359375 0.028125 0.0390625 0.05625
0 0.009375 0.01796875 0.01875 0.0359375
0 0.0125 0.0390625 0.025 0.06875
0 0.015625 0.01484375 0.03125 0.0296875
0 0.00703125 0.11796875 0.0140625 0.0578125
1 0.659375 0.24453125 0.68125 0.4890625
5 0.07265625 0.54921875 0.1453125 0.1203125
5 0.2484375 0.55390625 0.140625 0.1296875
5 0.278125 0.69765625 0.08125 0.1109375
5 0.1234375 0.615625 0.246875 0.18125
5 0.025 0.51953125 0.05 0.0609375
5 0.02734375 0.72890625 0.0546875 0.1765625
5 0.04609375 0.5078125 0.0921875 0.0375
5 0.05 0.6046875 0.1 0.084375
5 0.02890625 0.55859375 0.0578125 0.1390625
2 0.415625 0.9671875 0.19375 0.065625
2 0.634375 0.95859375 0.1609375 0.0625
2 0.365625 0.7953125 0.09375 0.19375
2 0.3453125 0.5984375 0.053125 0.159375
2 0.54375 0.775 0.234375 0.203125
2 0.959375 0.7109375 0.08125 0.246875