0 0.090625 0.31796875 0.125 0.10625
0 0.01953125 0.29296875 0.0390625 0.1078125
0 0.3234375 0.3125 0.071875 0.075
5 0.9796875 0.02109375 0.040625 0.0421875
5 0.8390625 0.02890625 0.109375 0.0578125
5 0.7984375 0.03359375 0.19375 0.0671875
5 0.6203125 0.028125 0.16875 0.05625
5 0.47265625 0.021875 0.1765625 0.04375
0 0.2890625 0.13215625 0.072921875 0.118484375
5 0.39453125 0.01953125 0.0703125 0.0390625
5 0.39296875 0.01875 0.0671875 0.0375
5 0.3828125 0.01484375 0.046875 0.0296875
5 0.38828125 0.02578125 0.0578125 0.0515625
5 0.3890625 0.025 0.059375 0.05
5 0.38203125 0.02265625 0.0453125 0.0453125
5 0.4546875 0.02265625 0.09375 0.0453125
5 0.5859375 0.025 0.1 0.05
5 0.728125 0.040625 0.20625 0.08125
5 0.53359375 0.03125 0.1203125 0.0625
5 0.409375 0.03671875 0.1 0.0734375
5 0.74609375 0.115625 0.1015625 0.075
2 0.084375 0.74296875 0.16875 0.1078125
2 0.121875 0.75859375 0.24375 0.0921875
1 0.48984375 0.8390625 0.2609375 0.10625
1 0.7328125 0.91484375 0.534375 0.1703125
1 0.48515625 0.92421875 0.2515625 0.1515625
1 0.734375 0.78828125 0.53125 0.1453125
1 0.74921875 0.7203125 0.5015625 0.09375
0 0.154953125 0.1295625 0.1484375 0.110671875
0 0.127609375 0.029953125000000004 0.072921875 0.0546875