0 0.24765625 0.08046875 0.1703125 0.1609375
0 0.0703125 0.04453125 0.140625 0.0890625
0 0.04375 0.09921875 0.0875 0.1984375
0 0.0453125 0.2390625 0.090625 0.396875
0 0.2359375 0.34921875 0.2125 0.3203125
0 0.0296875 0.41484375 0.059375 0.1890625
0 0.0328125 0.3734375 0.065625 0.271875
0 0.4890625 0.94921875 0.059375 0.1015625
0 0.03046875 0.896875 0.0609375 0.20625
0 0.4296875 0.7921875 0.11875 0.184375
0 0.33984375 0.96328125 0.1890625 0.0734375
0 0.3875 0.54140625 0.08125 0.0640625
0 0.3171875 0.5296875 0.0875 0.040625
0 0.21171875 0.56640625 0.0296875 0.1140625
0 0.04296875 0.74921875 0.0859375 0.1828125
0 0.103125 0.70390625 0.20625 0.1296875
0 0.1359375 0.8984375 0.1125 0.203125
0 0.03125 0.9359375 0.0625 0.128125
5 0.59921875 0.58203125 0.1609375 0.1453125
5 0.82890625 0.5546875 0.2078125 0.090625
0 0.675 0.70859375 0.2578125 0.153125
5 0.5578125 0.8546875 0.078125 0.08125