0 0.19765625 0.3359375 0.05625 0.16875
0 0.0546875 0.5296875 0.046875 0.1375
0 0.0109375 0.5890625 0.021875 0.090625
0 0.01171875 0.40546875 0.0234375 0.0984375
0 0.0140625 0.53203125 0.028125 0.1046875
0 0.00859375 0.44140625 0.0171875 0.1359375
0 0.01953125 0.421875 0.0390625 0.09375
0 0.01875 0.3390625 0.0375 0.11875
0 0.01171875 0.3234375 0.0234375 0.128125
0 0.18359375 0.53203125 0.059375 0.1203125
0 0.01484375 0.359375 0.0296875 0.071875
1 0.71171875 0.31953125 0.5765625 0.6390625
2 0.11953125 0.978125 0.2390625 0.04375
2 0.25859375 0.91015625 0.0609375 0.0546875
2 0.08984375 0.90078125 0.1796875 0.0734375