0 0.31171875 0.41640625 0.1015625 0.1078125
0 0.46328125 0.3859375 0.1109375 0.184375
0 0.4171875 0.528125 0.1359375 0.0890625
0 0.7171875 0.67734375 0.0796875 0.1203125
0 0.5375 0.95703125 0.0828125 0.0859375
0 0.35859375 0.82421875 0.1453125 0.1296875
0 0.19296875 0.89921875 0.1671875 0.1234375
0 0.24140625 0.7015625 0.1140625 0.0828125
0 0.1671875 0.5875 0.121875 0.109375
0 0.31171875 0.6015625 0.078125 0.1078125
0 0.4453125 0.7234375 0.0890625 0.078125
0 0.55625 0.5375 0.10625 0.0859375
0 0.58359375 0.41875 0.1 0.14375
0 0.7140625 0.534375 0.0921875 0.109375
0 0.16328125 0.47421875 0.1046875 0.0875