0 0.3046875 0.08515625 0.196875 0.1703125
0 0.18359375 0.25390625 0.1265625 0.1
0 0.2015625 0.39765625 0.184375 0.1640625
0 0.34921875 0.378125 0.0859375 0.203125
0 0.05234375 0.234375 0.1046875 0.153125
4 0.69296875 0.14609375 0.2546875 0.2921875
2 0.0890625 0.66015625 0.178125 0.3609375
2 0.20078125 0.6921875 0.3015625 0.425
2 0.75703125 0.90859375 0.2671875 0.1828125
2 0.51953125 0.85859375 0.1203125 0.2828125
2 0.79609375 0.6828125 0.1984375 0.1875
2 0.55859375 0.6 0.1984375 0.240625
2 0.50546875 0.65234375 0.0921875 0.3453125