0 0.28359375 0.23515625 0.0921875 0.1046875
0 0.34453125 0.609375 0.0484375 0.059375
0 0.24921875 0.47734375 0.0921875 0.1703125
0 0.03828125 0.24609375 0.0765625 0.1421875
0 0.02421875 0.1078125 0.0484375 0.103125
0 0.134375 0.13828125 0.1734375 0.0859375
0 0.09453125 0.0328125 0.0984375 0.065625
0 0.30390625 0.01953125 0.0515625 0.0390625
0 0.1046875 0.01640625 0.071875 0.0328125
0 0.35546875 0.15390625 0.0265625 0.0953125
2 0.7203125 0.5796875 0.228125 0.11875
2 0.45625 0.4359375 0.175 0.21875
2 0.7765625 0.37421875 0.2625 0.19375
2 0.43671875 0.1609375 0.1359375 0.14375
2 0.6046875 0.09765625 0.1796875 0.146875
0 0.16171875 0.70234375 0.1609375 0.1265625
2 0.74765625 0.959375 0.5046875 0.08125
2 0.40859375 0.78359375 0.0796875 0.2890625
2 0.5453125 0.78203125 0.353125 0.2859375
2 0.90390625 0.7828125 0.1921875 0.2875
2 0.490625 0.6609375 0.24375 0.04375
2 0.83203125 0.65859375 0.3359375 0.0390625