0 0.19609375 0.4546875 0.1046875 0.0703125
0 0.0515625 0.37109375 0.0796875 0.1703125
0 0.46015625 0.33359375 0.19375 0.0734375
5 0.98125 0.1828125 0.0375 0.04375
5 0.97578125 0.0234375 0.0484375 0.04375
5 0.85625 0.02265625 0.11875 0.0453125
5 0.74296875 0.01953125 0.0859375 0.0390625
5 0.7171875 0.0921875 0.115625 0.078125
5 0.8046875 0.1046875 0.05625 0.046875
5 0.8734375 0.14140625 0.0234375 0.028125
5 0.915625 0.13515625 0.0234375 0.0328125
5 0.671875 0.03125 0.025 0.0625
2 0.42421875 0.9328125 0.2828125 0.134375
2 0.13671875 0.80234375 0.2734375 0.1203125
2 0.2328125 0.95078125 0.0984375 0.0671875
2 0.590625 0.7796875 0.1375 0.1375
2 0.04296875 0.6921875 0.0859375 0.090625
1 0.8296875 0.809375 0.340625 0.38125