0 0.3390625 0.38515625 0.1 0.0890625
0 0.01796875 0.3890625 0.0359375 0.153125
0 0.06171875 0.0875 0.0734375 0.090625
0 0.015625 0.05 0.03125 0.053125
0 0.02109375 0.15703125 0.0421875 0.0859375
0 0.01015625 0.36875 0.0203125 0.084375
0 0.2859375 0.27890625 0.0609375 0.084375
0 0.23046875 0.2234375 0.0421875 0.0625
0 0.26640625 0.00703125 0.0703125 0.0140625
0 0.284375 0.01171875 0.075 0.0234375
0 0.021875 0.0140625 0.04375 0.028125
0 0.0109375 0.015625 0.021875 0.03125
0 0.00703125 0.12734375 0.0140625 0.0453125
0 0.0171875 0.0203125 0.034375 0.040625
0 0.215625 0.05 0.11875 0.0546875
0 0.1140625 0.01796875 0.0875 0.0359375
0 0.0078125 0.01640625 0.015625 0.0328125
0 0.01328125 0.00703125 0.0265625 0.0140625
0 0.0671875 0.42734375 0.1125 0.0828125
0 0.02265625 0.23984375 0.0453125 0.0921875
1 0.19453125 0.734375 0.3890625 0.53125
0 0.75 0.934375 0.1375 0.0734375
0 0.94296875 0.8765625 0.103125 0.0640625
0 0.7734375 0.771875 0.2140625 0.1421875
0 0.89296875 0.6515625 0.1125 0.040625
0 0.76171875 0.675 0.05625 0.0609375