0 0.06875 0.71875 0.06875 0.1203125
0 0.07421875 0.921875 0.06875 0.096875
0 0.02421875 0.853125 0.0484375 0.053125
0 0.271875 0.790625 0.0453125 0.1078125
0 0.21328125 0.83125 0.0515625 0.08125
0 0.1609375 0.76484375 0.0671875 0.0515625
0 0.559375 0.8625 0.034375 0.103125
0 0.40546875 0.896875 0.034375 0.20625
0 0.38203125 0.628125 0.0359375 0.0515625
0 0.51875 0.88984375 0.034375 0.134375
0 0.71484375 0.7515625 0.0609375 0.090625
0 0.7046875 0.9421875 0.071875 0.115625
0 0.8046875 0.678125 0.053125 0.0796875
0 0.79296875 0.82421875 0.0546875 0.2125
0 0.97109375 0.7375 0.0578125 0.2765625
0 0.8515625 0.3828125 0.05 0.0953125
0 0.89765625 0.453125 0.03125 0.090625
0 0.62578125 0.4546875 0.0625 0.184375
0 0.521875 0.51171875 0.075 0.115625
0 0.28984375 0.4140625 0.0609375 0.103125
0 0.19453125 0.4265625 0.075 0.128125
0 0.09921875 0.47734375 0.0515625 0.14375
0 0.3875 0.47578125 0.04375 0.1359375
0 0.43125 0.48046875 0.028125 0.1265625
0 0.72890625 0.39140625 0.046875 0.0390625
0 0.90234375 0.74609375 0.0484375 0.1390625
0 0.96640625 0.38203125 0.0671875 0.09375
0 0.40859375 0.2546875 0.059375 0.1265625
0 0.5109375 0.24921875 0.06875 0.1296875
0 0.6109375 0.2328125 0.0609375 0.159375
0 0.69921875 0.228125 0.0703125 0.109375
0 0.52265625 0.6484375 0.0390625 0.0796875
0 0.575 0.71015625 0.0453125 0.078125
0 0.47890625 0.67734375 0.046875 0.05
0 0.33359375 0.70234375 0.0328125 0.065625
0 0.23984375 0.66484375 0.0390625 0.0515625
0 0.2921875 0.53671875 0.0546875 0.1125
0 0.04375 0.53125 0.071875 0.11875
0 0.19453125 0.959375 0.0421875 0.08125
0 0.74921875 0.52109375 0.04375 0.0703125