0 0.55078125 0.25078125 0.14375 0.1453125
0 0.71953125 0.54375 0.0859375 0.1
0 0.66796875 0.7125 0.0578125 0.0671875
0 0.68046875 0.8484375 0.1328125 0.1328125
0 0.6453125 0.95859375 0.1515625 0.046875
0 0.41953125 0.74765625 0.065625 0.103125
0 0.6046875 0.6125 0.1015625 0.103125
0 0.85 0.421875 0.0984375 0.1265625
0 0.8234375 0.27421875 0.059375 0.1359375
0 0.71640625 0.434375 0.0890625 0.0984375
0 0.3296875 0.8328125 0.0640625 0.096875
0 0.28671875 0.6359375 0.0875 0.06875
0 0.48359375 0.440625 0.065625 0.0859375
0 0.59375 0.071875 0.05 0.14375
0 0.71171875 0.1453125 0.0703125 0.075
0 0.88671875 0.13671875 0.0765625 0.09375
0 0.24609375 0.44140625 0.1171875 0.05
0 0.51484375 0.815625 0.084375 0.0578125