0 0.3015625 0.146875 0.1046875 0.0828125
0 0.0671875 0.13984375 0.0640625 0.1
0 0.05234375 0.26328125 0.0875 0.103125
0 0.25234375 0.15625 0.1671875 0.05625
2 0.42109375 0.31171875 0.1046875 0.1546875
2 0.40546875 0.175 0.0734375 0.221875
2 0.39140625 0.1 0.0453125 0.2
2 0.428125 0.046875 0.11875 0.09375
5 0.32421875 0.78125 0.0890625 0.165625
5 0.26484375 0.91484375 0.1203125 0.1703125
5 0.15 0.9484375 0.10625 0.103125
5 0.20234375 0.6625 0.153125 0.2265625
5 0.0609375 0.70078125 0.121875 0.1765625
5 0.059375 0.884375 0.11875 0.14375
5 0.0484375 0.96640625 0.096875 0.0671875
5 0.0421875 0.93828125 0.084375 0.1234375
5 0.03125 0.940625 0.0625 0.115625
5 0.03671875 0.7984375 0.0734375 0.121875
5 0.034375 0.921875 0.06875 0.0875
5 0.03984375 0.68203125 0.0796875 0.1171875
5 0.0328125 0.82578125 0.065625 0.1140625
5 0.04140625 0.7125 0.0828125 0.084375
5 0.04296875 0.8296875 0.0859375 0.134375
5 0.0265625 0.940625 0.053125 0.071875
5 0.2921875 0.42109375 0.153125 0.0640625
5 0.1359375 0.4109375 0.15625 0.04375
5 0.034375 0.4359375 0.06875 0.09375
5 0.03984375 0.4359375 0.0796875 0.09375
5 0.0328125 0.44765625 0.065625 0.1171875
5 0.134375 0.409375 0.109375 0.040625
5 0.0359375 0.409375 0.071875 0.040625
3 0.4453125 0.8796875 0.153125 0.184375
3 0.45703125 0.68671875 0.1765625 0.1421875
3 0.471875 0.51796875 0.20625 0.1359375
3 0.71015625 0.51640625 0.2078125 0.140625
3 0.6953125 0.6875 0.2125 0.178125
3 0.66953125 0.8859375 0.2265625 0.190625
3 0.91015625 0.88046875 0.1796875 0.1828125
3 0.9109375 0.68671875 0.178125 0.1609375
3 0.9109375 0.51171875 0.178125 0.1640625