0 0.09375 0.775 0.084375 0.1453125
0 0.0328125 0.58828125 0.065625 0.1015625
0 0.265625 0.50703125 0.0890625 0.1
0 0.20703125 0.68203125 0.059375 0.20625
0 0.36328125 0.5125 0.0765625 0.1390625
0 0.496875 0.65546875 0.0421875 0.3296875
0 0.55078125 0.3921875 0.0828125 0.0796875
0 0.63984375 0.484375 0.078125 0.0671875
0 0.69296875 0.521875 0.0359375 0.1484375
0 0.91328125 0.46640625 0.1625 0.059375
0 0.39453125 0.1734375 0.084375 0.046875
0 0.0984375 0.5015625 0.0671875 0.053125
0 0.765625 0.4875 0.096875 0.1
0 0.9609375 0.93671875 0.05 0.0859375
0 0.0453125 0.19609375 0.0515625 0.025