0 0.33125 0.4390625 0.146875 0.2015625
0 0.8984375 0.73984375 0.115625 0.159375
0 0.7515625 0.86015625 0.121875 0.1203125
0 0.7171875 0.65859375 0.125 0.0953125
0 0.6484375 0.36875 0.090625 0.1578125
0 0.128125 0.94609375 0.1078125 0.1046875
0 0.09453125 0.734375 0.0578125 0.1078125
0 0.5375 0.103125 0.1484375 0.10625
0 0.24453125 0.12109375 0.1296875 0.1328125
0 0.10234375 0.0484375 0.1015625 0.0703125
0 0.27265625 0.74375 0.075 0.103125
0 0.4796875 0.7625 0.0875 0.1796875
0 0.9109375 0.4734375 0.0859375 0.1046875