0 0.27890625 0.19296875 0.1703125 0.1140625
0 0.03828125 0.02578125 0.0765625 0.0515625
0 0.153125 0.07265625 0.103125 0.1453125
0 0.02265625 0.15234375 0.0453125 0.0609375
0 0.4375 0.0953125 0.125 0.06875
1 0.75 0.2125 0.5 0.075
0 0.30390625 0.59921875 0.1015625 0.1078125
0 0.45 0.56875 0.1 0.184375
0 0.409375 0.7109375 0.1359375 0.0890625
0 0.35078125 0.97109375 0.1453125 0.0578125
0 0.23359375 0.884375 0.1140625 0.0828125
0 0.159375 0.7703125 0.121875 0.109375
0 0.30390625 0.784375 0.078125 0.1078125
0 0.4375 0.90625 0.0890625 0.0796875
0 0.15546875 0.65703125 0.1046875 0.0859375