0 0.365625 0.2390625 0.1234375 0.05
0 0.365625 0.31640625 0.1328125 0.0453125
0 0.44296875 0.5875 0.146875 0.10625
0 0.40625 0.83828125 0.16875 0.1
0 0.78125 0.4859375 0.11875 0.1203125
0 0.6421875 0.53359375 0.134375 0.115625
0 0.78671875 0.65078125 0.1296875 0.1125
0 0.95 0.50703125 0.1 0.1203125
0 0.9421875 0.284375 0.115625 0.10625
0 0.73203125 0.35 0.06875 0.0640625
0 0.8296875 0.3859375 0.075 0.0625
0 0.63828125 0.190625 0.0625 0.146875
0 0.8 0.13671875 0.0671875 0.0734375
0 0.8734375 0.94140625 0.25 0.1171875