0 0.6234375 0.37109375 0.075 0.0484375
0 0.64765625 0.41015625 0.090625 0.0265625
0 0.77578125 0.453125 0.084375 0.059375
0 0.86328125 0.5328125 0.103125 0.0796875
0 0.83828125 0.63828125 0.059375 0.090625
0 0.8125 0.7671875 0.0984375 0.08125
0 0.3109375 0.896875 0.15 0.1421875
0 0.4515625 0.7390625 0.034375 0.10625
0 0.534375 0.8734375 0.0671875 0.053125
0 0.63203125 0.6234375 0.1359375 0.1140625
0 0.04765625 0.85 0.09375 0.1
0 0.16171875 0.2890625 0.053125 0.0765625
0 0.23515625 0.24765625 0.059375 0.0546875
0 0.565625 0.47109375 0.0515625 0.071875
0 0.29765625 0.5609375 0.059375 0.0984375
0 0.68984375 0.91328125 0.096875 0.1078125
0 0.9171875 0.825 0.078125 0.0890625
0 0.95390625 0.62734375 0.0921875 0.1046875
0 0.68046875 0.23828125 0.1109375 0.08125
0 0.50390625 0.215625 0.0859375 0.0796875
0 0.9171875 0.2796875 0.08125 0.046875
0 0.89296875 0.2 0.0921875 0.0453125
0 0.13359375 0.61953125 0.0796875 0.09375
0 0.146875 0.784375 0.065625 0.0859375