0 0.228125 0.0671875 0.1734375 0.1109375
0 0.26796875 0.303125 0.1640625 0.18125
0 0.134375 0.18828125 0.0953125 0.0375
0 0.07578125 0.01640625 0.1140625 0.0328125
0 0.203125 0.01953125 0.128125 0.0390625
0 0.04140625 0.0140625 0.0828125 0.028125
3 0.740625 0.20234375 0.478125 0.4046875
1 0.175 0.85 0.35 0.3
1 0.1578125 0.84765625 0.315625 0.3046875
1 0.190625 0.5875 0.31875 0.253125
1 0.3078125 0.56953125 0.084375 0.2109375
1 0.09375 0.6171875 0.1875 0.24375
1 0.06328125 0.64296875 0.1265625 0.2421875
2 0.765625 0.9578125 0.328125 0.0828125
2 0.80625 0.88359375 0.18125 0.0671875
2 0.515625 0.5765625 0.26875 0.11875
2 0.8546875 0.65078125 0.234375 0.075
2 0.9375 0.815625 0.125 0.078125
2 0.675 0.47578125 0.196875 0.0734375
2 0.88515625 0.50703125 0.1328125 0.1359375
2 0.403125 0.45859375 0.10625 0.0390625
2 0.4265625 0.4625 0.153125 0.046875
2 0.51796875 0.45078125 0.1046875 0.0234375
2 0.96953125 0.8875 0.0609375 0.071875
2 0.37578125 0.54765625 0.0515625 0.1296875