0 0.00390625 0.00390625 0.0078125 0.0078125
0 0.00625 0.0046875 0.0125 0.009375
0 0.00390625 0.0046875 0.0078125 0.009375
0 0.00390625 0.00390625 0.0078125 0.0078125
0 0.00546875 0.003125 0.0109375 0.00625
0 0.00625 0.003125 0.0125 0.00625
0 0.003125 0.00390625 0.00625 0.0078125
2 0.61171875 0.38359375 0.0453125 0.1296875
2 0.759375 0.46953125 0.165625 0.0796875
2 0.92890625 0.35390625 0.10625 0.121875
2 0.73828125 0.32265625 0.1796875 0.146875
2 0.77421875 0.11875 0.1 0.1015625
0 0.04296875 0.59609375 0.040625 0.0578125
0 0.08984375 0.57578125 0.0296875 0.04375
0 0.13125 0.596875 0.04375 0.0578125
0 0.17109375 0.6015625 0.0296875 0.0578125
0 0.11171875 0.64765625 0.065625 0.034375
0 0.225 0.61875 0.034375 0.05625
0 0.20625 0.51953125 0.059375 0.0203125
0 0.128125 0.5171875 0.05 0.015625
0 0.121875 0.51640625 0.04375 0.0140625
0 0.05078125 0.51796875 0.0296875 0.0171875
0 0.01015625 0.52890625 0.0203125 0.0390625
0 0.009375 0.58671875 0.01875 0.0328125
0 0.14140625 0.54140625 0.05625 0.0421875
0 0.89921875 0.89921875 0.1171875 0.153125
0 0.7890625 0.8828125 0.078125 0.103125
0 0.88203125 0.6625 0.075 0.0984375
0 0.99375 0.61953125 0.0125 0.0953125
0 0.6171875 0.91875 0.05625 0.15625
0 0.67578125 0.55078125 0.1296875 0.0828125
0 0.9671875 0.53125 0.065625 0.04375