0 0.07109375 0.1609375 0.1421875 0.178125
0 0.07890625 0.01484375 0.0890625 0.0296875
0 0.09375 0.05703125 0.1171875 0.05
0 0.02265625 0.01640625 0.0453125 0.0328125
0 0.36875 0.08671875 0.0703125 0.06875
0 0.53203125 0.01796875 0.0546875 0.0359375
0 0.03515625 0.0109375 0.0703125 0.021875
0 0.22421875 0.015625 0.1109375 0.03125
0 0.10078125 0.0140625 0.0953125 0.028125
0 0.259375 0.01640625 0.121875 0.0328125
0 0.25078125 0.0578125 0.0796875 0.115625
0 0.27265625 0.178125 0.0890625 0.090625
0 0.51953125 0.090625 0.0765625 0.065625
2 0.72890625 0.03203125 0.1578125 0.0640625
2 0.8703125 0.0296875 0.259375 0.059375
2 0.825 0.2 0.35 0.4
5 0.0953125 0.5375 0.190625 0.08125
5 0.3 0.53984375 0.171875 0.05
5 0.06171875 0.90078125 0.1234375 0.1984375
5 0.5109375 0.65234375 0.1859375 0.0875
5 0.528125 0.42421875 0.075 0.046875
5 0.590625 0.5046875 0.0734375 0.053125
5 0.46171875 0.52890625 0.125 0.0515625
5 0.63203125 0.58203125 0.0359375 0.0671875
0 0.71953125 0.97265625 0.1390625 0.0546875
0 0.98671875 0.865625 0.0265625 0.05625
0 0.9390625 0.73125 0.121875 0.075
0 0.7328125 0.565625 0.09375 0.08125
0 0.6828125 0.86875 0.065625 0.059375
0 0.7625 0.83359375 0.121875 0.05
0 0.684375 0.9734375 0.06875 0.053125
0 0.68203125 0.69609375 0.0640625 0.0890625
0 0.9296875 0.49296875 0.11875 0.0859375