0 0.13046875 0.03984375 0.1859375 0.0796875
0 0.03359375 0.03125 0.0671875 0.0625
0 0.065625 0.05078125 0.13125 0.1015625
0 0.23046875 0.0890625 0.1046875 0.178125
0 0.1828125 0.26328125 0.1 0.2640625
0 0.0640625 0.35859375 0.128125 0.1421875
0 0.05625 0.2609375 0.1125 0.1
0 0.04765625 0.14375 0.0953125 0.1125
0 0.03359375 0.02734375 0.0671875 0.0546875
2 0.12109375 0.85234375 0.2421875 0.2953125
2 0.246875 0.8515625 0.24375 0.296875
2 0.25859375 0.603125 0.2203125 0.196875
2 0.11640625 0.6234375 0.2328125 0.21875
2 0.10546875 0.4703125 0.2109375 0.08125
2 0.21875 0.4625 0.3 0.065625
2 0.0875 0.4671875 0.175 0.075
2 0.21015625 0.46484375 0.3171875 0.0703125
2 0.1046875 0.44453125 0.209375 0.0296875
0 0.91328125 0.55703125 0.1734375 0.2546875