0 0.021875 0.02890625 0.04375 0.0578125
0 0.0328125 0.03828125 0.065625 0.0765625
0 0.10390625 0.02421875 0.0953125 0.0484375
0 0.1984375 0.103125 0.06875 0.1375
0 0.0578125 0.05859375 0.115625 0.1171875
0 0.04453125 0.23125 0.0890625 0.159375
0 0.12890625 0.44609375 0.0359375 0.1078125
0 0.25390625 0.45234375 0.0671875 0.0953125
0 0.021875 0.09140625 0.04375 0.1015625
0 0.01640625 0.04453125 0.0328125 0.0703125
5 0.709375 0.43125 0.259375 0.1375
5 0.54140625 0.234375 0.215625 0.2453125
5 0.91640625 0.471875 0.1671875 0.05625
5 0.9609375 0.3859375 0.078125 0.125
5 0.48828125 0.0921875 0.1171875 0.184375
5 0.33671875 0.5359375 0.1671875 0.071875
5 0.25625 0.54375 0.215625 0.0875
5 0.13671875 0.61953125 0.2734375 0.2390625
5 0.03515625 0.528125 0.0703125 0.05625
5 0.05234375 0.58828125 0.1046875 0.1046875
5 0.059375 0.85234375 0.11875 0.2953125
5 0.2046875 0.9046875 0.278125 0.190625
5 0.0453125 0.92421875 0.090625 0.1515625
5 0.0671875 0.72578125 0.134375 0.2578125
5 0.17578125 0.59453125 0.2234375 0.1890625
5 0.28671875 0.528125 0.1546875 0.05625
2 0.94375 0.8328125 0.1125 0.284375
2 0.721875 0.909375 0.16875 0.18125
2 0.81328125 0.6625 0.1171875 0.221875
2 0.54140625 0.775 0.1140625 0.29375
2 0.53125 0.56953125 0.203125 0.1390625
2 0.75859375 0.55078125 0.2296875 0.1015625
2 0.94609375 0.54921875 0.1046875 0.0984375
2 0.46484375 0.91171875 0.0703125 0.1765625
2 0.45546875 0.7015625 0.0515625 0.196875