0 0.23125 0.05703125 0.128125 0.1140625
0 0.29453125 0.0390625 0.1015625 0.078125
0 0.421875 0.03125 0.0625 0.0625
0 0.52265625 0.02890625 0.0921875 0.0578125
0 0.36640625 0.4296875 0.0640625 0.01875
0 0.4328125 0.24296875 0.075 0.1390625
0 0.01484375 0.09375 0.0296875 0.084375
0 0.02890625 0.34375 0.0578125 0.115625
0 0.2875 0.32578125 0.165625 0.1546875
0 0.38046875 0.0828125 0.1328125 0.1125
0 0.5375 0.1171875 0.1203125 0.190625
0 0.57890625 0.0203125 0.0609375 0.040625
0 0.009375 0.01796875 0.01875 0.0359375
0 0.159375 0.02109375 0.05625 0.0421875
0 0.16953125 0.01875 0.0515625 0.0375
0 0.1875 0.125 0.1 0.1109375
2 0.94765625 0.2859375 0.1046875 0.1625
2 0.940625 0.4078125 0.11875 0.0625
2 0.80625 0.30703125 0.1484375 0.134375
2 0.75703125 0.4140625 0.1671875 0.05
2 0.634375 0.4015625 0.05 0.075
2 0.93984375 0.1859375 0.1203125 0.1
2 0.67578125 0.29609375 0.0734375 0.0859375
2 0.80078125 0.19296875 0.109375 0.0703125
3 0.4 0.6125 0.41875 0.346875
1 0.6828125 0.61171875 0.146875 0.2984375
1 0.71796875 0.59296875 0.2171875 0.3078125
1 0.78515625 0.54296875 0.2578125 0.2078125
1 0.8671875 0.5234375 0.265625 0.16875
1 0.903125 0.5125 0.19375 0.146875
1 0.93203125 0.49609375 0.1359375 0.1140625
1 0.69375 0.675 0.16875 0.359375
1 0.71640625 0.88359375 0.2140625 0.2328125
1 0.80078125 0.81875 0.3828125 0.3625
1 0.85390625 0.8015625 0.2921875 0.396875
1 0.91171875 0.78671875 0.1765625 0.4203125