0 0.5359375 0.025 0.246875 0.05
0 0.08515625 0.04453125 0.1703125 0.0890625
0 0.46875 0.05625 0.21875 0.1125
0 0.184375 0.06015625 0.14375 0.1203125
0 0.315625 0.05078125 0.11875 0.1015625
0 0.48359375 0.2078125 0.21875 0.1890625
0 0.24609375 0.215625 0.1796875 0.26875
0 0.0515625 0.265625 0.103125 0.16875
0 0.04609375 0.0734375 0.0921875 0.146875
0 0.48671875 0.0578125 0.2109375 0.115625
4 0.80078125 0.12265625 0.2828125 0.2453125
4 0.76015625 0.2890625 0.2015625 0.121875
4 0.9515625 0.26875 0.096875 0.078125
4 0.36328125 0.7640625 0.2171875 0.2015625
4 0.61484375 0.78359375 0.0890625 0.1578125
3 0.74453125 0.653125 0.0828125 0.60625
3 0.934375 0.66640625 0.125 0.6328125