0 0.6296875 0.48046875 0.0390625 0.075
0 0.6359375 0.59765625 0.028125 0.0421875
0 0.465625 0.4734375 0.096875 0.053125
0 0.34765625 0.503125 0.125 0.1390625
0 0.1328125 0.4734375 0.125 0.0765625
0 0.02890625 0.49765625 0.0578125 0.1078125
0 0.01328125 0.2421875 0.0265625 0.05
0 0.02265625 0.33984375 0.0453125 0.1203125
0 0.4484375 0.190625 0.090625 0.0953125
0 0.6125 0.0390625 0.075 0.078125
0 0.628125 0.2390625 0.04375 0.13125
0 0.55625 0.35625 0.06875 0.0453125
0 0.55 0.253125 0.096875 0.0796875
0 0.196875 0.20625 0.065625 0.09375
0 0.3140625 0.21484375 0.1 0.084375
0 0.38828125 0.28671875 0.0609375 0.046875
0 0.1078125 0.290625 0.09375 0.0828125
0 0.01796875 0.47109375 0.0359375 0.0984375
0 0.02890625 0.59453125 0.0578125 0.0484375
0 0.25703125 0.59921875 0.0765625 0.0390625
0 0.2953125 0.08203125 0.0796875 0.1
0 0.01640625 0.21484375 0.0328125 0.0859375
0 0.01640625 0.11796875 0.0328125 0.0640625
0 0.73828125 0.45234375 0.1765625 0.2796875
1 0.13125 0.84296875 0.2625 0.3140625
1 0.16484375 0.8453125 0.3296875 0.309375
1 0.23203125 0.86015625 0.3765625 0.2796875
5 0.9671875 0.678125 0.065625 0.11875
5 0.86015625 0.66796875 0.1140625 0.0984375
5 0.7765625 0.65078125 0.09375 0.0640625
5 0.68046875 0.64140625 0.0609375 0.0453125
5 0.6765625 0.63984375 0.053125 0.0421875
5 0.6703125 0.65078125 0.040625 0.0640625
5 0.67734375 0.64609375 0.0546875 0.0546875
5 0.7578125 0.63984375 0.109375 0.0421875
5 0.709375 0.678125 0.11875 0.09375
5 0.67890625 0.66015625 0.0578125 0.0828125
5 0.66171875 0.6421875 0.0234375 0.046875
5 0.68984375 0.72890625 0.0796875 0.1015625
5 0.765625 0.75390625 0.1625 0.125
5 0.9421875 0.80078125 0.115625 0.0953125
5 0.6765625 0.9703125 0.053125 0.059375
5 0.696875 0.9875 0.09375 0.025