0 0.315625 0.26015625 0.1296875 0.0625
0 0.52890625 0.35234375 0.0421875 0.0390625
0 0.44609375 0.4421875 0.0734375 0.0453125
0 0.2046875 0.3515625 0.0921875 0.08125
0 0.2390625 0.4984375 0.0703125 0.06875
0 0.18984375 0.159375 0.19375 0.0671875
0 0.34453125 0.134375 0.0921875 0.0484375
0 0.49375 0.18203125 0.1125 0.0578125
0 0.01171875 0.1859375 0.0234375 0.05625
0 0.50703125 0.28125 0.0859375 0.065625
0 0.3828125 0.3421875 0.0671875 0.0453125
0 0.87109375 0.2546875 0.1375 0.08125
0 0.64140625 0.2578125 0.1515625 0.075
0 0.89296875 0.13046875 0.06875 0.096875
0 0.6796875 0.1 0.140625 0.0640625
0 0.65546875 0.1859375 0.153125 0.0625
2 0.325 0.83828125 0.2578125 0.3109375
2 0.52265625 0.7359375 0.0546875 0.134375
2 0.0578125 0.70546875 0.115625 0.0734375
2 0.21328125 0.68984375 0.1765625 0.0421875
2 0.41953125 0.6921875 0.0546875 0.046875
2 0.39765625 0.68046875 0.1765625 0.0234375
2 0.90625 0.76875 0.1875 0.2
2 0.64140625 0.70546875 0.1828125 0.0734375
2 0.83046875 0.68984375 0.1765625 0.0421875
2 0.96328125 0.68046875 0.0734375 0.0234375