0 0.225 0.13515625 0.0890625 0.1171875
0 0.36015625 0.20234375 0.13125 0.1546875
0 0.26171875 0.403125 0.090625 0.1015625
1 0.71484375 0.29296875 0.5703125 0.3328125
1 0.63046875 0.15546875 0.4015625 0.2515625
1 0.84765625 0.0890625 0.3046875 0.140625
1 0.89140625 0.14921875 0.2171875 0.2484375
1 0.1328125 0.725 0.265625 0.475
1 0.290625 0.71171875 0.278125 0.4765625
1 0.2875 0.5125 0.284375 0.10625
1 0.1125 0.5109375 0.225 0.103125
1 0.08359375 0.50234375 0.1671875 0.0859375
0 0.44609375 0.58203125 0.0328125 0.0390625
0 0.45 0.49765625 0.040625 0.0453125
0 0.44296875 0.59375 0.0265625 0.08125
0 0.4546875 0.69765625 0.05 0.0515625
0 0.446875 0.7640625 0.034375 0.0375
0 0.5140625 0.47109375 0.078125 0.0234375
0 0.46328125 0.47421875 0.0671875 0.0296875