0 0.546875 0.32578125 0.128125 0.2296875
0 0.6109375 0.08046875 0.1015625 0.15625
0 0.7375 0.1828125 0.0625 0.125
0 0.8390625 0.36171875 0.0921875 0.1171875
0 0.6828125 0.92421875 0.0640625 0.0890625
0 0.7484375 0.70234375 0.075 0.1375
0 0.421875 0.93828125 0.0984375 0.1234375
0 0.24453125 0.55390625 0.0609375 0.0859375
0 0.31171875 0.80390625 0.1171875 0.115625
0 0.603125 0.78515625 0.1671875 0.1546875
0 0.69609375 0.5421875 0.1328125 0.1125
0 0.853125 0.5765625 0.1203125 0.190625
0 0.90078125 0.17265625 0.0734375 0.0828125
0 0.01953125 0.2953125 0.0390625 0.075
0 0.47578125 0.0578125 0.05625 0.084375
0 0.4859375 0.14296875 0.053125 0.078125
0 0.503125 0.584375 0.1 0.1109375