0 0.1828125 0.23359375 0.128125 0.2296875
0 0.24609375 0.0390625 0.1015625 0.078125
0 0.3734375 0.090625 0.0625 0.125
0 0.45390625 0.26953125 0.0515625 0.1171875
0 0.384375 0.61015625 0.075 0.1375
0 0.01484375 0.4609375 0.0296875 0.084375
0 0.02890625 0.68125 0.0578125 0.05625
0 0.23828125 0.6625 0.1671875 0.09375
0 0.33203125 0.45 0.134375 0.1125
0 0.45390625 0.48359375 0.0515625 0.1890625
0 0.009375 0.20234375 0.01875 0.0734375
0 0.1109375 0.02109375 0.05625 0.0421875
0 0.121875 0.05078125 0.053125 0.078125
0 0.1390625 0.4921875 0.0984375 0.1109375
3 0.5828125 0.46015625 0.20625 0.2859375
5 0.04765625 0.83984375 0.0953125 0.0796875
5 0.24609375 0.9765625 0.2265625 0.046875
1 0.73984375 0.8546875 0.5203125 0.290625
1 0.696875 0.95546875 0.434375 0.0890625