0 0.17421875 0.0125 0.1234375 0.025
0 0.175 0.04921875 0.1328125 0.0453125
0 0.25234375 0.3203125 0.146875 0.1078125
0 0.55546875 0.21796875 0.0484375 0.1203125
0 0.4515625 0.26640625 0.134375 0.115625
0 0.55546875 0.3828125 0.0484375 0.1125
0 0.54140625 0.0828125 0.06875 0.0640625
0 0.446875 0.03671875 0.0625 0.0734375
1 0.61171875 0.48828125 0.0640625 0.0609375
1 0.834375 0.4875 0.08125 0.0625
1 0.9421875 0.49296875 0.115625 0.0515625
5 0.06796875 0.96875 0.1359375 0.0625
5 0.2515625 0.83515625 0.159375 0.1234375
5 0.29921875 0.95390625 0.2046875 0.0921875
5 0.38984375 0.8359375 0.2078125 0.13125
5 0.5015625 0.9765625 0.08125 0.046875
5 0.103125 0.94140625 0.08125 0.1171875
5 0.04609375 0.79921875 0.0921875 0.0421875
0 0.6734375 0.8796875 0.1265625 0.084375
0 0.9171875 0.74453125 0.165625 0.1359375
0 0.60703125 0.775 0.0546875 0.1375
0 0.8828125 0.98203125 0.1125 0.0359375
0 0.69453125 0.5953125 0.2296875 0.128125