0 0.05390625 0.3734375 0.1078125 0.290625
2 0.8421875 0.43671875 0.228125 0.1640625
2 0.55625 0.27109375 0.221875 0.21875
2 0.8828125 0.2078125 0.234375 0.19375
2 0.47109375 0.0359375 0.2234375 0.071875
2 0.72578125 0.0359375 0.1796875 0.071875
2 0.515625 0.48359375 0.303125 0.0703125
0 0.19765625 0.965625 0.1203125 0.06875
0 0.30625 0.75078125 0.10625 0.1015625
0 0.3015625 0.6171875 0.115625 0.090625
0 0.053125 0.7640625 0.10625 0.1125
0 0.025 0.83046875 0.05 0.1671875
0 0.328125 0.8921875 0.0625 0.13125
2 0.93984375 0.91796875 0.1203125 0.1640625
2 0.74921875 0.9140625 0.2203125 0.171875
2 0.49765625 0.90625 0.2390625 0.1875
2 0.9203125 0.7015625 0.13125 0.2046875
2 0.76953125 0.6859375 0.13125 0.240625
2 0.6171875 0.6953125 0.1390625 0.2171875
2 0.434375 0.67734375 0.146875 0.21875
2 0.91015625 0.55703125 0.1390625 0.0765625
2 0.7078125 0.54921875 0.1625 0.0609375
2 0.51640625 0.54921875 0.1484375 0.0609375
2 0.3984375 0.55 0.078125 0.0625
2 0.39375 0.90390625 0.06875 0.1921875
2 0.390625 0.67109375 0.0625 0.1578125