0 0.03984375 0.3390625 0.0796875 0.253125
0 0.18828125 0.4328125 0.1578125 0.20625
0 0.33515625 0.6046875 0.109375 0.0953125
2 0.90078125 0.54375 0.13125 0.240625
2 0.7484375 0.553125 0.1390625 0.215625
2 0.565625 0.53515625 0.1484375 0.21875
2 0.9859375 0.35625 0.028125 0.153125
2 0.83984375 0.34140625 0.1640625 0.1234375
2 0.6484375 0.34140625 0.15 0.1234375
2 0.4734375 0.33125 0.128125 0.125
2 0.44140625 0.52890625 0.0640625 0.1578125
2 0.7296875 0.959375 0.471875 0.08125
2 0.60078125 0.8828125 0.3375 0.0625
2 0.51015625 0.79765625 0.2015625 0.0578125