0 0.52734375 0.49921875 0.1171875 0.153125
0 0.4171875 0.4828125 0.078125 0.103125
0 0.51015625 0.2625 0.075 0.0984375
0 0.63984375 0.21953125 0.0484375 0.0953125
0 0.8203125 0.4015625 0.1140625 0.14375
0 0.96015625 0.3171875 0.0796875 0.134375
0 0.8171875 0.26015625 0.0921875 0.1453125
0 0.93515625 0.6125 0.1296875 0.184375
0 0.83515625 0.79140625 0.1140625 0.0953125
0 0.921875 0.9265625 0.1140625 0.146875
0 0.2125 0.86953125 0.096875 0.1484375
0 0.19765625 0.51953125 0.1125 0.15625
0 0.05546875 0.7875 0.1109375 0.1203125
0 0.3046875 0.08828125 0.13125 0.16875
0 0.609375 0.0875 0.09375 0.0875
0 0.67109375 0.4203125 0.0921875 0.1046875