0 0.00625 0.03203125 0.0125 0.0328125
0 0.0046875 0.0140625 0.009375 0.028125
0 0.00546875 0.04453125 0.0109375 0.0359375
0 0.00859375 0.00859375 0.0171875 0.0171875
0 0.00546875 0.0078125 0.0109375 0.015625
0 0.0078125 0.00625 0.015625 0.0125
0 0.0046875 0.0046875 0.009375 0.009375
0 0.0046875 0.00390625 0.009375 0.0078125
0 0.00625 0.01015625 0.0125 0.0203125
0 0.00390625 0.00546875 0.0078125 0.0109375
0 0.00390625 0.00859375 0.0078125 0.0171875
4 0.49140625 0.01875 0.0921875 0.0375
1 0.025 0.58359375 0.05 0.0484375
1 0.0296875 0.58828125 0.059375 0.0578125
3 0.7421875 0.6 0.16875 0.08125