0 0.03671875 0.115625 0.0734375 0.0625
0 0.028125 0.08203125 0.05625 0.0546875
0 0.03359375 0.1421875 0.0671875 0.040625
0 0.03828125 0.203125 0.0765625 0.040625
0 0.24296875 0.04921875 0.11875 0.059375
0 0.49375 0.0796875 0.0734375 0.05625
0 0.25 0.25 0.1046875 0.08125
0 0.03359375 0.234375 0.0671875 0.0625
0 0.01953125 0.20546875 0.0390625 0.0828125
0 0.15390625 0.128125 0.075 0.0421875
0 0.48359375 0.3078125 0.1046875 0.0703125
0 0.496875 0.403125 0.084375 0.109375
5 0.9015625 0.0421875 0.196875 0.084375
5 0.6578125 0.03515625 0.20625 0.0703125
5 0.5828125 0.02890625 0.0875 0.0578125
5 0.58359375 0.040625 0.0890625 0.08125
5 0.61015625 0.03359375 0.1421875 0.0671875
5 0.6515625 0.12109375 0.225 0.1203125
5 0.82734375 0.10546875 0.3453125 0.1390625
5 0.87578125 0.2875 0.2484375 0.103125
5 0.6 0.296875 0.121875 0.15625
5 0.61953125 0.33203125 0.1609375 0.1328125
5 0.56171875 0.31484375 0.0453125 0.1328125
5 0.56953125 0.021875 0.0609375 0.04375
5 0.56640625 0.19296875 0.0546875 0.1390625
4 0.24765625 0.91953125 0.4140625 0.1609375
2 0.75390625 0.71953125 0.409375 0.1390625
2 0.790625 0.9171875 0.371875 0.165625
2 0.6234375 0.540625 0.16875 0.14375
2 0.5484375 0.83046875 0.01875 0.3390625