0 0.0328125 0.04765625 0.065625 0.0953125
0 0.03359375 0.0296875 0.0671875 0.059375
0 0.09765625 0.04140625 0.0921875 0.0828125
0 0.21171875 0.03359375 0.0828125 0.0671875
0 0.26484375 0.04609375 0.0609375 0.0921875
0 0.421875 0.01796875 0.084375 0.0359375
0 0.39453125 0.0328125 0.1359375 0.065625
0 0.51015625 0.15625 0.0796875 0.096875
0 0.16796875 0.3234375 0.0953125 0.071875
0 0.07578125 0.3125 0.0703125 0.09375
0 0.51953125 0.025 0.0609375 0.05
0 0.0140625 0.10625 0.028125 0.2125
0 0.0375 0.14453125 0.0609375 0.1296875
0 0.27734375 0.24609375 0.0796875 0.16875
2 0.89140625 0.18125 0.1171875 0.221875
2 0.61953125 0.253125 0.1140625 0.2125
2 0.63046875 0.06953125 0.1609375 0.1390625
2 0.83671875 0.06015625 0.2296875 0.1203125
2 0.9859375 0.05859375 0.028125 0.1171875
2 0.57578125 0.2203125 0.0515625 0.196875
2 0.17109375 0.88515625 0.278125 0.15625
2 0.05703125 0.8859375 0.1140625 0.1625
2 0.059375 0.72578125 0.11875 0.1234375
2 0.1734375 0.71875 0.171875 0.1796875
2 0.0359375 0.61484375 0.071875 0.0703125
2 0.04296875 0.484375 0.0859375 0.1
2 0.14609375 0.52109375 0.090625 0.0953125
2 0.071875 0.4171875 0.14375 0.046875
2 0.4484375 0.45234375 0.1203125 0.071875
2 0.2734375 0.3796875 0.265625 0.040625
2 0.0765625 0.3796875 0.0875 0.040625
1 0.775 0.6796875 0.45 0.640625