0 0.45546875 0.09140625 0.0484375 0.1671875
0 0.3171875 0.2859375 0.046875 0.1375
0 0.19765625 0.34609375 0.04375 0.090625
0 0.24296875 0.5078125 0.0859375 0.04375
0 0.01484375 0.50703125 0.0296875 0.0453125
0 0.1515625 0.1625 0.0484375 0.1
0 0.01875 0.28828125 0.0375 0.1046875
0 0.00859375 0.19765625 0.0171875 0.1359375
0 0.01953125 0.178125 0.0390625 0.09375
0 0.03359375 0.0953125 0.0671875 0.11875
0 0.01171875 0.0796875 0.0234375 0.128125
0 0.44609375 0.28828125 0.059375 0.1203125
0 0.27578125 0.11640625 0.0328125 0.071875
3 0.828125 0.140625 0.34375 0.28125
3 0.58515625 0.07734375 0.2109375 0.1546875
2 0.3578125 0.77265625 0.1875 0.203125
2 0.11875 0.721875 0.2375 0.19375
2 0.31015625 0.6078125 0.1671875 0.084375
2 0.09765625 0.56171875 0.1953125 0.0640625
2 0.04609375 0.63359375 0.0921875 0.1484375
5 0.93515625 0.66015625 0.1296875 0.2609375
5 0.88671875 0.9265625 0.1015625 0.146875
5 0.50390625 0.9671875 0.0484375 0.065625
5 0.48515625 0.74296875 0.0109375 0.1203125
5 0.5734375 0.62265625 0.1875 0.1859375
5 0.51015625 0.59296875 0.0609375 0.1265625
5 0.7421875 0.58203125 0.109375 0.1046875
5 0.84765625 0.56640625 0.1015625 0.0734375