0 0.7578125 0.79609375 0.1171875 0.1453125
0 0.59921875 0.78046875 0.1296875 0.121875
0 0.71796875 0.62890625 0.0890625 0.1546875
0 0.3546875 0.7734375 0.06875 0.1578125
0 0.26875 0.5578125 0.0890625 0.175
0 0.19296875 0.7875 0.1390625 0.171875
0 0.64609375 0.46875 0.1078125 0.140625
0 0.565625 0.64453125 0.171875 0.1453125
0 0.60859375 0.175 0.0734375 0.0984375
0 0.54453125 0.246875 0.0796875 0.0625
0 0.44921875 0.2125 0.0265625 0.175
0 0.1203125 0.4359375 0.15625 0.140625
0 0.34921875 0.40234375 0.1890625 0.1
0 0.38046875 0.5671875 0.1015625 0.1890625
0 0.0578125 0.6203125 0.115625 0.1796875