0 0.04296875 0.14453125 0.0859375 0.1078125
0 0.18671875 0.1140625 0.1109375 0.184375
0 0.140625 0.25625 0.1359375 0.0875
0 0.43984375 0.4046875 0.0796875 0.11875
0 0.028125 0.42890625 0.05625 0.0828125
0 0.0296875 0.315625 0.059375 0.109375
0 0.03671875 0.32890625 0.0734375 0.1078125
0 0.16875 0.4515625 0.0890625 0.0796875
0 0.2796875 0.265625 0.10625 0.0859375
0 0.30703125 0.146875 0.1 0.14375
0 0.43515625 0.2625 0.0890625 0.109375
0 0.02578125 0.2015625 0.0515625 0.0875
3 0.6234375 0.39609375 0.2875 0.2265625
0 0.04765625 0.53515625 0.0953125 0.0515625
0 0.11796875 0.53515625 0.1109375 0.0515625
0 0.21875 0.55078125 0.084375 0.0828125
0 0.02734375 0.5359375 0.0546875 0.053125
0 0.03203125 0.88203125 0.0640625 0.1796875
0 0.29140625 0.921875 0.025 0.13125
0 0.44609375 0.79140625 0.0671875 0.2015625
0 0.3515625 0.64375 0.034375 0.1125
0 0.01796875 0.5375 0.0359375 0.05625
0 0.3140625 0.53046875 0.01875 0.0421875
0 0.390625 0.53515625 0.0875 0.0515625
0 0.68046875 0.96640625 0.053125 0.0515625
0 0.7875 0.98359375 0.046875 0.0328125
0 0.73203125 0.91171875 0.059375 0.0515625
0 0.58671875 0.803125 0.0828125 0.04375
0 0.5015625 0.909375 0.04375 0.065625
0 0.50078125 0.775 0.0421875 0.04375
0 0.69296875 0.721875 0.0609375 0.125
0 0.5 0.73515625 0.040625 0.0546875
0 0.85390625 0.55390625 0.0546875 0.0515625
0 0.7859375 0.55234375 0.065625 0.0859375
0 0.9796875 0.7015625 0.040625 0.05625
0 0.825 0.74453125 0.0703125 0.1140625
0 0.9890625 0.52265625 0.01875 0.0265625
0 0.990625 0.58828125 0.01875 0.0203125
0 0.5296875 0.628125 0.1 0.078125
0 0.86953125 0.52109375 0.0578125 0.0234375
0 0.56796875 0.94453125 0.04375 0.0671875