0 0.40703125 0.3421875 0.0640625 0.034375
0 0.44609375 0.26171875 0.0828125 0.0640625
0 0.24453125 0.2625 0.09375 0.0734375
0 0.24765625 0.34296875 0.0578125 0.0328125
0 0.03828125 0.28203125 0.071875 0.0671875
0 0.56796875 0.26953125 0.0703125 0.0921875
0 0.66484375 0.24609375 0.0671875 0.0765625
0 0.028125 0.271875 0.05625 0.08125
0 0.3484375 0.246875 0.0546875 0.075
0 0.1375 0.25234375 0.0640625 0.06875
3 0.74453125 0.23046875 0.0890625 0.2578125
1 0.365625 0.93359375 0.4125 0.1328125
1 0.07734375 0.903125 0.1546875 0.109375
1 0.4484375 0.825 0.434375 0.084375
1 0.14296875 0.8328125 0.2859375 0.059375
1 0.2421875 0.7859375 0.2328125 0.05625
1 0.5015625 0.78046875 0.3828125 0.0515625
3 0.875 0.6234375 0.140625 0.4625