0 0.2484375 0.18359375 0.1609375 0.1203125
0 0.09296875 0.115625 0.1109375 0.1625
4 0.87265625 0.1421875 0.2125 0.23125
2 0.04375 0.69765625 0.0875 0.2390625
2 0.04921875 0.5515625 0.0984375 0.190625
2 0.14453125 0.84296875 0.2765625 0.3140625
2 0.3796875 0.83046875 0.165625 0.328125
2 0.165625 0.559375 0.1015625 0.2265625
1 0.71796875 0.94375 0.3296875 0.1125
1 0.76484375 0.8765625 0.325 0.1046875
1 0.94375 0.87578125 0.1125 0.1234375
1 0.57421875 0.8765625 0.1890625 0.11875
1 0.534375 0.95234375 0.109375 0.0953125
1 0.80390625 0.73984375 0.16875 0.075
1 0.94453125 0.7359375 0.1109375 0.059375