2 0.78984375 0.1125 0.2203125 0.225
2 0.72578125 0.06640625 0.0921875 0.1328125
2 0.8953125 0.078125 0.209375 0.15625
2 0.91015625 0.2109375 0.1796875 0.178125
2 0.7390625 0.20234375 0.11875 0.1953125
2 0.25078125 0.7359375 0.421875 0.2625
2 0.634375 0.73828125 0.090625 0.2640625
2 0.6109375 0.50625 0.1375 0.178125
2 0.27421875 0.5125 0.3046875 0.153125
2 0.04609375 0.51953125 0.0921875 0.1453125
2 0.22421875 0.36640625 0.4484375 0.0640625
0 0.71171875 0.60078125 0.0640625 0.2296875
0 0.71640625 0.36640625 0.0734375 0.1328125
0 0.8296875 0.4578125 0.0625 0.125
0 0.93125 0.63671875 0.0921875 0.1171875
0 0.840625 0.95390625 0.075 0.0921875
0 0.69453125 0.828125 0.0296875 0.084375
0 0.78828125 0.8171875 0.1328125 0.1125
0 0.9421875 0.85078125 0.115625 0.1890625
0 0.978125 0.44765625 0.04375 0.0828125
0 0.6890625 0.56953125 0.01875 0.0734375
0 0.69296875 0.3375 0.0265625 0.075
0 0.6921875 0.4171875 0.025 0.078125
0 0.70390625 0.85859375 0.0484375 0.1109375