0 0.453125 0.08359375 0.128125 0.090625
0 0.3078125 0.090625 0.121875 0.078125
0 0.02265625 0.084375 0.0453125 0.115625
0 0.02578125 0.09453125 0.0515625 0.0703125
0 0.01015625 0.084375 0.0203125 0.096875
2 0.68046875 0.3546875 0.2421875 0.1625
2 0.91328125 0.34140625 0.1734375 0.1328125
2 0.66484375 0.18359375 0.2109375 0.1515625
2 0.9046875 0.19609375 0.190625 0.1421875
2 0.74296875 0.075 0.3671875 0.059375
3 0.034375 0.73515625 0.06875 0.1828125
5 0.56484375 0.85078125 0.0109375 0.1203125
5 0.6625 0.69609375 0.20625 0.2546875
5 0.58984375 0.55625 0.0609375 0.19375
5 0.84140625 0.67890625 0.109375 0.1265625
5 0.946875 0.63671875 0.1015625 0.146875