0 0.659375 0.45390625 0.040625 0.0453125
0 0.81640625 0.30859375 0.078125 0.05
0 0.67265625 0.31875 0.0671875 0.059375
0 0.065625 0.88671875 0.115625 0.1609375
5 0.6625 0.74375 0.046875 0.059375
5 0.66328125 0.9171875 0.0484375 0.096875
5 0.72265625 0.953125 0.0828125 0.065625
5 0.7859375 0.8203125 0.11875 0.1453125
5 0.6890625 0.59296875 0.0640625 0.0515625
5 0.6625 0.6 0.046875 0.053125
5 0.66171875 0.590625 0.0453125 0.0375
5 0.65703125 0.59375 0.0359375 0.03125
5 0.828125 0.934375 0.109375 0.05625
5 0.9265625 0.859375 0.071875 0.0984375
5 0.69140625 0.68984375 0.1046875 0.0390625
5 0.78671875 0.6734375 0.0359375 0.0546875