0 0.05625 0.403125 0.1125 0.075
0 0.04296875 0.2953125 0.0859375 0.06875
0 0.01796875 0.2984375 0.0359375 0.078125
0 0.01328125 0.50234375 0.0265625 0.0609375
0 0.2265625 0.53359375 0.040625 0.0109375
0 0.303125 0.4890625 0.13125 0.1
0 0.3375 0.3984375 0.0625 0.065625
0 0.2515625 0.115625 0.084375 0.0671875
0 0.021875 0.0125 0.04375 0.025
0 0.8859375 0.33515625 0.0609375 0.0453125
0 0.66953125 0.40390625 0.1171875 0.090625
0 0.73671875 0.27890625 0.053125 0.0515625
0 0.84375 0.296875 0.046875 0.0328125
0 0.78828125 0.22421875 0.059375 0.0515625
0 0.64296875 0.115625 0.0828125 0.04375
0 0.5171875 0.22265625 0.0890625 0.0671875
0 0.51484375 0.08828125 0.0859375 0.04375
0 0.74921875 0.0484375 0.0609375 0.096875
0 0.40859375 0.04765625 0.0796875 0.0546875
0 0.909375 0.0125 0.053125 0.025
0 0.8421875 0.02421875 0.065625 0.0484375
0 0.88125 0.05703125 0.0703125 0.1140625
0 0.5828125 0.01953125 0.10625 0.0390625
0 0.92578125 0.01171875 0.0578125 0.0234375
0 0.96484375 0.48984375 0.0703125 0.0984375
0 0.62421875 0.25703125 0.04375 0.0671875
2 0.3015625 0.72890625 0.134375 0.3078125
2 0.09296875 0.78046875 0.1859375 0.4015625
2 0.084375 0.7765625 0.16875 0.36875
2 0.23671875 0.58203125 0.2046875 0.0859375
2 0.065625 0.584375 0.13125 0.090625
2 0.0578125 0.58671875 0.115625 0.0953125
2 0.01796875 0.58828125 0.0359375 0.0984375
3 0.7109375 0.9046875 0.478125 0.190625