0 0.02109375 0.01796875 0.0421875 0.0359375
0 0.01015625 0.00859375 0.0203125 0.0171875
0 0.009375 0.01015625 0.01875 0.0203125
0 0.00625 0.00703125 0.0125 0.0140625
0 0.00859375 0.02578125 0.0171875 0.0296875
0 0.02265625 0.00859375 0.0265625 0.0171875
0 0.04296875 0.0078125 0.0359375 0.015625
0 0.01015625 0.01953125 0.0203125 0.0390625
0 0.00859375 0.01796875 0.0171875 0.0359375
0 0.00546875 0.009375 0.0109375 0.01875
0 0.0078125 0.01328125 0.015625 0.0203125
0 0.04765625 0.065625 0.04375 0.0625
0 0.1484375 0.01171875 0.025 0.0234375
0 0.0078125 0.01640625 0.015625 0.0328125
0 0.009375 0.00859375 0.01875 0.0171875
0 0.01015625 0.0171875 0.0203125 0.034375
0 0.01015625 0.0078125 0.0203125 0.015625
0 0.0109375 0.01796875 0.021875 0.0359375
0 0.01328125 0.00625 0.0265625 0.0125
0 0.01171875 0.00859375 0.0234375 0.0171875
0 0.09453125 0.00546875 0.0796875 0.0109375
0 0.09140625 0.00546875 0.0203125 0.0109375
1 0.62890625 0.0328125 0.2859375 0.065625
1 0.8578125 0.07109375 0.26875 0.1421875
1 0.8765625 0.1171875 0.246875 0.165625
1 0.878125 0.190625 0.24375 0.184375
1 0.88359375 0.29296875 0.2328125 0.2328125
1 0.89296875 0.35625 0.2140625 0.146875
1 0.6390625 0.30234375 0.4 0.2546875
1 0.61796875 0.1953125 0.3578125 0.253125
1 0.6109375 0.090625 0.325 0.18125
4 0.09765625 0.7609375 0.1953125 0.3
4 0.2953125 0.7984375 0.2875 0.353125
0 0.50234375 0.884375 0.1265625 0.165625
0 0.61484375 0.8109375 0.0796875 0.084375
0 0.71328125 0.6203125 0.075 0.0546875
0 0.453125 0.94296875 0.028125 0.1140625
0 0.8125 0.77734375 0.08125 0.084375
0 0.94375 0.85078125 0.0796875 0.08125
0 0.45 0.59296875 0.021875 0.0953125
0 0.45 0.490625 0.021875 0.103125
0 0.45703125 0.77578125 0.0359375 0.1046875