0 0.05078125 0.3 0.1015625 0.175
0 0.31015625 0.096875 0.4578125 0.19375
0 0.05546875 0.01796875 0.1109375 0.0359375
0 0.2328125 0.0203125 0.2875 0.040625
4 0.5546875 0.17265625 0.03125 0.0921875
4 0.66484375 0.04296875 0.0859375 0.0859375
4 0.8671875 0.03671875 0.0625 0.0734375
4 0.90859375 0.21171875 0.071875 0.075
4 0.5703125 0.34609375 0.0625 0.0921875
0 0.34453125 0.94296875 0.04375 0.08125
0 0.45859375 0.95078125 0.1609375 0.0984375
0 0.24375 0.98046875 0.109375 0.0390625
0 0.040625 0.8671875 0.08125 0.159375
0 0.03125 0.8609375 0.0625 0.11875
0 0.01953125 0.70703125 0.0390625 0.0671875
0 0.2109375 0.85234375 0.0609375 0.0921875
1 0.76953125 0.8015625 0.4609375 0.396875
1 0.76953125 0.70234375 0.4609375 0.3046875
1 0.80546875 0.63203125 0.3890625 0.1703125