0 0.534375 0.48203125 0.1203125 0.1140625
0 0.40859375 0.44375 0.0640625 0.096875
0 0.17265625 0.5515625 0.0796875 0.1734375
0 0.1953125 0.87734375 0.1 0.0859375
0 0.02578125 0.78125 0.0515625 0.06875
0 0.84140625 0.7828125 0.0765625 0.0984375
0 0.921875 0.92890625 0.0984375 0.1421875
0 0.95625 0.6078125 0.0734375 0.1890625
0 0.82578125 0.38046875 0.084375 0.1015625
0 0.946875 0.29765625 0.10625 0.0734375
0 0.8078125 0.22734375 0.090625 0.09375
0 0.5375 0.23671875 0.0984375 0.0953125
0 0.6640625 0.2140625 0.0953125 0.0828125
0 0.63125 0.0484375 0.0484375 0.0484375
0 0.5796875 0.11484375 0.040625 0.1140625
0 0.440625 0.159375 0.0375 0.071875
0 0.40546875 0.20546875 0.053125 0.06875
0 0.26875 0.09296875 0.065625 0.059375
0 0.39609375 0.284375 0.03125 0.059375