1 0.625 0.32265625 0.75 0.6140625
1 0.56875 0.48203125 0.6375 0.2953125
0 0.03046875 0.6421875 0.0609375 0.025
0 0.0328125 0.640625 0.065625 0.021875
0 0.0359375 0.65625 0.071875 0.053125
0 0.04140625 0.871875 0.0828125 0.1
0 0.084375 0.659375 0.11875 0.059375
0 0.03359375 0.65859375 0.0671875 0.0578125
0 0.0890625 0.68515625 0.128125 0.1109375
0 0.2265625 0.659375 0.046875 0.059375
0 0.21875 0.65546875 0.0625 0.0515625
0 0.034375 0.6453125 0.06875 0.03125
0 0.13203125 0.64453125 0.0734375 0.0296875
0 0.015625 0.66640625 0.03125 0.0734375
0 0.10234375 0.64765625 0.0671875 0.0359375
0 0.15078125 0.95859375 0.1984375 0.0828125
3 0.7171875 0.81484375 0.3375 0.3703125