0 0.19453125 0.8 0.13125 0.2375
0 0.21328125 0.50234375 0.0671875 0.0828125
0 0.22421875 0.6609375 0.0875 0.0671875
0 0.1546875 0.6 0.0671875 0.059375
0 0.43046875 0.70078125 0.053125 0.090625
0 0.553125 0.5875 0.040625 0.090625
0 0.165625 0.30546875 0.0828125 0.059375
0 0.321875 0.30234375 0.0828125 0.0859375
0 0.2296875 0.39765625 0.071875 0.0765625
0 0.3484375 0.46015625 0.0921875 0.090625
0 0.3421875 0.6546875 0.0609375 0.1734375
0 0.3578125 0.82265625 0.0671875 0.121875
0 0.7109375 0.78046875 0.065625 0.0734375
0 0.75703125 0.56796875 0.03125 0.103125
0 0.54296875 0.70625 0.0578125 0.0875