0 0.03671875 0.4453125 0.0734375 0.128125
0 0.02109375 0.546875 0.0421875 0.03125
0 0.21640625 0.39375 0.1578125 0.1171875
0 0.47734375 0.44140625 0.1453125 0.1109375
0 0.2078125 0.2578125 0.1921875 0.1453125
0 0.021875 0.3046875 0.04375 0.115625
0 0.03203125 0.30234375 0.0640625 0.1609375
0 0.425 0.2015625 0.184375 0.0875
2 0.6328125 0.3921875 0.165625 0.203125
2 0.83203125 0.30390625 0.209375 0.159375
2 0.61796875 0.3421875 0.1359375 0.19375
2 0.6046875 0.228125 0.109375 0.084375
2 0.60625 0.175 0.1125 0.078125
2 0.59609375 0.25390625 0.0921875 0.1484375
5 0.053125 0.871875 0.10625 0.125
5 0.06953125 0.7046875 0.13125 0.0640625
5 0.221875 0.7421875 0.096875 0.05625
5 0.3109375 0.9015625 0.090625 0.071875
5 0.48046875 0.92890625 0.0359375 0.05625
5 0.5328125 0.92734375 0.034375 0.0984375
5 0.0359375 0.6109375 0.071875 0.04375
5 0.12578125 0.621875 0.2515625 0.065625
5 0.43515625 0.70859375 0.2296875 0.09375
5 0.48359375 0.83671875 0.1328125 0.0984375
1 0.775 0.79453125 0.45 0.4109375
1 0.775 0.6546875 0.45 0.13125
1 0.6484375 0.640625 0.196875 0.103125