0 0.04296875 0.34296875 0.0859375 0.1109375
0 0.25546875 0.14765625 0.2484375 0.090625
0 0.30546875 0.29140625 0.2 0.11875
0 0.42734375 0.2203125 0.0453125 0.0625
0 0.0234375 0.4640625 0.046875 0.0375
0 0.028125 0.22734375 0.05625 0.0671875
0 0.03203125 0.15703125 0.0640625 0.0796875
0 0.02421875 0.13125 0.0484375 0.059375
0 0.05546875 0.06875 0.084375 0.0671875
0 0.409375 0.06953125 0.08125 0.0953125
2 0.496875 0.4234375 0.09375 0.184375
2 0.66015625 0.45390625 0.140625 0.109375
0 0.08828125 0.6203125 0.1765625 0.140625
0 0.0296875 0.6203125 0.059375 0.05625
1 0.66953125 0.775 0.4390625 0.45
1 0.92734375 0.79921875 0.1453125 0.4015625