5 0.78515625 0.2921875 0.159375 0.1296875
5 0.6984375 0.284375 0.0375 0.078125
5 0.70234375 0.25546875 0.0453125 0.0703125
5 0.7015625 0.25234375 0.04375 0.0671875
5 0.70625 0.2890625 0.053125 0.071875
5 0.703125 0.371875 0.046875 0.1375
5 0.7734375 0.5375 0.10625 0.0625
5 0.7078125 0.48984375 0.05625 0.1015625
5 0.696875 0.4328125 0.034375 0.0875
5 0.72109375 0.42421875 0.0828125 0.1828125
5 0.034375 0.5875 0.06875 0.0375
5 0.01875 0.58984375 0.0375 0.0421875
5 0.0328125 0.5921875 0.065625 0.046875
5 0.14765625 0.6015625 0.1484375 0.065625
5 0.265625 0.63828125 0.065625 0.1390625
5 0.18515625 0.77421875 0.11875 0.2375
5 0.07265625 0.9328125 0.1234375 0.134375
1 0.83984375 0.90078125 0.3203125 0.1984375
1 0.83984375 0.8859375 0.3203125 0.228125
1 0.84296875 0.8734375 0.3140625 0.253125
1 0.77890625 0.740625 0.1984375 0.234375
1 0.76953125 0.71328125 0.1796875 0.2109375
1 0.759375 0.71484375 0.159375 0.2203125
1 0.7921875 0.70234375 0.225 0.1859375
1 0.8765625 0.7015625 0.2390625 0.1453125
1 0.75390625 0.62890625 0.1484375 0.1203125
1 0.74453125 0.61875 0.1296875 0.1
1 0.74140625 0.6203125 0.1234375 0.103125