0 0.25390625 0.43984375 0.2625 0.08125
0 0.04296875 0.49765625 0.0859375 0.0453125
2 0.77109375 0.55 0.1796875 0.0375
2 0.5125 0.25703125 0.20625 0.1171875
2 0.8203125 0.33203125 0.234375 0.0765625
2 0.9203125 0.496875 0.159375 0.078125
2 0.98125 0.3328125 0.0375 0.153125
2 0.64140625 0.1078125 0.196875 0.1484375
2 0.8515625 0.17578125 0.1328125 0.1625
2 0.4625 0.0359375 0.10625 0.071875
2 0.46484375 0.128125 0.1109375 0.078125
2 0.484375 0.0640625 0.1046875 0.0484375
2 0.95234375 0.55078125 0.0953125 0.0359375
2 0.43515625 0.22890625 0.0515625 0.1296875
1 0.7046875 0.784375 0.590625 0.43125