0 0.03984375 0.28125 0.0796875 0.253125
0 0.33359375 0.375 0.1578125 0.20625
5 0.92734375 0.4671875 0.0296875 0.065625
5 0.7890625 0.4703125 0.11875 0.059375
5 0.49921875 0.4171875 0.0609375 0.10625
5 0.534375 0.4390625 0.115625 0.11875
5 0.55078125 0.2609375 0.1421875 0.0765625
5 0.684375 0.29375 0.0859375 0.065625
5 0.6171875 0.215625 0.1359375 0.0984375
5 0.72890625 0.2390625 0.0734375 0.075
5 0.82109375 0.27734375 0.0578125 0.053125
5 0.50078125 0.1359375 0.0640625 0.08125
5 0.49140625 0.10625 0.0453125 0.096875
5 0.5671875 0.1453125 0.0859375 0.0734375
5 0.94453125 0.33046875 0.1109375 0.0796875
5 0.9234375 0.36875 0.153125 0.059375
5 0.76796875 0.18671875 0.1703125 0.10625
5 0.9375 0.25390625 0.125 0.1015625
5 0.4921875 0.0359375 0.046875 0.071875
1 0.23984375 0.88515625 0.4578125 0.2296875
1 0.234375 0.79921875 0.46875 0.2515625
1 0.40546875 0.7328125 0.1265625 0.140625
2 0.490625 0.534375 0.04375 0.06875
2 0.61328125 0.5796875 0.1984375 0.159375
2 0.81875 0.53125 0.24375 0.0625
2 0.96015625 0.6625 0.0796875 0.325
2 0.6640625 0.878125 0.2 0.24375
2 0.85 0.915625 0.121875 0.16875
2 0.8078125 0.6421875 0.1765625 0.1828125