0 0.7328125 0.5953125 0.0515625 0.0875
0 0.7328125 0.70703125 0.0875 0.1375
0 0.77265625 0.8328125 0.075 0.0765625
0 0.61328125 0.72421875 0.1546875 0.103125
0 0.68046875 0.25859375 0.0578125 0.0828125
0 0.68515625 0.34296875 0.0609375 0.08125
0 0.715625 0.42578125 0.0703125 0.0578125
0 0.603125 0.39375 0.0921875 0.0453125
0 0.6234375 0.4484375 0.1046875 0.05
0 0.49921875 0.54765625 0.10625 0.075
0 0.3796875 0.41171875 0.0859375 0.06875
0 0.48203125 0.41796875 0.084375 0.0984375
0 0.57265625 0.2890625 0.1328125 0.0921875
0 0.2296875 0.63203125 0.0703125 0.0515625
0 0.496875 0.846875 0.1171875 0.053125
0 0.2546875 0.4359375 0.0609375 0.0765625
0 0.31640625 0.7828125 0.0796875 0.0625
0 0.63828125 0.565625 0.084375 0.10625