0 0.83984375 0.4296875 0.05625 0.16875
0 0.696875 0.6234375 0.046875 0.1375
0 0.57734375 0.68359375 0.04375 0.090625
0 0.6234375 0.87265625 0.0875 0.0984375
0 0.4515625 0.928125 0.0453125 0.128125
0 0.38984375 0.871875 0.040625 0.1
0 0.53125 0.5 0.0484375 0.1
0 0.3890625 0.6265625 0.0578125 0.1046875
0 0.28984375 0.5359375 0.034375 0.1359375
0 0.2 0.51640625 0.078125 0.09375
0 0.409375 0.43359375 0.0765625 0.11875
0 0.33515625 0.41796875 0.05 0.128125
0 0.82578125 0.62578125 0.059375 0.1203125
0 0.65546875 0.45390625 0.034375 0.071875
0 0.8984375 0.88046875 0.1375 0.228125