0 0.82265625 0.58125 0.0734375 0.096875
0 0.7453125 0.7046875 0.1140625 0.0890625
0 0.84609375 0.87734375 0.046875 0.10625
0 0.15546875 0.925 0.0921875 0.09375
0 0.046875 0.9015625 0.0546875 0.0734375
0 0.19140625 0.70859375 0.075 0.153125
0 0.46015625 0.40625 0.0734375 0.090625
0 0.24375 0.36953125 0.0640625 0.053125
0 0.18203125 0.4765625 0.0859375 0.0875
0 0.28359375 0.6875 0.0421875 0.084375
0 0.684375 0.59765625 0.059375 0.084375
0 0.62890625 0.5421875 0.0421875 0.0625
0 0.83828125 0.43046875 0.040625 0.0578125
0 0.93515625 0.34375 0.0796875 0.065625
0 0.915625 0.17890625 0.0484375 0.0375
0 0.66484375 0.2421875 0.0703125 0.0296875
0 0.68359375 0.128125 0.075 0.0484375
0 0.35859375 0.28515625 0.0875 0.05625
0 0.28515625 0.16015625 0.046875 0.0640625
0 0.309375 0.446875 0.0296875 0.0453125
0 0.09140625 0.271875 0.06875 0.0828125
0 0.46484375 0.88203125 0.0484375 0.103125
0 0.68359375 0.9484375 0.0921875 0.0890625
0 0.93203125 0.6890625 0.08125 0.075
0 0.91796875 0.54453125 0.0578125 0.115625
0 0.6140625 0.36875 0.1171875 0.0546875
0 0.51328125 0.25703125 0.0875 0.0734375
0 0.86015625 0.3046875 0.0296875 0.065625
0 0.2796875 0.26953125 0.0328125 0.0671875
0 0.20234375 0.2953125 0.0546875 0.028125
0 0.32265625 0.8265625 0.103125 0.0921875
0 0.46640625 0.76171875 0.1125 0.1125
0 0.04921875 0.55859375 0.090625 0.0921875