0 0.05390625 0.30859375 0.1078125 0.1640625
0 0.04453125 0.125 0.0890625 0.08125
1 0.56328125 0.17890625 0.2484375 0.2796875
1 0.74765625 0.2171875 0.434375 0.221875
1 0.759375 0.415625 0.48125 0.26875
0 0.009375 0.809375 0.01875 0.1625
0 0.0140625 0.9671875 0.028125 0.065625
0 0.01875 0.8609375 0.0375 0.178125
0 0.29453125 0.9390625 0.0390625 0.075
0 0.240625 0.94765625 0.040625 0.1046875
0 0.41640625 0.97109375 0.0453125 0.0578125
0 0.38515625 0.890625 0.078125 0.0765625
0 0.415625 0.69921875 0.046875 0.1296875
0 0.1234375 0.7234375 0.0609375 0.128125
0 0.01796875 0.58515625 0.0359375 0.0703125
0 0.0171875 0.5921875 0.034375 0.084375
0 0.02890625 0.58046875 0.0578125 0.0609375
0 0.246875 0.596875 0.075 0.09375
0 0.3578125 0.59140625 0.090625 0.0828125
0 0.13046875 0.5875 0.0796875 0.075
0 0.034375 0.58125 0.065625 0.0625
0 0.33203125 0.578125 0.0828125 0.05625
0 0.42265625 0.57265625 0.0328125 0.0453125