0 0.4890625 0.4046875 0.1375 0.0734375
0 0.63984375 0.34609375 0.0203125 0.0640625
0 0.5125 0.2421875 0.2140625 0.1421875
0 0.6125 0.121875 0.075 0.040625
0 0.50078125 0.1453125 0.0546875 0.0609375
5 0.6921875 0.04375 0.084375 0.0875
5 0.6640625 0.040625 0.028125 0.08125
5 0.6953125 0.03828125 0.090625 0.0765625
5 0.83359375 0.01953125 0.1296875 0.0390625
5 0.90390625 0.04375 0.1296875 0.0875
5 0.93671875 0.13671875 0.1265625 0.0859375
5 0.96640625 0.315625 0.0671875 0.065625
5 0.675 0.01328125 0.05 0.0265625
2 0.35546875 0.8203125 0.18125 0.259375
2 0.17734375 0.7125 0.1625 0.19375
2 0.03359375 0.8921875 0.0671875 0.215625
2 0.5125 0.6640625 0.18125 0.128125
2 0.73359375 0.96171875 0.1671875 0.0765625
2 0.95859375 0.93671875 0.0828125 0.1265625
2 0.71796875 0.7578125 0.1359375 0.14375
2 0.878125 0.69453125 0.1796875 0.1453125