0 0.42578125 0.28203125 0.1203125 0.2421875
0 0.55703125 0.50625 0.04375 0.0796875
0 0.49609375 0.03828125 0.0640625 0.0765625
0 0.58359375 0.2703125 0.0109375 0.090625
1 0.71875 0.39375 0.259375 0.35
1 0.82578125 0.41953125 0.3484375 0.2984375
1 0.79453125 0.284375 0.4109375 0.56875
1 0.80078125 0.128125 0.2796875 0.25625
1 0.84609375 0.2046875 0.3078125 0.409375
2 0.26015625 0.66171875 0.1640625 0.1859375
2 0.396875 0.8359375 0.11875 0.328125
2 0.5265625 0.94921875 0.125 0.1015625
2 0.1953125 0.91796875 0.240625 0.1640625
2 0.11796875 0.75078125 0.1015625 0.2609375
2 0.03046875 0.9109375 0.0609375 0.178125
2 0.0125 0.953125 0.025 0.09375
3 0.71953125 0.74140625 0.2609375 0.0953125