0 0.15390625 0.5984375 0.1203125 0.103125
0 0.271875 0.3046875 0.09375 0.0671875
0 0.0921875 0.38046875 0.146875 0.0671875
0 0.253125 0.459375 0.125 0.0578125
0 0.02734375 0.303125 0.0546875 0.140625
4 0.90625 0.35625 0.1484375 0.1609375
2 0.78671875 0.934375 0.0953125 0.13125
2 0.678125 0.784375 0.121875 0.2546875
2 0.52890625 0.71953125 0.1359375 0.1390625
2 0.46484375 0.89609375 0.1296875 0.0796875
2 0.85234375 0.696875 0.2078125 0.09375
2 0.5609375 0.671875 0.178125 0.04375
2 0.446875 0.6890625 0.09375 0.078125