0 0.06015625 0.27421875 0.1171875 0.153125
0 0.01953125 0.25703125 0.0390625 0.1015625
0 0.0421875 0.04296875 0.075 0.0859375
0 0.17265625 0.0234375 0.0484375 0.046875
0 0.353125 0.1765625 0.1140625 0.14375
0 0.34921875 0.05390625 0.0921875 0.1078125
0 0.41640625 0.3875 0.0265625 0.184375
0 0.36796875 0.56640625 0.1140625 0.0953125
0 0.0234375 0.61953125 0.046875 0.0984375
0 0.028125 0.29375 0.05625 0.15625
0 0.02734375 0.56171875 0.0546875 0.1203125
0 0.03203125 0.04140625 0.0640625 0.0828125
0 0.14140625 0.021875 0.0921875 0.04375
0 0.20390625 0.1953125 0.0921875 0.1046875
0 0.634375 0.16015625 0.1140625 0.1609375
2 0.35546875 0.93515625 0.1484375 0.1296875
2 0.34140625 0.76171875 0.1765625 0.1515625
2 0.06875 0.7578125 0.1140625 0.1640625
2 0.290625 0.6875 0.13125 0.0375
2 0.0984375 0.6859375 0.071875 0.034375
2 0.5046875 0.9765625 0.15 0.046875
2 0.7171875 0.98203125 0.209375 0.0359375
2 0.9265625 0.9796875 0.146875 0.040625
2 0.55234375 0.88671875 0.2453125 0.1078125
2 0.7796875 0.89921875 0.1578125 0.1484375
2 0.5046875 0.79921875 0.15 0.0859375
2 0.45234375 0.8171875 0.0453125 0.19375