0 0.04921875 0.18984375 0.0984375 0.0953125
0 0.19765625 0.1640625 0.109375 0.1640625
0 0.153125 0.28984375 0.134375 0.078125
0 0.44765625 0.4046875 0.0796875 0.06875
0 0.02734375 0.4234375 0.0546875 0.03125
0 0.0296875 0.3421875 0.059375 0.096875
0 0.0484375 0.35546875 0.078125 0.096875
0 0.290625 0.2984375 0.1046875 0.0765625
0 0.3171875 0.19296875 0.0984375 0.128125
0 0.4453125 0.2953125 0.0921875 0.0984375
0 0.02578125 0.24140625 0.0515625 0.0765625
1 0.25 0.71953125 0.5 0.5609375
2 0.76484375 0.959375 0.4703125 0.08125
2 0.6578125 0.86640625 0.259375 0.1140625
2 0.578125 0.6453125 0.15625 0.128125
2 0.53203125 0.8015625 0.0640625 0.215625
2 0.53828125 0.871875 0.0765625 0.25625
2 0.93359375 0.759375 0.1328125 0.228125