0 0.18515625 0.43359375 0.2078125 0.078125
0 0.13984375 0.31953125 0.175 0.0578125
0 0.14296875 0.0734375 0.096875 0.0546875
0 0.28359375 0.0109375 0.1234375 0.021875
0 0.4578125 0.01484375 0.121875 0.0296875
0 0.42890625 0.0890625 0.1328125 0.0671875
0 0.40078125 0.4953125 0.109375 0.04375
0 0.021875 0.01953125 0.04375 0.0390625
0 0.02734375 0.2078125 0.0546875 0.040625
0 0.0203125 0.0109375 0.040625 0.021875
3 0.94765625 0.478125 0.1046875 0.1625
2 0.084375 0.86484375 0.16875 0.2703125
2 0.33984375 0.86484375 0.3046875 0.2703125
2 0.1390625 0.6546875 0.228125 0.190625
2 0.3796875 0.6578125 0.23125 0.196875
2 0.02265625 0.6640625 0.0453125 0.209375
2 0.0125 0.62890625 0.025 0.1390625
2 0.01953125 0.66640625 0.0390625 0.2140625
2 0.2890625 0.59765625 0.4375 0.0765625
2 0.0703125 0.59375 0.140625 0.06875
2 0.03828125 0.91328125 0.0765625 0.1734375
0 0.65234375 0.66484375 0.2671875 0.2109375