0 0.09140625 0.0578125 0.1203125 0.1015625
0 0.3140625 0.11875 0.059375 0.0515625
0 0.27265625 0.01171875 0.0359375 0.0234375
0 0.10859375 0.009375 0.1109375 0.01875
1 0.78984375 0.29453125 0.4203125 0.5890625
0 0.021875 0.96015625 0.04375 0.0765625
0 0.009375 0.98828125 0.01875 0.0234375
0 0.3 0.76015625 0.040625 0.040625
0 0.66796875 0.82890625 0.1171875 0.153125
0 0.59921875 0.81171875 0.0390625 0.1015625
0 0.65 0.61484375 0.075 0.0515625
0 0.78046875 0.6125 0.0484375 0.046875
0 0.9515625 0.73046875 0.096875 0.1421875
0 0.95546875 0.62578125 0.0890625 0.0734375
0 0.6078125 0.8484375 0.05625 0.15625
0 0.61171875 0.63046875 0.0640625 0.0828125
0 0.74921875 0.6109375 0.0921875 0.04375
0 0.81171875 0.75 0.0921875 0.1046875