0 0.88671875 0.903125 0.13125 0.16875
0 0.58046875 0.78359375 0.103125 0.1859375
0 0.74140625 0.78046875 0.0734375 0.0984375
0 0.29921875 0.78203125 0.13125 0.134375
0 0.43984375 0.4921875 0.1046875 0.0703125
0 0.2953125 0.40859375 0.0796875 0.1703125
0 0.70390625 0.37109375 0.19375 0.0734375
0 0.12421875 0.71640625 0.08125 0.046875
0 0.02578125 0.89921875 0.0515625 0.0921875
0 0.15390625 0.93828125 0.0625 0.0515625
0 0.47421875 0.90703125 0.0859375 0.05625
0 0.93984375 0.37265625 0.090625 0.084375