0 0.009375 0.690625 0.01875 0.1375
0 0.02890625 0.7125 0.0578125 0.09375
0 0.51171875 0.59296875 0.0359375 0.1296875
0 0.225 0.6171875 0.0609375 0.128125
0 0.01875 0.42890625 0.0375 0.1421875
0 0.0171875 0.45234375 0.034375 0.1515625
0 0.1234375 0.38125 0.071875 0.1234375
0 0.34921875 0.4875 0.075 0.1
0 0.46015625 0.4109375 0.090625 0.165625
0 0.23203125 0.4203125 0.0796875 0.1515625
0 0.13671875 0.2109375 0.0671875 0.125
0 0.434375 0.19453125 0.0828125 0.1140625
0 0.51875 0.23046875 0.021875 0.0921875
3 0.78515625 0.4515625 0.4296875 0.596875
5 0.45390625 0.834375 0.1515625 0.15
5 0.22109375 0.85703125 0.2828125 0.1953125
5 0.059375 0.8625 0.11875 0.20625
5 0.01875 0.87734375 0.0375 0.2359375
1 0.5671875 0.9671875 0.075 0.065625
1 0.61875 0.94609375 0.1125 0.1078125
1 0.678125 0.96640625 0.1 0.0671875
1 0.58828125 0.8796875 0.1171875 0.1125
1 0.58359375 0.8515625 0.1078125 0.125
1 0.61484375 0.83515625 0.1703125 0.1203125
1 0.70859375 0.825 0.215625 0.109375
1 0.80859375 0.81640625 0.1921875 0.1140625
1 0.87734375 0.90859375 0.2453125 0.1828125
1 0.79140625 0.909375 0.4046875 0.18125
1 0.58046875 0.82109375 0.1015625 0.0953125
1 0.57578125 0.80625 0.0921875 0.09375
1 0.57578125 0.8015625 0.0921875 0.084375