0 0.05625 0.528125 0.1125 0.075
0 0.04296875 0.4203125 0.0859375 0.06875
0 0.01796875 0.4234375 0.0359375 0.078125
0 0.0140625 0.68046875 0.028125 0.0578125
0 0.009375 0.68515625 0.01875 0.0484375
0 0.01328125 0.62734375 0.0265625 0.0609375
0 0.33515625 0.6734375 0.040625 0.0390625
0 0.43671875 0.615625 0.18125 0.103125
0 0.496875 0.5234375 0.165625 0.065625
0 0.359375 0.240625 0.084375 0.06875
0 0.021875 0.0125 0.04375 0.025
3 0.6609375 0.4421875 0.1625 0.315625
3 0.91875 0.43359375 0.1625 0.5515625
3 0.23046875 0.91484375 0.2984375 0.1703125
3 0.64921875 0.74453125 0.1390625 0.0703125
3 0.921875 0.7453125 0.15625 0.071875