0 0.30859375 0.59921875 0.1078125 0.1015625
0 0.21875 0.83984375 0.125 0.084375
0 0.2 0.73984375 0.1078125 0.0828125
0 0.71015625 0.86640625 0.05 0.075
0 0.62890625 0.87421875 0.04375 0.0609375
0 0.28828125 0.5921875 0.0515625 0.0671875
0 0.31796875 0.671875 0.0546875 0.0421875
0 0.3296875 0.771875 0.0765625 0.0515625
0 0.48046875 0.86328125 0.14375 0.04375
0 0.1546875 0.56953125 0.06875 0.0828125
0 0.5 0.68125 0.096875 0.090625
0 0.8625 0.95390625 0.046875 0.078125
0 0.675 0.95 0.10625 0.059375
0 0.68125 0.584375 0.040625 0.0453125
0 0.909375 0.87421875 0.0953125 0.046875
0 0.55234375 0.77265625 0.11875 0.0703125