0 0.41484375 0.353125 0.3078125 0.153125
0 0.028125 0.29609375 0.05625 0.0734375
2 0.840625 0.35546875 0.31875 0.1484375
2 0.66484375 0.3578125 0.1921875 0.14375
2 0.784375 0.16328125 0.43125 0.2046875
2 0.784375 0.03203125 0.43125 0.0640625
2 0.784375 0.02109375 0.43125 0.0421875
1 0.34765625 0.78046875 0.4421875 0.4390625
1 0.1578125 0.7890625 0.315625 0.421875
1 0.13046875 0.540625 0.2609375 0.15
1 0.3625 0.53828125 0.4125 0.1578125
2 0.64609375 0.55859375 0.1546875 0.2578125
2 0.84296875 0.5546875 0.3140625 0.25
2 0.88125 0.85625 0.2375 0.2875
2 0.65625 0.8453125 0.175 0.309375
2 0.60625 0.8625 0.075 0.275
2 0.61484375 0.4671875 0.0921875 0.075
2 0.71640625 0.4640625 0.2546875 0.06875
2 0.93125 0.46171875 0.1375 0.0640625
2 0.58671875 0.453125 0.0359375 0.046875