0 0.4828125 0.23984375 0.075 0.0484375
0 0.50703125 0.27890625 0.090625 0.0265625
0 0.63515625 0.321875 0.0828125 0.059375
0 0.69453125 0.40078125 0.0484375 0.0796875
0 0.69296875 0.50625 0.0515625 0.090625
0 0.6703125 0.6171875 0.096875 0.04375
0 0.31015625 0.596875 0.0328125 0.084375
0 0.49140625 0.4921875 0.1359375 0.1140625
0 0.0234375 0.15703125 0.046875 0.0765625
0 0.09453125 0.11640625 0.059375 0.0546875
0 0.425 0.33984375 0.0515625 0.071875
0 0.15703125 0.4296875 0.059375 0.0984375
0 0.53984375 0.10703125 0.1109375 0.08125
0 0.36328125 0.084375 0.0859375 0.0796875
0 0.01953125 0.4875 0.0390625 0.09375
0 0.90703125 0.61640625 0.1328125 0.0453125
0 0.984375 0.5609375 0.03125 0.096875
0 0.76015625 0.609375 0.0828125 0.059375
2 0.53515625 0.9703125 0.3671875 0.059375
0 0.9390625 0.97265625 0.04375 0.0546875
0 0.74765625 0.9109375 0.0578125 0.159375
0 0.75 0.9046875 0.0625 0.11875
0 0.734375 0.75078125 0.03125 0.0671875
0 0.80625 0.89609375 0.059375 0.0921875