0 0.3109375 0.2859375 0.096875 0.15
2 0.67890625 0.209375 0.2015625 0.41875
2 0.44375 0.21640625 0.16875 0.3484375
2 0.93203125 0.13125 0.1359375 0.2625
2 0.9390625 0.365625 0.121875 0.10625
2 0.44140625 0.0421875 0.1640625 0.084375
2 0.453125 0.02109375 0.1875 0.0421875
2 0.90234375 0.0421875 0.1953125 0.084375
1 0.13046875 0.7828125 0.2609375 0.10625
1 0.1796875 0.88515625 0.359375 0.2234375
1 0.12578125 0.8796875 0.2515625 0.175
1 0.1796875 0.73203125 0.359375 0.1453125
1 0.1796875 0.6640625 0.359375 0.09375
2 0.4140625 0.7015625 0.109375 0.184375
2 0.51953125 0.67890625 0.2890625 0.140625
2 0.425 0.49765625 0.13125 0.1578125
2 0.47109375 0.5015625 0.1921875 0.165625
2 0.75625 0.5515625 0.16875 0.2234375
2 0.93515625 0.5640625 0.1296875 0.228125
2 0.853125 0.8359375 0.16875 0.225
2 0.9890625 0.92265625 0.021875 0.1453125
2 0.73046875 0.44609375 0.2546875 0.0546875
2 0.421875 0.4453125 0.125 0.053125
2 0.46328125 0.440625 0.1453125 0.04375
2 0.63359375 0.44921875 0.2046875 0.0609375
2 0.853125 0.43984375 0.109375 0.0421875
2 0.4328125 0.446875 0.146875 0.05625
2 0.60703125 0.440625 0.2421875 0.04375