0 0.0734375 0.0640625 0.1234375 0.05
0 0.0734375 0.14140625 0.1328125 0.0453125
0 0.15078125 0.4125 0.146875 0.1078125
0 0.11328125 0.65078125 0.1671875 0.0765625
0 0.4890625 0.3109375 0.11875 0.1203125
0 0.35 0.35859375 0.134375 0.115625
0 0.49453125 0.47578125 0.1296875 0.1125
0 0.43984375 0.175 0.06875 0.0640625
0 0.5296875 0.21015625 0.059375 0.0609375
0 0.3453125 0.04453125 0.0625 0.0890625
0 0.50703125 0.01796875 0.0671875 0.0359375
5 0.684375 0.59453125 0.1125 0.090625
5 0.59140625 0.5421875 0.0640625 0.115625
5 0.86796875 0.59765625 0.196875 0.1453125
5 0.86796875 0.3953125 0.071875 0.0953125
5 0.70859375 0.38359375 0.1765625 0.0828125
5 0.5796875 0.2359375 0.040625 0.09375
5 0.59453125 0.34921875 0.0703125 0.0984375
5 0.596875 0.49609375 0.075 0.2015625
5 0.58046875 0.3109375 0.0421875 0.1375
5 0.5734375 0.04453125 0.028125 0.0890625
5 0.5953125 0.03046875 0.071875 0.0609375
5 0.9203125 0.28359375 0.146875 0.10625
5 0.796875 0.1359375 0.165625 0.11875
5 0.6953125 0.0421875 0.225 0.084375
5 0.921875 0.04453125 0.15625 0.0890625
5 0.64921875 0.0296875 0.1796875 0.059375
1 0.28125 0.85546875 0.39582812500000003 0.20573437499999997