0 0.03125 0.12734375 0.0625 0.1828125
1 0.66796875 0.3484375 0.0984375 0.33125
1 0.65625 0.325 0.075 0.25625
1 0.6421875 0.1234375 0.046875 0.140625
1 0.640625 0.11875 0.04375 0.134375
1 0.640625 0.115625 0.04375 0.146875
1 0.63203125 0.034375 0.0265625 0.06875
1 0.63125 0.03671875 0.025 0.0734375
1 0.65625 0.3390625 0.075 0.359375
1 0.6421875 0.1265625 0.046875 0.134375
1 0.640625 0.12734375 0.04375 0.1390625
1 0.63359375 0.04609375 0.0296875 0.0546875
1 0.0078125 0.70625 0.015625 0.034375
1 0.00625 0.70390625 0.0125 0.0296875
1 0.01328125 0.70703125 0.0265625 0.0359375
1 0.0109375 0.71171875 0.021875 0.0453125
1 0.01015625 0.70859375 0.0203125 0.0390625
1 0.00703125 0.70234375 0.0140625 0.0265625
1 0.00703125 0.7078125 0.0140625 0.0375
1 0.00859375 0.7046875 0.0171875 0.03125
1 0.01015625 0.70546875 0.0203125 0.0328125
1 0.01171875 0.70625 0.0234375 0.034375
1 0.009375 0.7046875 0.01875 0.03125
1 0.0125 0.709375 0.025 0.040625
1 0.0046875 0.69609375 0.009375 0.0140625
1 0.00625 0.696875 0.0125 0.015625
1 0.00703125 0.703125 0.0140625 0.028125
1 0.00625 0.7015625 0.0125 0.025
1 0.0046875 0.7 0.009375 0.021875
1 0.0078125 0.70703125 0.015625 0.0359375
1 0.009375 0.70859375 0.01875 0.0390625
1 0.00703125 0.7 0.0140625 0.021875
1 0.00546875 0.69765625 0.0109375 0.0171875
1 0.00625 0.7015625 0.0125 0.025
1 0.0046875 0.696875 0.009375 0.015625
1 0.0046875 0.69921875 0.009375 0.0203125
1 0.00546875 0.7046875 0.0109375 0.03125
1 0.00546875 0.7015625 0.0109375 0.025
1 0.0046875 0.69765625 0.009375 0.0171875
1 0.0078125 0.703125 0.015625 0.028125
1 0.00546875 0.70078125 0.0109375 0.0234375
1 0.00625 0.703125 0.0125 0.028125
1 0.0078125 0.703125 0.015625 0.028125
1 0.00234375 0.6921875 0.0046875 0.00625
1 0.021875 0.7140625 0.04375 0.05
1 0.01953125 0.71015625 0.0390625 0.0421875
1 0.01484375 0.7015625 0.0296875 0.025
1 0.01171875 0.6984375 0.0234375 0.01875
1 0.0140625 0.7046875 0.028125 0.03125
2 0.88671875 0.84453125 0.2265625 0.3109375
2 0.6984375 0.84453125 0.159375 0.3109375