0 0.8578125 0.0984375 0.2078125 0.184375
0 0.6046875 0.05546875 0.246875 0.103125
0 0.13359375 0.121875 0.2109375 0.18125
0 0.53828125 0.23515625 0.21875 0.228125
0 0.84375 0.3 0.2578125 0.1859375
0 0.83515625 0.49453125 0.2546875 0.1421875
0 0.8484375 0.7015625 0.215625 0.18125
0 0.253125 0.40234375 0.14375 0.2421875
0 0.38515625 0.51953125 0.11875 0.2046875
0 0.55234375 0.790625 0.21875 0.1890625
0 0.315625 0.80859375 0.18125 0.2875
0 0.0859375 0.88203125 0.171875 0.2359375
0 0.08046875 0.3796875 0.1609375 0.29375
0 0.55625 0.5375 0.2125 0.23125