0 0.9265625 0.89765625 0.071875 0.0609375
0 0.6203125 0.74609375 0.0609375 0.0453125
0 0.40390625 0.81484375 0.1171875 0.090625
0 0.47109375 0.68984375 0.053125 0.0515625
0 0.578125 0.7078125 0.046875 0.0328125
0 0.52265625 0.63515625 0.059375 0.0515625
0 0.37734375 0.5265625 0.0828125 0.04375
0 0.2515625 0.63359375 0.0875 0.0671875
0 0.24921875 0.49921875 0.0859375 0.04375
0 0.48359375 0.4453125 0.0609375 0.125
0 0.14140625 0.45859375 0.084375 0.0546875
0 0.64453125 0.27734375 0.0546875 0.0515625
0 0.57734375 0.27109375 0.0671875 0.0984375
0 0.78359375 0.42578125 0.065625 0.05625
0 0.82109375 0.534375 0.09375 0.0625
0 0.9765625 0.57109375 0.046875 0.0296875
0 0.96328125 0.6765625 0.0546875 0.071875
0 0.8859375 0.709375 0.0609375 0.0484375
0 0.89921875 0.77109375 0.0734375 0.0453125
0 0.615625 0.46796875 0.0703125 0.1140625
0 0.78046875 0.23125 0.01875 0.0546875
0 0.803125 0.31171875 0.0609375 0.0203125
0 0.3171875 0.35234375 0.10625 0.078125
0 0.6609375 0.16171875 0.059375 0.0484375
0 0.73828125 0.91171875 0.1484375 0.1203125
0 0.90703125 0.96796875 0.0890625 0.0640625
0 0.35859375 0.66796875 0.04375 0.0671875