0 0.040625 0.50546875 0.08125 0.1265625
0 0.0296875 0.46796875 0.059375 0.1359375
0 0.04375 0.50703125 0.0875 0.1234375
0 0.090625 0.5140625 0.125 0.109375
0 0.303125 0.54296875 0.13125 0.0515625
0 0.23671875 0.259375 0.246875 0.128125
0 0.05078125 0.21953125 0.1015625 0.1015625
0 0.04375 0.0859375 0.0875 0.090625
0 0.03125 0.2328125 0.0625 0.1125
0 0.025 0.29921875 0.05 0.1671875
0 0.02265625 0.50625 0.0453125 0.10625
0 0.05625 0.3609375 0.1125 0.13125
1 0.684375 0.284375 0.63125 0.56875
1 0.184375 0.784375 0.36875 0.43125
0 0.4859375 0.62265625 0.09375 0.1078125
0 0.5796875 0.65390625 0.071875 0.1234375
0 0.76875 0.7640625 0.078125 0.103125
0 0.90546875 0.60859375 0.1140625 0.0796875
0 0.56953125 0.86875 0.1203125 0.2203125