0 0.21484375 0.1765625 0.1515625 0.075
0 0.253125 0.025 0.140625 0.05
0 0.22890625 0.1046875 0.153125 0.0625
0 0.6015625 0.41484375 0.1296875 0.0625
0 0.95546875 0.490625 0.053125 0.0875
0 0.83359375 0.5078125 0.0796875 0.0390625
0 0.73203125 0.596875 0.0734375 0.0453125
0 0.490625 0.50625 0.0921875 0.08125
0 0.52421875 0.634375 0.0703125 0.03125
0 0.47578125 0.3140625 0.19375 0.0671875
0 0.63046875 0.2890625 0.090625 0.05
0 0.78046875 0.3375 0.1140625 0.05625
0 0.34140625 0.340625 0.0234375 0.05625
0 0.83515625 0.43671875 0.16875 0.065625
0 0.66875 0.496875 0.0671875 0.0453125
2 0.16171875 0.78515625 0.3234375 0.2703125
2 0.21796875 0.69765625 0.2234375 0.0953125
2 0.03046875 0.69921875 0.0609375 0.0984375
2 0.87578125 0.8484375 0.2484375 0.16875
2 0.946875 0.69296875 0.10625 0.0859375
2 0.71484375 0.7 0.16875 0.090625
2 0.565625 0.828125 0.234375 0.125
2 0.4265625 0.9578125 0.19375 0.084375
2 0.92578125 0.678125 0.1484375 0.05625
2 0.69375 0.67578125 0.19375 0.0515625
2 0.365625 0.83671875 0.071875 0.1109375