0 0.16796875 0.05625 0.3359375 0.1125
0 0.0296875 0.0421875 0.059375 0.05625
2 0.83359375 0.64765625 0.3328125 0.1640625
2 0.94296875 0.24140625 0.1140625 0.0890625
2 0.821875 0.3703125 0.234375 0.125
2 0.67421875 0.51953125 0.2109375 0.1234375
2 0.9265625 0.17109375 0.146875 0.1046875
2 0.61328125 0.37890625 0.0890625 0.1109375
5 0.3265625 0.76484375 0.3125 0.0703125
5 0.29375 0.74609375 0.3125 0.0328125
5 0.05625 0.75 0.1125 0.040625
5 0.34765625 0.9265625 0.4421875 0.146875
5 0.05078125 0.88046875 0.1015625 0.2390625
5 0.13671875 0.76875 0.2234375 0.078125