0 0.140625 0.2015625 0.0984375 0.1171875
0 0.190625 0.32265625 0.0953125 0.0640625
0 0.37421875 0.28515625 0.1015625 0.0984375
0 0.26328125 0.44140625 0.09375 0.0984375
0 0.06015625 0.79140625 0.1203125 0.1359375
0 0.040625 0.41875 0.08125 0.1140625
0 0.60078125 0.696875 0.0671875 0.196875
0 0.51328125 0.54609375 0.0484375 0.0828125
0 0.390625 0.615625 0.125 0.159375
0 0.45390625 0.8390625 0.0640625 0.1
0 0.70546875 0.60234375 0.109375 0.0859375
0 0.80859375 0.58359375 0.06875 0.1578125
0 0.6828125 0.42109375 0.125 0.0875
0 0.69765625 0.296875 0.1265625 0.1125
0 0.33515625 0.08984375 0.0625 0.0703125
0 0.42109375 0.1375 0.053125 0.0796875
0 0.54375 0.24140625 0.0703125 0.06875