2 0.56796875 0.21015625 0.0984375 0.1265625
2 0.61328125 0.2296875 0.1859375 0.1078125
5 0.165625 0.48046875 0.065625 0.0421875
5 0.0671875 0.4765625 0.071875 0.034375
5 0.03984375 0.48046875 0.0796875 0.0421875
5 0.03046875 0.5046875 0.0609375 0.090625
5 0.01484375 0.47265625 0.0296875 0.0265625
5 0.021875 0.48125 0.04375 0.04375
5 0.025 0.6125 0.05 0.15625
5 0.0359375 0.64140625 0.071875 0.1140625
5 0.01875 0.65390625 0.0375 0.1015625
5 0.028125 0.54375 0.05625 0.125
5 0.0234375 0.49296875 0.046875 0.0671875
5 0.046875 0.47265625 0.065625 0.0265625
5 0.115625 0.475 0.053125 0.03125
5 0.62734375 0.81796875 0.15 0.2671875
5 0.56953125 0.96796875 0.1015625 0.0640625
5 0.56640625 0.709375 0.0953125 0.140625
5 0.5578125 0.57890625 0.078125 0.2046875
5 0.54375 0.490625 0.05 0.0625
5 0.59296875 0.59453125 0.1484375 0.2703125
5 0.90390625 0.5609375 0.1921875 0.175
5 0.69375 0.50859375 0.203125 0.0984375
5 0.56796875 0.5015625 0.0984375 0.084375
5 0.56875 0.48984375 0.1 0.0609375
5 0.5421875 0.4890625 0.046875 0.059375
5 0.5609375 0.48671875 0.084375 0.0546875
5 0.56328125 0.48671875 0.0890625 0.0546875
5 0.59609375 0.49140625 0.1484375 0.0640625
5 0.7625 0.5109375 0.125 0.103125
5 0.89765625 0.503125 0.1015625 0.0875
5 0.98046875 0.50859375 0.0390625 0.0984375
5 0.975 0.48515625 0.05 0.0515625
5 0.86953125 0.48203125 0.1171875 0.0453125
5 0.7546875 0.478125 0.06875 0.0375
5 0.6515625 0.48203125 0.121875 0.0453125
5 0.55625 0.46796875 0.075 0.0171875
5 0.5390625 0.47109375 0.040625 0.0234375
5 0.54921875 0.46953125 0.0609375 0.0203125
5 0.54296875 0.47734375 0.0484375 0.0359375
5 0.53671875 0.48359375 0.0359375 0.0484375
5 0.546875 0.9359375 0.05625 0.128125
5 0.55625 0.91015625 0.075 0.1796875