0 0.5515625 0.3375 0.1375 0.209375
0 0.74296875 0.6859375 0.090625 0.1546875
0 0.84375 0.55546875 0.0828125 0.1828125
0 0.57265625 0.76171875 0.1359375 0.1625
0 0.6640625 0.91640625 0.0828125 0.0984375
0 0.41953125 0.93046875 0.10625 0.1265625
0 0.659375 0.5375 0.0546875 0.075
0 0.89921875 0.1421875 0.0921875 0.08125
0 0.8375 0.34921875 0.05625 0.1046875
0 0.60703125 0.08828125 0.109375 0.1765625
0 0.71015625 0.32890625 0.0625 0.146875
0 0.73515625 0.15625 0.071875 0.0984375
0 0.31015625 0.8046875 0.0859375 0.09375
0 0.2453125 0.55859375 0.0640625 0.078125
0 0.21015625 0.13828125 0.06875 0.090625
0 0.47890625 0.1375 0.0515625 0.0953125