0 0.16953125 0.39765625 0.1125 0.1515625
0 0.14453125 0.51796875 0.0859375 0.0234375
0 0.06328125 0.19140625 0.1265625 0.1984375
0 0.24453125 0.109375 0.1453125 0.13125
0 0.25 0.29453125 0.0953125 0.184375
0 0.028125 0.3484375 0.05625 0.09375
0 0.05 0.44765625 0.1 0.1078125
1 0.6796875 0.26484375 0.640625 0.5296875
1 0.6765625 0.33125 0.634375 0.390625
1 0.1796875 0.68671875 0.359375 0.3140625
1 0.1796875 0.60546875 0.359375 0.1515625
1 0.22578125 0.571875 0.2671875 0.084375
3 0.47890625 0.82421875 0.2390625 0.3515625