0 0.3859375 0.41328125 0.10625 0.0953125
0 0.3015625 0.55546875 0.1453125 0.071875
2 0.58359375 0.396875 0.2890625 0.196875
2 0.5 0.2703125 0.121875 0.1
2 0.66328125 0.21875 0.2765625 0.090625
2 0.4890625 0.153125 0.1 0.08125
2 0.715625 0.11015625 0.2375 0.0671875
2 0.4828125 0.0578125 0.0875 0.05625
1 0.12421875 0.80546875 0.2484375 0.1921875
1 0.24765625 0.78359375 0.3828125 0.1484375
1 0.2421875 0.90546875 0.39375 0.1890625
2 0.7671875 0.9375 0.265625 0.125
2 0.50625 0.95 0.134375 0.1
2 0.82109375 0.75546875 0.3078125 0.0921875