0 0.41328125 0.92578125 0.0640625 0.065625
0 0.4890625 0.93359375 0.059375 0.0640625
0 0.6390625 0.7421875 0.121875 0.09375
0 0.7078125 0.49921875 0.1 0.1109375
0 0.34765625 0.665625 0.075 0.090625
0 0.321875 0.8578125 0.1015625 0.1078125
0 0.1296875 0.90078125 0.06875 0.09375
0 0.09453125 0.6390625 0.0625 0.0890625
0 0.03359375 0.778125 0.0671875 0.1171875
0 0.41484375 0.46796875 0.0953125 0.09375
0 0.4875 0.68984375 0.0953125 0.1046875
0 0.63828125 0.6 0.0859375 0.103125
0 0.80546875 0.44140625 0.08125 0.1015625
0 0.521875 0.38359375 0.0890625 0.0640625
0 0.19296875 0.56015625 0.1515625 0.1