0 0.02109375 0.6109375 0.0421875 0.0375
0 0.04375 0.50625 0.0875 0.040625
0 0.04296875 0.53125 0.0859375 0.065625
0 0.0265625 0.4453125 0.053125 0.05625
2 0.7609375 0.20703125 0.1390625 0.153125
2 0.83515625 0.4171875 0.140625 0.23125
2 0.90703125 0.22109375 0.1234375 0.15625
2 0.965625 0.4078125 0.06875 0.175
2 0.98828125 0.24453125 0.0234375 0.1109375
2 0.59140625 0.28671875 0.2125 0.15625
2 0.47109375 0.28984375 0.0421875 0.1296875
2 0.459375 0.2765625 0.01875 0.0875
1 0.125 0.76015625 0.25 0.2609375
1 0.1328125 0.73203125 0.265625 0.2046875
1 0.16953125 0.70078125 0.2703125 0.1421875
1 0.225 0.6984375 0.2625 0.1375
1 0.24375 0.86796875 0.4125 0.2640625
1 0.31484375 0.81484375 0.2703125 0.3703125
1 0.36015625 0.78828125 0.1796875 0.3171875
1 0.7921875 0.93125 0.415625 0.1375
1 0.64765625 0.92890625 0.3953125 0.1421875
1 0.8203125 0.753125 0.359375 0.246875
1 0.9375 0.73359375 0.125 0.2078125
1 0.609375 0.7796875 0.31875 0.24375
1 0.51328125 0.80546875 0.1265625 0.2421875