0 0.3296875 0.24609375 0.1703125 0.1453125
0 0.46328125 0.396875 0.1921875 0.125
0 0.0703125 0.02578125 0.1125 0.0515625
0 0.203125 0.09765625 0.103125 0.1703125
0 0.63984375 0.01484375 0.0578125 0.0296875
0 0.06015625 0.190625 0.0703125 0.0609375
0 0.50625 0.13359375 0.1609375 0.06875
0 0.72578125 0.3953125 0.1140625 0.065625
0 0.96171875 0.309375 0.0765625 0.05625
1 0.3703125 0.759375 0.54375 0.1078125
1 0.334375 0.88984375 0.66875 0.1890625
1 0.1296875 0.71171875 0.259375 0.0890625
1 0.5921875 0.75859375 0.153125 0.1046875
1 0.58203125 0.6953125 0.1734375 0.075
1 0.3640625 0.66953125 0.3546875 0.0421875
3 0.84375 0.7953125 0.1671875 0.259375
4 0.69609375 0.92109375 0.0546875 0.1421875