0 0.42890625 0.46484375 0.2171875 0.059375
0 0.634375 0.5 0.1578125 0.0515625
0 0.7953125 0.51953125 0.1140625 0.0625
0 0.925 0.5359375 0.1171875 0.0609375
0 0.83984375 0.6140625 0.134375 0.090625
0 0.9578125 0.640625 0.0734375 0.1171875
0 0.68046875 0.5953125 0.1171875 0.0734375
0 0.5015625 0.5609375 0.11875 0.075
0 0.3453125 0.54453125 0.153125 0.075
0 0.221875 0.421875 0.1546875 0.075
0 0.08671875 0.40625 0.1046875 0.059375
0 0.434375 0.6578125 0.09375 0.059375
0 0.36015625 0.61875 0.0640625 0.0390625
0 0.825 0.70859375 0.075 0.075