0 0.7328125 0.7296875 0.13125 0.159375
0 0.66640625 0.49609375 0.0609375 0.10625
0 0.6046875 0.503125 0.059375 0.0953125
0 0.37734375 0.7203125 0.109375 0.109375
0 0.2421875 0.82109375 0.05625 0.0859375
0 0.40625 0.88203125 0.075 0.115625
0 0.0609375 0.73671875 0.0890625 0.0765625
0 0.04375 0.87734375 0.0875 0.1328125
0 0.34140625 0.41015625 0.084375 0.159375
0 0.34921875 0.55625 0.0390625 0.090625
0 0.4078125 0.5703125 0.0390625 0.0734375
0 0.93671875 0.48828125 0.0625 0.0875
0 0.85234375 0.503125 0.0515625 0.04375
0 0.93515625 0.7640625 0.05625 0.0625
0 0.646875 0.35234375 0.103125 0.0984375
0 0.10703125 0.38125 0.075 0.0765625