0 0.221875 0.40390625 0.215625 0.1640625
0 0.2328125 0.22109375 0.18125 0.08125
0 0.8859375 0.33828125 0.184375 0.153125
0 0.9140625 0.0515625 0.15 0.103125
0 0.75234375 0.478125 0.1578125 0.04375
0 0.5484375 0.4 0.15 0.103125
0 0.53984375 0.03828125 0.2203125 0.0765625
0 0.73125 0.034375 0.146875 0.06875
0 0.6546875 0.23828125 0.153125 0.103125
2 0.0265625 0.63046875 0.053125 0.2609375
2 0.0953125 0.86953125 0.08125 0.2609375
2 0.334375 0.83515625 0.0875 0.3296875
2 0.19140625 0.58203125 0.1203125 0.1640625
2 0.41953125 0.78984375 0.0203125 0.3453125
2 0.32734375 0.56328125 0.0859375 0.1265625
3 0.61328125 0.6484375 0.1390625 0.296875