0 0.40546875 0.44453125 0.259375 0.1625
0 0.0921875 0.38515625 0.184375 0.1828125
0 0.0453125 0.321875 0.090625 0.2
0 0.4265625 0.22890625 0.21875 0.13125
0 0.146875 0.225 0.29375 0.140625
0 0.0671875 0.52265625 0.134375 0.0734375
0 0.02734375 0.4828125 0.0546875 0.153125
2 0.75703125 0.296875 0.3359375 0.08125
2 0.80546875 0.17421875 0.3046875 0.08125
2 0.6546875 0.30625 0.13125 0.140625
2 0.61875 0.17578125 0.059375 0.1328125
2 0.88828125 0.06875 0.2234375 0.078125
2 0.7046875 0.06875 0.103125 0.0484375
0 0.53359375 0.93125 0.1109375 0.1375
0 0.3265625 0.903125 0.125 0.0765625
0 0.14453125 0.92734375 0.115625 0.1078125
0 0.10078125 0.67265625 0.0546875 0.05
0 0.17890625 0.7703125 0.0921875 0.1203125
0 0.390625 0.6359375 0.065625 0.09375
0 0.5078125 0.64453125 0.1 0.084375
0 0.5703125 0.715625 0.0375 0.046875
0 0.3015625 0.7203125 0.09375 0.0828125
0 0.01953125 0.90078125 0.0390625 0.0984375
0 0.48828125 0.58359375 0.0796875 0.0484375
0 0.16640625 0.64453125 0.0671875 0.0859375
0 0.025 0.575 0.05 0.03125
1 0.79453125 0.7796875 0.4109375 0.440625