0 0.040625 0.375 0.08125 0.18125
0 0.184375 0.3109375 0.1203125 0.1375
0 0.353125 0.378125 0.175 0.18125
0 0.5078125 0.39140625 0.103125 0.1796875
0 0.34140625 0.0625 0.2046875 0.1015625
0 0.31796875 0.02265625 0.1765625 0.0453125
0 0.04609375 0.075 0.0921875 0.1125
0 0.025 0.14140625 0.05 0.1671875
0 0.02265625 0.3484375 0.0453125 0.10625
0 0.39609375 0.203125 0.2265625 0.13125
1 0.7796875 0.24453125 0.440625 0.4890625
1 0.19609375 0.66796875 0.3921875 0.3578125
1 0.3 0.6109375 0.415625 0.24375
1 0.390625 0.58125 0.3375 0.184375
1 0.39296875 0.84609375 0.3328125 0.3078125
1 0.4578125 0.78046875 0.203125 0.4390625
2 0.57265625 0.8296875 0.0265625 0.11875
2 0.921875 0.9046875 0.15625 0.16875