0 0.13125 0.0765625 0.196875 0.153125
0 0.03671875 0.125 0.0734375 0.1
0 0.06015625 0.2765625 0.1203125 0.178125
0 0.1765625 0.25234375 0.0875 0.2078125
0 0.03359375 0.10625 0.0671875 0.153125
5 0.43984375 0.04375 0.1421875 0.0875
5 0.65546875 0.03046875 0.2078125 0.0609375
5 0.8984375 0.04921875 0.203125 0.0984375
5 0.50078125 0.065625 0.2578125 0.13125
5 0.4078125 0.2015625 0.078125 0.08125
5 0.43515625 0.375 0.1328125 0.1875
4 0.06328125 0.76171875 0.1265625 0.3265625
3 0.71796875 0.584375 0.1515625 0.23125