0 0.4046875 0.41484375 0.06875 0.1015625
0 0.18984375 0.45234375 0.1125 0.15625
0 0.29609375 0.05234375 0.1296875 0.1046875
2 0.82734375 0.40859375 0.2015625 0.4828125
2 0.55 0.54140625 0.221875 0.2171875
2 0.534375 0.3015625 0.190625 0.16875
2 0.5625 0.07265625 0.246875 0.0859375
1 0.21953125 0.825 0.4390625 0.35
5 0.7125 0.684375 0.159375 0.06875
5 0.5828125 0.66953125 0.075 0.0390625
5 0.5 0.6671875 0.090625 0.034375
5 0.4609375 0.66640625 0.04375 0.0328125
5 0.465625 0.66875 0.053125 0.0375
5 0.48359375 0.734375 0.0890625 0.1375
5 0.8375 0.9796875 0.134375 0.040625
5 0.7015625 0.928125 0.10625 0.11875
5 0.62890625 0.853125 0.0703125 0.1015625
5 0.565625 0.79609375 0.0703125 0.0890625
5 0.6265625 0.9265625 0.215625 0.146875
5 0.4875 0.78671875 0.096875 0.1828125