0 0.00859375 0.32578125 0.0171875 0.0390625
0 0.009375 0.32578125 0.01875 0.0390625
0 0.00625 0.40234375 0.0125 0.0296875
0 0.01953125 0.17109375 0.0390625 0.0421875
0 0.0125 0.20078125 0.025 0.0234375
0 0.00859375 0.178125 0.0171875 0.040625
0 0.009375 0.2515625 0.01875 0.015625
0 0.01015625 0.32109375 0.0203125 0.0296875
4 0.875 0.4328125 0.25 0.19375
4 0.3984375 0.609375 0.040625 0.0875
2 0.9390625 0.80703125 0.121875 0.1421875
2 0.93828125 0.6828125 0.1234375 0.1125
2 0.55703125 0.5609375 0.2765625 0.0625
2 0.70234375 0.628125 0.1296875 0.196875
2 0.4890625 0.6953125 0.140625 0.26875
2 0.6765625 0.8796875 0.2796875 0.1984375