0 0.375 0.396875 0.16875 0.065625
0 0.2375 0.08046875 0.09375 0.0578125
0 0.1078125 0.02578125 0.140625 0.0515625
0 0.540625 0.02578125 0.0875 0.0515625
0 0.38046875 0.034375 0.1046875 0.06875
0 0.2140625 0.396875 0.078125 0.065625
0 0.11328125 0.39609375 0.0796875 0.0671875
0 0.35 0.21640625 0.215625 0.1375
3 0.734375 0.30859375 0.090625 0.1421875
3 0.74140625 0.13984375 0.1046875 0.1359375
3 0.740625 0.1375 0.103125 0.140625
3 0.74140625 0.309375 0.1046875 0.178125
3 0.7453125 0.30859375 0.1125 0.1609375
3 0.74296875 0.13359375 0.1078125 0.1640625
3 0.90390625 0.14296875 0.1921875 0.1359375
3 0.91015625 0.3125 0.1796875 0.1875
3 0.25078125 0.55390625 0.3046875 0.2484375
2 0.9625 0.85703125 0.075 0.2109375
2 0.93046875 0.83359375 0.1390625 0.1859375
2 0.753125 0.84375 0.128125 0.13125
2 0.84453125 0.94765625 0.2015625 0.1046875
2 0.9546875 0.728125 0.090625 0.046875