0 0.26875 0.36875 0.10625 0.1
0 0.24921875 0.3625 0.0515625 0.06875
0 0.115625 0.33984375 0.06875 0.0828125
5 0.875 0.18125 0.2234375 0.1484375
5 0.690625 0.2375 0.121875 0.109375
5 0.67578125 0.28203125 0.0921875 0.0734375
5 0.675 0.34609375 0.090625 0.0484375
2 0.47890625 0.85 0.3015625 0.175
2 0.14921875 0.80390625 0.2859375 0.1640625
2 0.471875 0.653125 0.278125 0.1625
2 0.14453125 0.64453125 0.2609375 0.1328125
2 0.046875 0.6640625 0.09375 0.1625
2 0.04296875 0.815625 0.0859375 0.06875
2 0.47578125 0.490625 0.284375 0.1203125
2 0.17890625 0.5125 0.2203125 0.0765625
2 0.4296875 0.43515625 0.284375 0.0328125
1 0.81875 0.8171875 0.3625 0.365625
1 0.81171875 0.546875 0.3640625 0.25