0 0.00625 0.07265625 0.0125 0.0421875
0 0.00703125 0.17265625 0.0140625 0.0359375
0 0.00625 0.13125 0.0125 0.034375
0 0.02578125 0.184375 0.0125 0.03125
0 0.00703125 0.1875 0.0109375 0.0265625
0 0.00234375 0.0703125 0.0046875 0.028125
0 0.003125 0.10234375 0.00625 0.0171875
0 0.00390625 0.1453125 0.0078125 0.021875
0 0.0078125 0.18203125 0.015625 0.0171875
0 0.00390625 0.0609375 0.0078125 0.034375
0 0.00546875 0.10625 0.0109375 0.0375
0 0.06171875 0.22109375 0.0109375 0.0328125
0 0.01796875 0.21953125 0.025 0.025
0 0.01875 0.0671875 0.009375 0.01875
0 0.07265625 0.1875 0.0234375 0.0203125
0 0.00703125 0.14453125 0.0140625 0.0296875
2 0.66796875 0.43203125 0.1578125 0.1546875
2 0.66640625 0.4328125 0.1546875 0.153125
2 0.659375 0.24140625 0.140625 0.1859375
2 0.66953125 0.22890625 0.1609375 0.1546875
5 0.0109375 0.51640625 0.021875 0.0140625
5 0.0078125 0.5125 0.015625 0.00625
5 0.0078125 0.5125 0.015625 0.00625
5 0.00390625 0.51171875 0.0078125 0.0046875
5 0.01015625 0.51953125 0.0203125 0.0203125
5 0.02734375 0.51953125 0.0390625 0.0203125
1 0.330078125 0.7701875 0.53515625 0.45703125
5 0.0640625 0.51640625 0.028125 0.0140625
5 0.03828125 0.51328125 0.0171875 0.0078125
5 0.09140625 0.515625 0.0265625 0.0125
1 0.79453125 0.903125 0.4109375 0.19375
1 0.90546875 0.8921875 0.1890625 0.215625
1 0.70703125 0.715625 0.2359375 0.253125
1 0.8640625 0.709375 0.271875 0.25
1 0.94453125 0.6953125 0.1109375 0.2625