0 0.19296875 0.2875 0.30625 0.5
1 0.81484375 0.31953125 0.3703125 0.6390625
0 0.54921875 0.8546875 0.125 0.1390625
0 0.334375 0.825 0.125 0.0765625
0 0.15234375 0.84921875 0.115625 0.1078125
0 0.10859375 0.6515625 0.0546875 0.025
0 0.18671875 0.6953125 0.0921875 0.1125
0 0.3984375 0.6625 0.065625 0.046875
0 0.515625 0.66015625 0.1 0.0421875
0 0.58984375 0.65 0.0609375 0.021875
0 0.30859375 0.6609375 0.0921875 0.04375
0 0.0234375 0.82265625 0.046875 0.0984375
0 0.02890625 0.9609375 0.0578125 0.078125
0 0.459375 0.95546875 0.0765625 0.046875
0 0.49609375 0.66328125 0.0796875 0.0484375
0 0.1734375 0.66015625 0.065625 0.0421875
0 0.02890625 0.6546875 0.0578125 0.03125
5 0.66875 0.9734375 0.078125 0.053125
5 0.75078125 0.96875 0.0578125 0.0625
5 0.9765625 0.946875 0.046875 0.1
5 0.89140625 0.9296875 0.125 0.0796875
5 0.8359375 0.8265625 0.1625 0.0921875
5 0.6984375 0.81796875 0.1375 0.1109375
5 0.6703125 0.76328125 0.08125 0.1234375
5 0.66484375 0.88046875 0.0703125 0.0859375
5 0.66640625 0.84921875 0.0734375 0.1484375
5 0.675 0.81796875 0.090625 0.1109375
5 0.66796875 0.68203125 0.0765625 0.0859375
5 0.66328125 0.70390625 0.0671875 0.1296875