0 0.34375 0.4515625 0.115625 0.05625
0 0.0234375 0.290625 0.046875 0.090625
0 0.52109375 0.25390625 0.0359375 0.0546875
0 0.225 0.3765625 0.0796875 0.15625
1 0.72734375 0.14609375 0.3640625 0.2921875
1 0.86328125 0.1546875 0.2734375 0.309375
1 0.5875 0.09921875 0.096875 0.1984375
1 0.5953125 0.1046875 0.1125 0.209375
1 0.59453125 0.0953125 0.1109375 0.190625
3 0.17109375 0.578125 0.1671875 0.196875
4 0.02734375 0.67265625 0.0546875 0.1421875
4 0.44921875 0.9625 0.1078125 0.075
2 0.83203125 0.67734375 0.15 0.190625
2 0.7953125 0.84140625 0.1765625 0.1140625
2 0.63984375 0.71171875 0.175 0.1640625
2 0.61796875 0.84453125 0.1578125 0.0859375
2 0.57578125 0.73125 0.0734375 0.134375
2 0.58046875 0.8578125 0.0828125 0.0875
2 0.5640625 0.853125 0.05 0.128125
2 0.61875 0.6109375 0.159375 0.1
2 0.55703125 0.72109375 0.0359375 0.0859375
2 0.565625 0.61796875 0.053125 0.0703125
2 0.83671875 0.5296875 0.1734375 0.0625