0 0.68515625 0.29140625 0.0484375 0.1171875
0 0.528125 0.48203125 0.125 0.0140625
0 0.4359375 0.36796875 0.115625 0.0953125
0 0.34609375 0.48125 0.1453125 0.015625
2 0.78671875 0.4390625 0.1546875 0.1
2 0.7703125 0.3609375 0.121875 0.1
2 0.81796875 0.30859375 0.2171875 0.0890625
2 0.759375 0.24375 0.1 0.08125
2 0.840625 0.20078125 0.2375 0.0671875
2 0.753125 0.1484375 0.0875 0.05625
1 0.69609375 0.87265625 0.0265625 0.1578125
1 0.5984375 0.52265625 0.109375 0.0671875
1 0.6625 0.93359375 0.09375 0.1328125
1 0.60625 0.74453125 0.0984375 0.11875
1 0.6421875 0.6 0.125 0.1375
1 0.553125 0.88828125 0.1234375 0.1765625
1 0.68984375 0.51875 0.0390625 0.059375
1 0.40859375 0.93515625 0.1484375 0.1296875
1 0.8140625 0.74453125 0.209375 0.5109375
1 0.8546875 0.6046875 0.290625 0.23125
1 0.8546875 0.74453125 0.290625 0.5109375