0 0.06796875 0.39921875 0.1359375 0.1015625
0 0.02734375 0.4140625 0.0546875 0.071875
0 0.05859375 0.2671875 0.1171875 0.128125
1 0.621875 0.33984375 0.5 0.2
1 0.27265625 0.3609375 0.1265625 0.178125
5 0.0140625 0.71953125 0.028125 0.1109375
5 0.0359375 0.7015625 0.071875 0.090625
5 0.13515625 0.821875 0.1484375 0.11875
5 0.07734375 0.6921875 0.1546875 0.15625
5 0.08984375 0.6 0.1796875 0.11875
2 0.31575000000000003 0.8587187500000001 0.178390625 0.21745312499999997
2 0.603515625 0.8515625 0.23307812499999997 0.192703125
2 0.8834687499999999 0.8580781249999999 0.188796875 0.184890625