0 0.0328125 0.0375 0.065625 0.075
0 0.06015625 0.0109375 0.0359375 0.021875
0 0.11796875 0.0234375 0.0484375 0.046875
0 0.11640625 0.15234375 0.0546875 0.109375
0 0.04921875 0.2109375 0.046875 0.0703125
0 0.2046875 0.128125 0.06875 0.1234375
0 0.1890625 0.01796875 0.04375 0.0359375
0 0.153125 0.00546875 0.05 0.0109375
0 0.2203125 0.3609375 0.0390625 0.1265625
0 0.1484375 0.5640625 0.01875 0.1265625
1 0.52734375 0.0453125 0.0953125 0.090625
1 0.5140625 0.02109375 0.06875 0.0421875
1 0.040625 0.82265625 0.08125 0.2109375
1 0.08671875 0.9125 0.1734375 0.175
1 0.24453125 0.69609375 0.1046875 0.0921875
1 0.28203125 0.68125 0.0921875 0.0625
2 0.9484375 0.9484375 0.09375 0.103125
2 0.753125 0.9421875 0.153125 0.115625
2 0.8875 0.75859375 0.15 0.2171875
2 0.71171875 0.75234375 0.1421875 0.2046875