0 0.1296875 0.17421875 0.259375 0.2796875
5 0.690625 0.278125 0.146875 0.090625
5 0.8828125 0.27734375 0.2171875 0.1328125
5 0.971875 0.24296875 0.05625 0.1515625
5 0.66015625 0.040625 0.1515625 0.08125
5 0.56796875 0.0609375 0.1578125 0.121875
5 0.47734375 0.05859375 0.125 0.1
5 0.3640625 0.07109375 0.115625 0.0953125
5 0.2890625 0.08515625 0.059375 0.0859375
5 0.284375 0.0671875 0.05 0.125
5 0.28515625 0.21953125 0.0515625 0.0828125
5 0.33203125 0.21328125 0.121875 0.0546875
5 0.45859375 0.21796875 0.0859375 0.0984375
5 0.57265625 0.228125 0.1125 0.11875
5 0.7765625 0.5015625 0.1375 0.075
5 0.95078125 0.51875 0.0984375 0.040625
5 0.38828125 0.33828125 0.215625 0.0875
5 0.3140625 0.34765625 0.109375 0.1046875
2 0.0546875 0.7484375 0.109375 0.184375
2 0.12109375 0.725 0.2421875 0.140625
2 0.065625 0.5890625 0.13125 0.1
2 0.0734375 0.5921875 0.146875 0.10625
2 0.0625 0.565625 0.125 0.053125
2 0.0578125 0.5609375 0.115625 0.04375
2 0.18515625 0.56953125 0.1484375 0.0609375
2 0.0734375 0.5671875 0.146875 0.05625
2 0.1625 0.5609375 0.19375 0.04375
1 0.41875 0.91953125 0.31875 0.1609375
1 0.65 0.89921875 0.4140625 0.1421875
1 0.76484375 0.9171875 0.4703125 0.165625