0 0.009375 0.23125 0.01875 0.1625
0 0.0140625 0.4078125 0.028125 0.103125
0 0.01875 0.2828125 0.0375 0.178125
0 0.19921875 0.3609375 0.0390625 0.075
0 0.14609375 0.3828125 0.040625 0.1296875
0 0.3375 0.41171875 0.078125 0.0953125
0 0.28984375 0.3125 0.078125 0.0765625
0 0.4796875 0.4171875 0.040625 0.0625
0 0.4296875 0.25078125 0.084375 0.0578125
0 0.3265625 0.121875 0.05625 0.13125
0 0.02890625 0.14453125 0.0578125 0.1265625
0 0.01796875 0.03515625 0.0359375 0.0703125
0 0.0171875 0.0375 0.034375 0.075
0 0.01796875 0.03046875 0.0359375 0.0609375
0 0.1515625 0.0328125 0.075 0.065625
0 0.47109375 0.03359375 0.0578125 0.0671875
0 0.3671875 0.03984375 0.08125 0.0796875
0 0.2625 0.04140625 0.090625 0.0828125
0 0.0375 0.0375 0.075 0.075
0 0.01640625 0.03125 0.0328125 0.0625
0 0.23671875 0.028125 0.0828125 0.05625
0 0.3453125 0.02265625 0.06875 0.0453125
0 0.75703125 0.3984375 0.1078125 0.121875
0 0.71953125 0.1140625 0.0734375 0.0984375
0 0.65546875 0.1859375 0.078125 0.0625
0 0.56015625 0.1515625 0.0265625 0.175
0 0.53828125 0.37421875 0.0765625 0.1390625
0 0.546875 0.340625 0.09375 0.1
0 0.03515625 0.51015625 0.0703125 0.1015625
0 0.015625 0.47421875 0.03125 0.0296875
0 0.0625 0.49140625 0.084375 0.0640625
0 0.059375 0.621875 0.0984375 0.1484375
0 0.02109375 0.70078125 0.0421875 0.0953125
0 0.21875 0.58828125 0.125 0.16875
0 0.190625 0.48359375 0.078125 0.0484375
0 0.12578125 0.46640625 0.0890625 0.0140625
0 0.24609375 0.90546875 0.0703125 0.1734375
3 0.95703125 0.59765625 0.0859375 0.0890625
3 0.6328125 0.5140625 0.265625 0.109375