0 0.39609375 0.71875 0.1578125 0.15
0 0.440625 0.8796875 0.09375 0.0875
0 0.178125 0.52265625 0.1015625 0.1265625
0 0.20703125 0.8046875 0.121875 0.2015625
0 0.61953125 0.67734375 0.1484375 0.153125
0 0.7859375 0.75703125 0.1171875 0.1140625
0 0.84921875 0.53046875 0.1171875 0.1375
0 0.36875 0.48984375 0.1140625 0.14375
0 0.50703125 0.44140625 0.1296875 0.125
0 0.6671875 0.40859375 0.109375 0.0875
0 0.928125 0.7046875 0.0984375 0.1015625
0 0.084375 0.365625 0.071875 0.059375
0 0.325 0.33828125 0.1203125 0.0625