0 0.353125 0.20078125 0.13125 0.1484375
0 0.3921875 0.34375 0.053125 0.05
0 0.14921875 0.034375 0.1015625 0.06875
0 0.178125 0.27734375 0.121875 0.1828125
0 0.33984375 0.03515625 0.1140625 0.0703125
0 0.05546875 0.01484375 0.0703125 0.0296875
0 0.29609375 0.015625 0.1203125 0.03125
4 0.83515625 0.3078125 0.3296875 0.121875
2 0.20625 0.82265625 0.1609375 0.1625
2 0.378125 0.70234375 0.08125 0.1265625
2 0.06328125 0.5609375 0.1265625 0.153125
2 0.171875 0.54296875 0.1875 0.0921875
2 0.38515625 0.5984375 0.0671875 0.05