0 0.0234375 0.36484375 0.046875 0.0671875
0 0.028125 0.36015625 0.05625 0.1390625
0 0.1765625 0.03125 0.225 0.0625
0 0.00859375 0.43515625 0.0171875 0.0109375
0 0.00859375 0.434375 0.0171875 0.009375
0 0.00625 0.43203125 0.0125 0.0046875
0 0.00546875 0.434375 0.0109375 0.009375
0 0.00625 0.43359375 0.0125 0.0078125
0 0.00859375 0.43203125 0.0171875 0.0046875
0 0.00390625 0.434375 0.0078125 0.009375
0 0.00390625 0.43984375 0.0078125 0.0203125
0 0.0046875 0.43203125 0.009375 0.0046875
0 0.00390625 0.4359375 0.0078125 0.0125
0 0.0078125 0.43359375 0.015625 0.0078125
0 0.009375 0.43515625 0.01875 0.0109375
0 0.0109375 0.43359375 0.021875 0.0078125
0 0.0078125 0.43984375 0.015625 0.0203125
0 0.09609375 0.44296875 0.0296875 0.0265625
0 0.03359375 0.434375 0.0265625 0.009375
0 0.0578125 0.43359375 0.015625 0.0078125
0 0.0078125 0.43828125 0.015625 0.0171875
0 0.009375 0.43515625 0.01875 0.0109375
0 0.0078125 0.434375 0.015625 0.009375
0 0.009375 0.4359375 0.01875 0.0125
0 0.00625 0.43671875 0.0125 0.0140625
0 0.00546875 0.4359375 0.0109375 0.0125
0 0.003125 0.4359375 0.00625 0.0125
0 0.00625 0.43125 0.0125 0.003125
0 0.059375 0.4359375 0.025 0.0125
0 0.09375 0.434375 0.034375 0.009375
0 0.00703125 0.4359375 0.0140625 0.0125
0 0.00859375 0.4359375 0.0171875 0.0125
0 0.0078125 0.4375 0.015625 0.015625
0 0.009375 0.43515625 0.01875 0.0109375
0 0.0046875 0.43359375 0.009375 0.0078125
0 0.00546875 0.43359375 0.0109375 0.0078125
0 0.00625 0.43203125 0.0125 0.0046875
0 0.00390625 0.4328125 0.0078125 0.00625
0 0.0046875 0.43203125 0.009375 0.0046875
0 0.00703125 0.43515625 0.0140625 0.0109375
0 0.009375 0.43515625 0.01875 0.0109375
0 0.00546875 0.43359375 0.0109375 0.0078125
0 0.00546875 0.4328125 0.0109375 0.00625
0 0.53515625 0.46796875 0.1890625 0.0765625
0 0.61953125 0.440625 0.0859375 0.021875
0 0.75859375 0.453125 0.1140625 0.046875
0 0.75390625 0.45703125 0.1296875 0.0546875
0 0.5890625 0.4640625 0.1125 0.06875
0 0.9421875 0.4609375 0.115625 0.0625
0 0.9296875 0.44765625 0.10625 0.0359375
0 0.84296875 0.43515625 0.1203125 0.0109375
0 0.978125 0.615625 0.04375 0.13125
0 0.83125 0.82421875 0.046875 0.128125