0 0.034375 0.00390625 0.021875 0.0078125
0 0.0703125 0.00546875 0.021875 0.0109375
0 0.08828125 0.003125 0.0109375 0.00625
0 0.11015625 0.003125 0.0140625 0.00625
0 0.11484375 0.003125 0.0140625 0.00625
0 0.0046875 0.009375 0.009375 0.01875
0 0.01875 0.003125 0.015625 0.00625
0 0.01171875 0.00390625 0.0140625 0.0078125
0 0.04375 0.00234375 0.0125 0.0046875
0 0.02890625 0.00234375 0.0109375 0.0046875
0 0.0046875 0.003125 0.009375 0.00625
0 0.00234375 0.00390625 0.0046875 0.0078125
0 0.00390625 0.003125 0.0078125 0.00625
0 0.00625 0.00390625 0.0125 0.0078125
0 0.003125 0.00390625 0.00625 0.0078125
0 0.00546875 0.00546875 0.0109375 0.0109375
0 0.003125 0.00390625 0.00625 0.0078125
0 0.0609375 0.00546875 0.01875 0.0109375
0 0.08671875 0.00390625 0.0078125 0.0078125
0 0.10234375 0.00390625 0.0109375 0.0078125
0 0.1546875 0.00703125 0.00625 0.0140625
0 0.325 0.29921875 0.0125 0.0296875
0 0.32265625 0.31015625 0.0078125 0.0453125
0 0.32265625 0.30703125 0.0078125 0.0171875
0 0.33359375 0.34765625 0.028125 0.046875
0 0.44609375 0.38125 0.0203125 0.0375
0 0.32578125 0.38828125 0.0140625 0.0234375
0 0.32578125 0.2953125 0.0140625 0.0125
0 0.32578125 0.33828125 0.0140625 0.0359375
0 0.3234375 0.38515625 0.009375 0.0140625
0 0.32265625 0.39453125 0.0078125 0.0109375
0 0.08984375 0.42890625 0.04375 0.046875
0 0.0203125 0.4296875 0.040625 0.04375
0 0.096875 0.41328125 0.021875 0.0265625
0 0.02890625 0.40859375 0.0453125 0.0171875
0 0.02265625 0.40859375 0.0453125 0.0171875
0 0.85078125 0.7375 0.0875 0.1171875
0 0.97265625 0.77578125 0.0546875 0.1671875
0 0.625 0.88515625 0.065625 0.0765625
0 0.74609375 0.88046875 0.065625 0.0859375
0 0.52109375 0.815625 0.040625 0.0515625
0 0.45234375 0.80859375 0.0375 0.078125
0 0.325 0.80390625 0.0125 0.0734375
0 0.32890625 0.79140625 0.0203125 0.0546875
0 0.609375 0.6546875 0.05 0.059375
0 0.665625 0.759375 0.0515625 0.096875
0 0.340625 0.6171875 0.04375 0.078125
0 0.40390625 0.51484375 0.0671875 0.075