0 0.478125 0.25078125 0.1171875 0.146875
0 0.31953125 0.23515625 0.1296875 0.121875
0 0.43828125 0.08359375 0.0890625 0.1546875
0 0.075 0.228125 0.06875 0.1578125
0 0.021875 0.04921875 0.04375 0.0984375
0 0.034375 0.24140625 0.06875 0.1703125
0 0.36640625 0.03515625 0.1078125 0.0703125
0 0.2859375 0.09921875 0.171875 0.1453125
0 0.32890625 0.02421875 0.0734375 0.0484375
0 0.2640625 0.015625 0.078125 0.03125
0 0.16875 0.04375 0.025 0.0875
0 0.03828125 0.034375 0.0765625 0.06875
0 0.08203125 0.025 0.1640625 0.05
0 0.10078125 0.0578125 0.1015625 0.115625
0 0.028125 0.08203125 0.05625 0.1640625
2 0.9703125 0.090625 0.059375 0.18125
2 0.9625 0.35078125 0.075 0.1984375
2 0.83125 0.365625 0.15625 0.16875
2 0.87734375 0.22265625 0.121875 0.0875
4 0.15625 0.4859375 0.0625 0.071875
4 0.29765625 0.48203125 0.0859375 0.0640625
4 0.5 0.47265625 0.0625 0.0453125
4 0.54140625 0.51484375 0.071875 0.075
4 0.51640625 0.890625 0.096875 0.1
4 0.3640625 0.84765625 0.078125 0.1765625
4 0.20078125 0.64921875 0.06875 0.0921875
3 0.8609375 0.8453125 0.278125 0.309375