0 0.134375 0.4765625 0.15625 0.065625
0 0.36171875 0.2328125 0.096875 0.23125
0 0.15234375 0.2328125 0.18125 0.15
0 0.5453125 0.0890625 0.171875 0.178125
0 0.234375 0.059375 0.14375 0.11875
0 0.56171875 0.3921875 0.096875 0.1625
0 0.0515625 0.33828125 0.103125 0.0640625
0 0.52421875 0.2078125 0.109375 0.05625
0 0.7484375 0.03203125 0.178125 0.0640625
2 0.05625 0.875 0.1125 0.171875
2 0.0984375 0.88203125 0.196875 0.1640625
2 0.36328125 0.88828125 0.2421875 0.165625
2 0.05078125 0.665625 0.1015625 0.228125
2 0.2140625 0.6765625 0.3375 0.2234375
2 0.48515625 0.53671875 0.3421875 0.0546875
2 0.103125 0.5421875 0.20625 0.065625
2 0.26875 0.53125 0.325 0.04375
2 0.24453125 0.52890625 0.2796875 0.0390625
2 0.21875 0.52890625 0.284375 0.0390625
2 0.05703125 0.5296875 0.1140625 0.040625
2 0.48359375 0.5296875 0.2421875 0.040625
2 0.56171875 0.5484375 0.1953125 0.078125
2 0.53515625 0.659375 0.2484375 0.209375
2 0.715625 0.8859375 0.1125 0.228125
2 0.73125 0.63046875 0.14375 0.2421875
2 0.7 0.5609375 0.08125 0.103125
2 0.69296875 0.73671875 0.0671875 0.2984375
2 0.70625 0.921875 0.09375 0.15625
2 0.8703125 0.5734375 0.18125 0.128125