0 0.2 0.1125 0.1453125 0.1625
0 0.3390625 0.27265625 0.0703125 0.0828125
0 0.26171875 0.40078125 0.0640625 0.090625
0 0.3109375 0.56171875 0.0453125 0.065625
0 0.41484375 0.840625 0.059375 0.0671875
0 0.75625 0.409375 0.04375 0.0765625
0 0.79140625 0.615625 0.0609375 0.075
0 0.64140625 0.08828125 0.0703125 0.1765625
0 0.5 0.10546875 0.0578125 0.165625
0 0.6265625 0.26953125 0.0390625 0.084375
0 0.6296875 0.81484375 0.0546875 0.0484375
0 0.796875 0.9296875 0.0734375 0.140625
0 0.96875 0.58671875 0.040625 0.10625
0 0.396875 0.6390625 0.05625 0.153125
0 0.490625 0.4859375 0.0671875 0.08125
0 0.1296875 0.81640625 0.06875 0.090625
0 0.25390625 0.65703125 0.06875 0.075
0 0.1390625 0.34296875 0.078125 0.165625
0 0.35234375 0.14765625 0.09375 0.05625
0 0.43359375 0.27734375 0.0796875 0.0828125
0 0.87734375 0.02421875 0.1359375 0.0484375
0 0.87109375 0.26328125 0.034375 0.05