0 0.01875 0.153125 0.0375 0.115625
0 0.03046875 0.34609375 0.0609375 0.1109375
0 0.02109375 0.3859375 0.0421875 0.128125
0 0.28125 0.01796875 0.0375 0.0359375
0 0.01953125 0.2421875 0.0390625 0.059375
4 0.70078125 0.19609375 0.2953125 0.3921875
4 0.89140625 0.4390625 0.1640625 0.021875
2 0.0734375 0.77265625 0.146875 0.3390625
2 0.0921875 0.77578125 0.184375 0.3546875
2 0.25859375 0.771875 0.0828125 0.38125
2 0.15 0.56875 0.3 0.2375
2 0.090625 0.565625 0.18125 0.23125
5 0.8296875 0.77109375 0.3328125 0.3
5 0.50625 0.771875 0.2828125 0.39375
5 0.359375 0.75859375 0.11875 0.4140625
5 0.31875 0.76171875 0.0375 0.4734375