0 0.18203125 0.03203125 0.2640625 0.0640625
5 0.97421875 0.4 0.0515625 0.165625
5 0.8921875 0.121875 0.165625 0.1765625
5 0.8890625 0.30546875 0.1640625 0.1453125
5 0.75234375 0.43046875 0.196875 0.1546875
5 0.9359375 0.5078125 0.128125 0.103125
5 0.62890625 0.3796875 0.0984375 0.165625
5 0.6109375 0.3609375 0.0625 0.115625
5 0.70390625 0.21875 0.1484375 0.121875
5 0.7609375 0.34296875 0.1390625 0.0859375
5 0.74140625 0.103125 0.159375 0.1171875
5 0.61875 0.24609375 0.078125 0.1140625
5 0.62109375 0.1328125 0.0828125 0.084375
5 0.62265625 0.25 0.0859375 0.134375
5 0.60625 0.3609375 0.053125 0.071875
5 0.9546875 0.01640625 0.090625 0.0328125
5 0.81953125 0.03125 0.1390625 0.0625
5 0.6546875 0.03828125 0.15 0.0765625
5 0.6125 0.0359375 0.065625 0.071875
5 0.965625 0.0203125 0.06875 0.040625
5 0.83125 0.0203125 0.14375 0.040625
0 0.184375 0.7328125 0.1453125 0.2015625
0 0.54375 0.9515625 0.071875 0.09375
0 0.5015625 0.6625 0.090625 0.1578125
0 0.38984375 0.5859375 0.1484375 0.053125
0 0.096875 0.5921875 0.13125 0.065625
0 0.025 0.5765625 0.05 0.034375
4 0.83125 0.6171875 0.228125 0.115625