0 0.3546875 0.246875 0.340625 0.10625
0 0.72109375 0.02421875 0.0609375 0.0484375
0 0.83359375 0.0625 0.071875 0.115625
0 0.96015625 0.07734375 0.0796875 0.0859375
0 0.63515625 0.06640625 0.0515625 0.1328125
0 0.753125 0.25703125 0.10625 0.0859375
0 0.71484375 0.0265625 0.1234375 0.053125
0 0.62890625 0.0265625 0.0390625 0.053125
0 0.634375 0.0421875 0.05 0.078125
0 0.62890625 0.02578125 0.0390625 0.0515625
0 0.95625 0.01875 0.0875 0.0375
0 0.86171875 0.0234375 0.0671875 0.046875
0 0.9453125 0.01796875 0.08125 0.0359375
0 0.69296875 0.05546875 0.071875 0.0921875
2 0.0375 0.76484375 0.075 0.2078125
2 0.23515625 0.91875 0.1953125 0.1625
2 0.434375 0.7171875 0.125 0.19375
2 0.5640625 0.90546875 0.090625 0.1890625
2 0.209375 0.6671875 0.2109375 0.234375
2 0.2515625 0.36171875 0.11875 0.1234375
0 0.7375 0.32265625 0.184375 0.0453125
0 0.62265625 0.3296875 0.0265625 0.059375
0 0.6203125 0.421875 0.021875 0.209375
0 0.6421875 0.425 0.065625 0.25
0 0.70234375 0.40390625 0.1859375 0.2078125
0 0.91640625 0.44609375 0.1671875 0.2921875