0 0.02421875 0.02890625 0.0484375 0.0578125
0 0.03828125 0.10546875 0.0765625 0.0640625
0 0.21328125 0.06796875 0.1015625 0.0984375
0 0.10234375 0.22421875 0.09375 0.0984375
0 0.0203125 0.20078125 0.040625 0.1140625
0 0.35234375 0.32890625 0.0484375 0.0828125
0 0.2296875 0.37890625 0.125 0.1203125
0 0.1734375 0.0171875 0.0625 0.034375
0 0.259375 0.01953125 0.053125 0.0390625
0 0.38203125 0.02890625 0.0703125 0.0578125
2 0.93828125 0.04921875 0.1234375 0.0984375
2 0.89609375 0.31640625 0.153125 0.0953125
2 0.671875 0.1125 0.10625 0.225
2 0.7609375 0.0359375 0.1375 0.071875
2 0.5484375 0.021875 0.15 0.04375
2 0.46015625 0.31328125 0.0421875 0.1859375
2 0.57421875 0.396875 0.0734375 0.084375
2 0.4734375 0.06875 0.06875 0.1375
1 0.22421875 0.93046875 0.4296875 0.1390625
1 0.21953125 0.71953125 0.4390625 0.5609375
1 0.15859375 0.6734375 0.2796875 0.35
1 0.24453125 0.78515625 0.3890625 0.4296875
2 0.715625 0.9203125 0.26875 0.11875
2 0.87578125 0.7703125 0.196875 0.1484375
2 0.54140625 0.69453125 0.2046875 0.0796875
2 0.5921875 0.79140625 0.2234375 0.078125
2 0.71875 0.7265625 0.1046875 0.0484375
2 0.47734375 0.89140625 0.0765625 0.1296875