0 0.196875 0.2859375 0.0765625 0.0859375
0 0.11015625 0.346875 0.0703125 0.0609375
0 0.12265625 0.121875 0.1015625 0.090625
0 0.28125 0.07578125 0.0703125 0.1140625
0 0.178125 0.02265625 0.059375 0.0453125
0 0.30859375 0.00625 0.0703125 0.0125
0 0.30703125 0.025 0.1328125 0.05
0 0.45078125 0.0125 0.0609375 0.025
0 0.49921875 0.078125 0.0390625 0.0625
0 0.5046875 0.16640625 0.028125 0.0421875
0 0.30546875 0.009375 0.0609375 0.01875
0 0.40703125 0.01640625 0.0421875 0.0328125
0 0.4875 0.015625 0.0625 0.03125
1 0.82109375 0.21015625 0.3578125 0.3390625
1 0.7109375 0.2078125 0.384375 0.34375
1 0.84921875 0.0625 0.3015625 0.125
1 0.67265625 0.0609375 0.3078125 0.121875
1 0.58203125 0.06015625 0.1265625 0.1203125
1 0.259375 0.72265625 0.51875 0.5546875
1 0.18984375 0.4453125 0.3796875 0.13125
1 0.36328125 0.43203125 0.3109375 0.1046875
1 0.39921875 0.70703125 0.2390625 0.5859375
4 0.61953125 0.75078125 0.2015625 0.2546875