0 0.0328125 0.04765625 0.065625 0.0953125
0 0.05859375 0.0296875 0.0765625 0.059375
0 0.12734375 0.0296875 0.0921875 0.059375
0 0.24140625 0.03359375 0.0828125 0.0671875
0 0.29453125 0.04609375 0.0609375 0.0921875
0 0.4515625 0.01796875 0.084375 0.0359375
0 0.42421875 0.0328125 0.1359375 0.065625
0 0.55234375 0.12890625 0.103125 0.096875
0 0.596875 0.31875 0.0578125 0.103125
0 0.1984375 0.359375 0.0953125 0.1984375
0 0.10546875 0.3078125 0.0703125 0.140625
0 0.24453125 0.5375 0.1109375 0.103125
0 0.565625 0.025 0.09375 0.05
0 0.39296875 0.490625 0.09375 0.1828125
0 0.028125 0.52890625 0.05625 0.0953125
0 0.0140625 0.0921875 0.028125 0.184375
0 0.0671875 0.11640625 0.0609375 0.1296875
0 0.30703125 0.21796875 0.078125 0.16875
0 0.646875 0.01953125 0.065625 0.0390625
0 0.59765625 0.565625 0.1328125 0.046875
2 0.83984375 0.33046875 0.3203125 0.2703125
2 0.9578125 0.08203125 0.084375 0.1640625
1 0.45546875 0.9515625 0.4484375 0.096875
1 0.19765625 0.97734375 0.3953125 0.0453125
1 0.83984375 0.79453125 0.3203125 0.4109375