0 0.12578125 0.2640625 0.2515625 0.159375
0 0.26953125 0.36796875 0.1984375 0.0640625
5 0.5109375 0.0234375 0.1625 0.046875
5 0.47734375 0.0765625 0.0953125 0.153125
5 0.52421875 0.03359375 0.1890625 0.0671875
5 0.73828125 0.04375 0.1859375 0.0875
5 0.92109375 0.05703125 0.1015625 0.1140625
5 0.90234375 0.1109375 0.1578125 0.221875
5 0.9359375 0.259375 0.128125 0.26875
5 0.6765625 0.33671875 0.3015625 0.1171875
5 0.46796875 0.296875 0.0765625 0.11875
5 0.46640625 0.0515625 0.0734375 0.103125
5 0.475 0.23828125 0.090625 0.1890625
4 0.8765625 0.534375 0.246875 0.26875