0 0.57578125 0.8609375 0.053125 0.09375
0 0.8609375 0.8296875 0.0609375 0.0984375
0 0.63828125 0.70625 0.0640625 0.08125
0 0.67734375 0.60234375 0.0828125 0.0625
0 0.47578125 0.603125 0.09375 0.0734375
0 0.4796875 0.74140625 0.059375 0.1484375
0 0.28828125 0.78828125 0.0859375 0.06875
0 0.17265625 0.78359375 0.0875 0.0640625
0 0.17578125 0.87578125 0.09375 0.0671875
0 0.26953125 0.62265625 0.071875 0.0671875
0 0.79921875 0.61015625 0.0703125 0.0921875
0 0.89609375 0.58671875 0.06875 0.075
0 0.1203125 0.61328125 0.1140625 0.08125
0 0.0421875 0.75625 0.0703125 0.1
0 0.5796875 0.5875 0.0546875 0.075
0 0.36875 0.59296875 0.0640625 0.0671875
0 0.73046875 0.8265625 0.1109375 0.1140625