0 0.02734375 0.24765625 0.0546875 0.1046875
0 0.078125 0.34609375 0.1125 0.0671875
0 0.178125 0.16015625 0.084375 0.1671875
0 0.02734375 0.06796875 0.0546875 0.1078125
0 0.42421875 0.53359375 0.1046875 0.0515625
0 0.3109375 0.4609375 0.034375 0.1125
0 0.01796875 0.31484375 0.0359375 0.1140625
0 0.27421875 0.16484375 0.01875 0.084375
0 0.35078125 0.13984375 0.0890625 0.10625
0 0.48671875 0.31640625 0.0859375 0.0703125
2 0.55625 0.265625 0.053125 0.48125
2 0.5640625 0.2671875 0.06875 0.5
2 0.55859375 0.25703125 0.0578125 0.4671875
2 0.7203125 0.26328125 0.1796875 0.475
2 0.91015625 0.26328125 0.115625 0.4796875
2 0.9375 0.07421875 0.125 0.1484375
2 0.7625 0.075 0.246875 0.15
2 0.5875 0.0796875 0.115625 0.159375
2 0.58046875 0.0765625 0.1015625 0.153125
2 0.81328125 0.02890625 0.3734375 0.0578125
2 0.59921875 0.025 0.1390625 0.05
1 0.26484375 0.82109375 0.5296875 0.3578125
1 0.76484375 0.7796875 0.4703125 0.440625