0 0.2140625 0.01875 0.165625 0.0375
0 0.12578125 0.04921875 0.053125 0.0640625
0 0.08515625 0.028125 0.0921875 0.05625
0 0.02265625 0.0515625 0.0453125 0.103125
1 0.60859375 0.03984375 0.3765625 0.0796875
1 0.86640625 0.103125 0.2671875 0.165625
1 0.8859375 0.1625 0.228125 0.1625
1 0.88828125 0.2359375 0.2234375 0.18125
1 0.8953125 0.3359375 0.209375 0.23125
1 0.64765625 0.34921875 0.4765625 0.2609375
1 0.61875 0.2390625 0.41875 0.25
1 0.6046875 0.1265625 0.390625 0.196875
5 0.140625 0.8140625 0.28125 0.371875
1 0.5640625 0.684375 0.309375 0.24375
1 0.81484375 0.71015625 0.3703125 0.2796875
1 0.84375 0.88359375 0.3125 0.2328125
1 0.5609375 0.8890625 0.303125 0.221875