0 0.2640625 0.0953125 0.14375 0.190625
0 0.3265625 0.01484375 0.065625 0.0296875
0 0.43125 0.03203125 0.084375 0.0640625
0 0.428125 0.3390625 0.0984375 0.1484375
0 0.30546875 0.41796875 0.0859375 0.0953125
0 0.58203125 0.3046875 0.1140625 0.16875
0 0.559375 0.02421875 0.078125 0.0484375
0 0.49453125 0.00703125 0.0890625 0.0140625
0 0.609375 0.5625 0.059375 0.053125
5 0.80625 0.37578125 0.2359375 0.11875
5 0.6796875 0.3390625 0.08125 0.08125
5 0.74453125 0.45078125 0.2109375 0.0953125
5 0.67890625 0.4015625 0.0796875 0.11875
5 0.6609375 0.34296875 0.04375 0.1421875
5 0.96171875 0.3921875 0.0765625 0.05625
5 0.70625 0.5484375 0.134375 0.08125
5 0.66640625 0.5203125 0.0546875 0.046875
1 0.49765625 0.915625 0.2828125 0.115625
5 0.690625 0.8734375 0.103125 0.2375
5 0.6625 0.92734375 0.046875 0.1203125
5 0.65703125 0.925 0.0359375 0.08125
5 0.68046875 0.665625 0.0828125 0.153125
5 0.69921875 0.66796875 0.1203125 0.1578125
5 0.7234375 0.66796875 0.14375 0.1578125
5 0.73359375 0.8484375 0.1890625 0.165625
5 0.88046875 0.675 0.1390625 0.171875
5 0.90078125 0.8375 0.1140625 0.125
5 0.9828125 0.73515625 0.034375 0.2921875