0 0.28671875 0.0359375 0.1640625 0.071875
5 0.66015625 0.375 0.0625 0.1875
5 0.40625 0.38046875 0.053125 0.0734375
5 0.4125 0.2578125 0.065625 0.090625
5 0.4265625 0.15859375 0.09375 0.0890625
5 0.5140625 0.07578125 0.1953125 0.0828125
5 0.5984375 0.034375 0.103125 0.06875
5 0.48984375 0.0359375 0.0734375 0.071875
5 0.03828125 0.653125 0.0765625 0.046875
5 0.01875 0.64375 0.0375 0.028125
5 0.0203125 0.64375 0.040625 0.028125
5 0.01875 0.640625 0.0375 0.021875
5 0.01875 0.65859375 0.0375 0.0578125
5 0.01796875 0.6921875 0.0359375 0.096875
5 0.028125 0.8109375 0.05625 0.153125
5 0.0328125 0.89375 0.065625 0.153125
5 0.03125 0.8203125 0.0625 0.23125
2 0.73515625 0.96640625 0.2703125 0.0671875
2 0.44921875 0.95390625 0.1390625 0.0921875