0 0.340625 0.31484375 0.1296875 0.0625
0 0.54609375 0.40703125 0.0265625 0.0390625
0 0.47109375 0.496875 0.0734375 0.0453125
0 0.2296875 0.40625 0.0921875 0.08125
0 0.26328125 0.5390625 0.0703125 0.040625
0 0.21484375 0.2140625 0.19375 0.0671875
0 0.36953125 0.1890625 0.0921875 0.05
0 0.5109375 0.23671875 0.096875 0.0578125
0 0.01171875 0.240625 0.0234375 0.05625
0 0.52421875 0.3359375 0.0703125 0.065625
0 0.4078125 0.396875 0.0671875 0.0453125
2 0.975 0.47109375 0.05 0.1578125
2 0.78046875 0.484375 0.2609375 0.15
2 0.60703125 0.51875 0.0953125 0.08125
3 0.2796875 0.628125 0.559375 0.1375
3 0.2796875 0.8625 0.559375 0.275
3 0.7796875 0.68359375 0.296875 0.2484375