0 0.4 0.20234375 0.0453125 0.046875
0 0.42421875 0.31015625 0.059375 0.065625
0 0.0421875 0.39375 0.0359375 0.046875
0 0.01875 0.4375 0.0375 0.0625
0 0.01171875 0.42734375 0.0234375 0.0828125
0 0.2921875 0.33515625 0.0484375 0.0859375
0 0.2 0.28828125 0.06875 0.109375
1 0.625 0.13984375 0.29375 0.2796875
1 0.7546875 0.1328125 0.2625 0.265625
1 0.84453125 0.0828125 0.2578125 0.165625
1 0.896875 0.06328125 0.20625 0.1265625
1 0.9328125 0.05234375 0.134375 0.1046875
1 0.5578125 0.19375 0.178125 0.359375
1 0.64609375 0.37734375 0.3546875 0.1828125
1 0.7828125 0.3125 0.434375 0.3125
1 0.88359375 0.2953125 0.2328125 0.346875
1 0.94140625 0.28203125 0.1171875 0.3734375
4 0.16015625 0.71875 0.3203125 0.23125
4 0.1703125 0.91875 0.340625 0.1625
1 0.67578125 0.853125 0.4140625 0.29375
1 0.80390625 0.8453125 0.3921875 0.309375
1 0.884375 0.87578125 0.23125 0.2484375
1 0.9140625 0.865625 0.171875 0.26875