0 0.34375 0.1421875 0.09375 0.128125
0 0.2953125 0.02109375 0.04375 0.0421875
0 0.25078125 0.01875 0.0421875 0.0375
0 0.08828125 0.134375 0.078125 0.0890625
0 0.009375 0.215625 0.01875 0.06875
0 0.10859375 0.26484375 0.0546875 0.09375
0 0.015625 0.146875 0.03125 0.0625
0 0.015625 0.26015625 0.03125 0.1078125
0 0.06171875 0.03203125 0.0609375 0.0640625
0 0.0671875 0.01875 0.028125 0.0375
0 0.109375 0.02109375 0.028125 0.0421875
0 0.28203125 0.01953125 0.0734375 0.0390625
0 0.01328125 0.01484375 0.0265625 0.0296875
5 0.0125 0.396875 0.025 0.034375
5 0.0140625 0.39609375 0.028125 0.0328125
5 0.0125 0.396875 0.025 0.034375
5 0.04296875 0.39765625 0.0265625 0.0359375
2 0.853125 0.465625 0.19375 0.171875
2 0.82734375 0.51328125 0.215625 0.196875
2 0.56875 0.45546875 0.3375 0.1515625
2 0.55078125 0.5078125 0.3015625 0.190625