0 0.046875 0.7390625 0.0390625 0.1625
0 0.08046875 0.925 0.0578125 0.121875
0 0.18984375 0.79140625 0.078125 0.178125
0 0.56640625 0.86875 0.0390625 0.075
0 0.51328125 0.890625 0.0421875 0.1296875
0 0.7046875 0.9234375 0.078125 0.1015625
0 0.65703125 0.8203125 0.078125 0.0765625
0 0.85859375 0.92578125 0.0640625 0.0625
0 0.796875 0.75859375 0.084375 0.0578125
0 0.959375 0.70390625 0.0453125 0.16875
0 0.69375 0.6296875 0.0578125 0.1296875
0 0.3953125 0.653125 0.0609375 0.128125
0 0.17109375 0.46484375 0.075 0.1421875
0 0.08046875 0.4890625 0.06875 0.1515625
0 0.29375 0.4171875 0.071875 0.1234375
0 0.51953125 0.5234375 0.075 0.1
0 0.8640625 0.4015625 0.1078125 0.1375
0 0.73515625 0.42734375 0.08125 0.1609375
0 0.63046875 0.446875 0.090625 0.165625
0 0.40234375 0.45625 0.0796875 0.1515625
0 0.30703125 0.246875 0.0671875 0.125
0 0.6046875 0.23046875 0.0828125 0.1140625
0 0.71328125 0.2671875 0.0703125 0.09375
0 0.90390625 0.23125 0.09375 0.103125