0 0.0703125 0.03984375 0.140625 0.0796875
0 0.03359375 0.0515625 0.0671875 0.103125
0 0.06015625 0.2421875 0.1203125 0.20625
0 0.1484375 0.234375 0.1046875 0.3578125
0 0.1 0.55390625 0.1 0.1109375
0 0.04765625 0.5109375 0.0953125 0.1125
0 0.03359375 0.04921875 0.0671875 0.0984375
2 0.5625 0.54453125 0.228125 0.1296875
2 0.4734375 0.3953125 0.109375 0.21875
2 0.61875 0.33359375 0.2640625 0.19375
2 0.91875 0.3703125 0.1625 0.228125
2 0.48671875 0.1203125 0.1359375 0.14375
2 0.47734375 0.06484375 0.1171875 0.1296875
3 0.0765625 0.9359375 0.115625 0.128125
0 0.53828125 0.865625 0.096875 0.0546875
0 0.6796875 0.78984375 0.125 0.04375
0 0.853125 0.68125 0.121875 0.059375
0 0.93984375 0.62421875 0.1203125 0.0296875
0 0.82421875 0.88125 0.1328125 0.0671875
0 0.440625 0.81171875 0.04375 0.0390625
0 0.44609375 0.98984375 0.0546875 0.0203125
0 0.4390625 0.6203125 0.040625 0.021875