0 0.42265625 0.08125 0.1359375 0.1625
0 0.44453125 0.434375 0.1359375 0.06875
0 0.52109375 0.25703125 0.0359375 0.0734375
0 0.478125 0.04375 0.109375 0.0875
0 0.1171875 0.27890625 0.0640625 0.078125
0 0.08125 0.021875 0.06875 0.04375
0 0.35 0.0234375 0.053125 0.046875
0 0.57890625 0.31796875 0.0796875 0.1484375
2 0.84609375 0.33984375 0.2671875 0.2578125
2 0.60625 0.19140625 0.134375 0.3828125
2 0.87578125 0.07578125 0.2484375 0.1515625
2 0.5953125 0.09921875 0.1125 0.1984375
2 0.61640625 0.0234375 0.1546875 0.046875
0 0.03515625 0.58984375 0.0703125 0.0859375
0 0.35 0.534375 0.103125 0.078125
0 0.05546875 0.78125 0.1109375 0.1125
0 0.04296875 0.8421875 0.0859375 0.171875
0 0.0828125 0.54609375 0.165625 0.0890625
2 0.5859375 0.9546875 0.09375 0.090625
2 0.72578125 0.95859375 0.2515625 0.0828125
2 0.94140625 0.9453125 0.1171875 0.109375
2 0.93828125 0.7890625 0.1234375 0.196875
2 0.75078125 0.76953125 0.240625 0.2078125
2 0.59609375 0.78046875 0.1140625 0.2171875
2 0.78984375 0.58515625 0.1671875 0.121875
2 0.95703125 0.58203125 0.0859375 0.1390625
2 0.615625 0.58828125 0.153125 0.1296875
2 0.55859375 0.58125 0.0390625 0.1375
2 0.61015625 0.49921875 0.1421875 0.0609375
2 0.865625 0.48984375 0.26875 0.0421875
2 0.80703125 0.48984375 0.3640625 0.0421875
2 0.77421875 0.49765625 0.4515625 0.0578125
2 0.58671875 0.49609375 0.0953125 0.0546875