1 0.6546875 0.61015625 0.3125 0.1453125
1 0.6921875 0.7859375 0.4140625 0.234375
1 0.72109375 0.934375 0.5296875 0.13125
1 0.27421875 0.7671875 0.3640625 0.2203125
1 0.31171875 0.6 0.3296875 0.1921875
1 0.35859375 0.4921875 0.325 0.1046875
1 0.6265625 0.4921875 0.2890625 0.1234375
1 0.878125 0.61796875 0.24375 0.1609375
1 0.890625 0.76484375 0.21875 0.2296875
1 0.13984375 0.4921875 0.246875 0.11875
1 0.09140625 0.6125 0.1828125 0.184375
1 0.39765625 0.35546875 0.16875 0.0765625
1 0.60625 0.35234375 0.246875 0.059375
1 0.8453125 0.50546875 0.309375 0.115625