1 0.2546875 0.2921875 0.509375 0.228125
2 0.9828125 0.48984375 0.034375 0.1203125
2 0.9046875 0.3453125 0.121875 0.2546875
2 0.75625 0.23359375 0.1375 0.2328125
2 0.609375 0.45703125 0.2 0.0796875
2 0.7875 0.021875 0.178125 0.04375
2 0.57578125 0.08203125 0.1328125 0.1578125
2 0.36640625 0.80078125 0.2859375 0.1640625
2 0.38515625 0.65234375 0.2484375 0.0640625
2 0.41484375 0.5671875 0.1890625 0.034375
2 0.43828125 0.56328125 0.1421875 0.0265625
2 0.09921875 0.8359375 0.1984375 0.121875
2 0.09921875 0.69453125 0.1984375 0.0640625
2 0.1703125 0.6140625 0.175 0.0359375
2 0.2296875 0.559375 0.16875 0.01875
2 0.26875 0.5640625 0.0875 0.028125
5 0.95 0.72265625 0.1 0.3453125
5 0.8046875 0.71015625 0.171875 0.3046875
5 0.71328125 0.58359375 0.2265625 0.0671875
5 0.5953125 0.61953125 0.171875 0.1390625
5 0.5578125 0.57265625 0.096875 0.0453125
5 0.54921875 0.628125 0.0796875 0.15625
5 0.80234375 0.9125 0.3953125 0.171875
5 0.62109375 0.80625 0.2234375 0.153125
5 0.528125 0.73359375 0.0375 0.0765625
5 0.5453125 0.59296875 0.071875 0.0859375
5 0.88828125 0.58671875 0.2234375 0.0734375
5 0.6625 0.58984375 0.1625 0.0796875
5 0.55 0.58984375 0.08125 0.0796875
5 0.56484375 0.58984375 0.1109375 0.0796875