1 0.16953125 0.24921875 0.3390625 0.4015625
1 0.1953125 0.225 0.2875 0.45
4 0.9046875 0.284375 0.190625 0.33125
1 0.06796875 0.8453125 0.1359375 0.20625
1 0.08515625 0.85703125 0.1703125 0.2265625
1 0.12421875 0.665625 0.2484375 0.18125
1 0.0703125 0.665625 0.140625 0.209375
1 0.07578125 0.6734375 0.1515625 0.215625
1 0.0546875 0.8578125 0.109375 0.240625
0 0.3875 0.76015625 0.096875 0.1109375
0 0.71484375 0.56484375 0.2484375 0.090625
0 0.76484375 0.70859375 0.2 0.11875
0 0.9078125 0.6375 0.0859375 0.0625
0 0.97421875 0.728125 0.0515625 0.059375
0 0.43515625 0.953125 0.1921875 0.09375
0 0.3625 0.88125 0.046875 0.0375
0 0.3671875 0.64453125 0.05625 0.0671875
0 0.37109375 0.57421875 0.0640625 0.0796875
0 0.36328125 0.5484375 0.0484375 0.059375
0 0.51484375 0.4859375 0.084375 0.0671875
0 0.90078125 0.4921875 0.1453125 0.084375