1 0.15859375 0.03828125 0.3171875 0.0765625
1 0.159375 0.0234375 0.31875 0.046875
1 0.159375 0.07890625 0.31875 0.1578125
1 0.4078125 0.0265625 0.178125 0.053125
1 0.43046875 0.02265625 0.2234375 0.0453125
1 0.34140625 0.00546875 0.0453125 0.0109375
1 0.3546875 0.00859375 0.071875 0.0171875
2 0.2125 0.8953125 0.2125 0.209375
2 0.23125 0.68125 0.175 0.225
2 0.06328125 0.7109375 0.1265625 0.325
0 0.90234375 0.80078125 0.1953125 0.1484375
0 0.63515625 0.68671875 0.1609375 0.09375
0 0.56484375 0.75625 0.153125 0.05
0 0.93515625 0.584375 0.1296875 0.090625
0 0.915625 0.69296875 0.1140625 0.0765625
0 0.79765625 0.57578125 0.1828125 0.0734375
0 0.48046875 0.55625 0.1515625 0.034375
0 0.4203125 0.95859375 0.203125 0.0828125
0 0.7484375 0.74453125 0.0828125 0.08125
0 0.778125 0.61171875 0.15625 0.08125