1 0.2984375 0.2734375 0.596875 0.253125
1 0.575 0.26015625 0.3875 0.2796875
0 0.02734375 0.903125 0.0546875 0.134375
0 0.396875 0.79140625 0.0875 0.1953125
0 0.24140625 0.93984375 0.0953125 0.1203125
0 0.25234375 0.7046875 0.140625 0.1515625
0 0.06171875 0.55 0.09375 0.1296875
0 0.0359375 0.4484375 0.071875 0.096875
0 0.16171875 0.41875 0.0796875 0.0375
0 0.01953125 0.415625 0.0390625 0.03125
0 0.615625 0.68515625 0.103125 0.171875
0 0.4859375 0.71484375 0.071875 0.096875
0 0.015625 0.52421875 0.03125 0.1390625
3 0.834375 0.87109375 0.13125 0.2578125
3 0.8140625 0.43359375 0.090625 0.0671875