1 0.2203125 0.56484375 0.2375 0.1296875
1 0.2921875 0.4828125 0.09375 0.128125
1 0.1 0.60390625 0.2 0.0515625
2 0.52265625 0.59765625 0.3671875 0.0640625
2 0.89375 0.55390625 0.2125 0.1515625
0 0.009375 0.7796875 0.01875 0.1625
0 0.0140625 0.95234375 0.028125 0.0953125
0 0.01875 0.83125 0.0375 0.178125
0 0.30546875 0.909375 0.0390625 0.075
0 0.25234375 0.93125 0.040625 0.1296875
0 0.134375 0.69375 0.0609375 0.128125
0 0.01796875 0.66484375 0.0359375 0.0703125
0 0.0171875 0.6671875 0.034375 0.075
0 0.034375 0.66015625 0.06875 0.0609375
0 0.2578125 0.6546875 0.075 0.05
0 0.14140625 0.6671875 0.0796875 0.075
0 0.0453125 0.6609375 0.065625 0.0625
0 0.3203125 0.6578125 0.0375 0.05625
1 0.81015625 0.95 0.3265625 0.1
1 0.63046875 0.7578125 0.5828125 0.225
1 0.83984375 0.7375 0.3203125 0.215625
1 0.67890625 0.6671875 0.2921875 0.075