1 0.284375 0.75234375 0.178125 0.1609375
1 0.421875 0.7421875 0.1953125 0.1953125
1 0.575 0.75078125 0.2265625 0.2078125
1 0.59375 0.89140625 0.25625 0.2171875
1 0.43046875 0.9 0.2609375 0.2
1 0.25234375 0.9078125 0.2015625 0.184375
1 0.31015625 0.61953125 0.18125 0.153125
1 0.43984375 0.62421875 0.1609375 0.140625
1 0.571875 0.63125 0.1890625 0.1859375
1 0.7109375 0.6375 0.1921875 0.1453125
1 0.684375 0.51953125 0.1921875 0.1203125
1 0.575 0.5390625 0.1875 0.1640625
1 0.44375 0.51875 0.1578125 0.11875
1 0.340625 0.52734375 0.165625 0.1234375
1 0.35234375 0.4390625 0.1375 0.103125