1 0.2546875 0.3046875 0.509375 0.609375
2 0.83359375 0.23515625 0.2515625 0.2
2 0.56171875 0.3328125 0.1046875 0.10625
5 0.11171875 0.7484375 0.184375 0.2046875
5 0.028125 0.715625 0.05625 0.196875
5 0.02265625 0.64140625 0.0453125 0.0640625
5 0.03046875 0.63203125 0.0609375 0.0453125
5 0.0265625 0.63046875 0.053125 0.0421875
5 0.0203125 0.6421875 0.040625 0.065625
5 0.02734375 0.653125 0.0546875 0.0875
5 0.02734375 0.67265625 0.0546875 0.0859375
5 0.03046875 0.790625 0.0609375 0.09375
5 0.02890625 0.76640625 0.0578125 0.0953125
5 0.01171875 0.74453125 0.0234375 0.0671875
5 0.03984375 0.84140625 0.0796875 0.1015625
5 0.040625 0.865625 0.08125 0.125
5 0.0453125 0.91328125 0.090625 0.0953125
5 0.1609375 0.96875 0.090625 0.0625