1 0.24609375 0.084375 0.4046875 0.16875
1 0.484375 0.10625 0.25 0.2125
1 0.51328125 0.28984375 0.1921875 0.3203125
1 0.21953125 0.2953125 0.4390625 0.309375
0 0.92421875 0.409375 0.1515625 0.078125
0 0.7046875 0.3953125 0.140625 0.0453125
0 0.84375 0.19453125 0.2421875 0.0859375
0 0.74765625 0.28515625 0.175 0.05
2 0.2890625 0.74375 0.371875 0.4015625
2 0.084375 0.7390625 0.16875 0.36875
2 0.546875 0.49765625 0.125 0.0953125
2 0.27109375 0.5046875 0.2640625 0.109375
2 0.0578125 0.509375 0.115625 0.11875
2 0.01796875 0.509375 0.0359375 0.11875
2 0.3046875 0.45703125 0.609375 0.0140625