1 0.2296875 0.04609375 0.459375 0.0921875
1 0.234375 0.096875 0.46875 0.19375
1 0.234375 0.24453125 0.46875 0.2890625
2 0.84375 0.18203125 0.3125 0.2640625
2 0.584375 0.13984375 0.1703125 0.1109375
2 0.57890625 0.028125 0.2203125 0.05625
2 0.91875 0.01875 0.1625 0.0375
2 0.7484375 0.0125 0.271875 0.025
2 0.56953125 0.02578125 0.2015625 0.0515625
1 0.13125 0.7796875 0.2625 0.2875
1 0.1 0.70703125 0.2 0.2640625
1 0.0734375 0.65625 0.146875 0.259375
1 0.08359375 0.6359375 0.1671875 0.234375
1 0.234375 0.9 0.46875 0.2
1 0.25234375 0.8578125 0.4328125 0.284375
1 0.22890625 0.77734375 0.375 0.265625
1 0.29375 0.7421875 0.35 0.234375
0 0.53203125 0.86171875 0.1265625 0.1734375
0 0.79765625 0.93984375 0.2265625 0.1203125
0 0.7703125 0.8203125 0.2671875 0.075
0 0.63671875 0.64296875 0.2890625 0.1140625