1 0.0359375 0.06796875 0.071875 0.1359375
5 0.58359375 0.00234375 0.0078125 0.0046875
5 0.5828125 0.0015625 0.00625 0.003125
5 0.58203125 0.00234375 0.0046875 0.0046875
5 0.58203125 0.0015625 0.0046875 0.003125
5 0.58203125 0.0015625 0.0046875 0.003125
5 0.584375 0.003125 0.009375 0.00625
5 0.58203125 0.0015625 0.0046875 0.003125
5 0.00390625 0.43515625 0.0078125 0.0109375
5 0.00390625 0.434375 0.0078125 0.009375
5 0.00390625 0.43515625 0.0078125 0.0109375
5 0.00390625 0.4328125 0.0078125 0.00625
5 0.00234375 0.434375 0.0046875 0.009375
5 0.00234375 0.43359375 0.0046875 0.0078125
5 0.0046875 0.434375 0.009375 0.009375
5 0.003125 0.43359375 0.00625 0.0078125
5 0.00390625 0.43359375 0.0078125 0.0078125
5 0.00390625 0.43359375 0.0078125 0.0078125
5 0.00390625 0.43359375 0.0078125 0.0078125
5 0.00234375 0.4328125 0.0046875 0.00625
5 0.0015625 0.43203125 0.003125 0.0046875
5 0.00625 0.4328125 0.0125 0.00625
1 0.78984375 0.72265625 0.4203125 0.5546875
1 0.759375 0.71484375 0.359375 0.5703125
1 0.734375 0.52734375 0.309375 0.1953125
1 0.80625 0.5328125 0.3875 0.20625