1 0.090625 0.2125 0.18125 0.275
0 0.7765625 0.27265625 0.20625 0.1546875
0 0.8359375 0.01796875 0.19375 0.0359375
4 0.21328125 0.75703125 0.1578125 0.1796875
4 0.4609375 0.82109375 0.1625 0.209375
4 0.61953125 0.77421875 0.0984375 0.1765625
4 0.42109375 0.5453125 0.1375 0.1109375
4 0.51171875 0.496875 0.08125 0.0703125
4 0.58046875 0.43671875 0.0859375 0.084375
4 0.17578125 0.5375 0.1109375 0.1046875
4 0.07265625 0.52421875 0.1265625 0.0984375
4 0.03125 0.4265625 0.0625 0.075
4 0.02890625 0.59921875 0.0578125 0.1078125
4 0.309375 0.38125 0.196875 0.0625
4 0.58046875 0.415625 0.1765625 0.13125
1 0.834375 0.43359375 0.33125 0.1671875
1 0.81875 0.6734375 0.3 0.265625
1 0.834375 0.84921875 0.33125 0.2796875
1 0.7703125 0.78203125 0.203125 0.2734375