1 0.871875 0.47734375 0.1234375 0.175
1 0.79296875 0.8171875 0.128125 0.1578125
1 0.871875 0.82734375 0.1375 0.1765625
1 0.64453125 0.3875 0.109375 0.1375
1 0.83984375 0.64140625 0.0921875 0.1375
1 0.9109375 0.64140625 0.1359375 0.1875
1 0.9421875 0.85625 0.115625 0.2234375
1 0.71015625 0.90078125 0.0984375 0.178125
1 0.91171875 0.2953125 0.1328125 0.1375
1 0.6515625 0.68828125 0.0984375 0.1171875
1 0.6875 0.54375 0.125 0.1390625
1 0.5984375 0.83203125 0.1234375 0.1765625
1 0.76015625 0.321875 0.0890625 0.11875
1 0.78984375 0.134375 0.1 0.09375
1 0.95625 0.13515625 0.0828125 0.1015625
1 0.4546875 0.903125 0.1484375 0.1765625