1 0.03984375 0.2546875 0.0796875 0.090625
1 0.059375 0.21484375 0.11875 0.1078125
2 0.8484375 0.09609375 0.303125 0.1921875
2 0.453125 0.21875 0.16875 0.1625
0 0.06171875 0.6984375 0.1234375 0.084375
0 0.2953125 0.56328125 0.146875 0.1359375
0 0.02734375 0.59375 0.0546875 0.1375
0 0.27109375 0.85 0.1109375 0.1328125
0 0.0984375 0.4140625 0.196875 0.128125
2 0.8625 0.8 0.275 0.175
2 0.54609375 0.75390625 0.2859375 0.1640625
2 0.86484375 0.603125 0.2703125 0.1625
2 0.54140625 0.59453125 0.2609375 0.1328125
2 0.415625 0.6140625 0.09375 0.1625
2 0.41171875 0.765625 0.0859375 0.06875
2 0.86484375 0.43984375 0.2703125 0.1203125
2 0.57578125 0.4625 0.2203125 0.0765625
2 0.82734375 0.3359375 0.2859375 0.065625