1 0.38359375 0.30546875 0.3515625 0.2078125
1 0.13125 0.3109375 0.2625 0.196875
1 0.16953125 0.14140625 0.2609375 0.2828125
1 0.36484375 0.14140625 0.2546875 0.2828125
1 0.490625 0.13828125 0.1375 0.2765625
3 0.61875 0.34921875 0.11875 0.1203125
2 0.45078125 0.5 0.2171875 0.18125
2 0.190625 0.50625 0.19375 0.19375
2 0.16484375 0.71484375 0.2171875 0.196875
2 0.0921875 0.5015625 0.184375 0.184375
2 0.08203125 0.709375 0.1640625 0.190625
1 0.75234375 0.5984375 0.3859375 0.378125
1 0.86484375 0.6828125 0.2703125 0.546875