1 0.234375 0.2296875 0.46875 0.459375
1 0.26015625 0.18671875 0.4171875 0.3734375
0 0.92109375 0.12890625 0.1375 0.1171875
0 0.5546875 0.0296875 0.171875 0.059375
0 0.503125 0.24375 0.06875 0.090625
3 0.0421875 0.5203125 0.084375 0.121875
3 0.0203125 0.53046875 0.040625 0.1421875
3 0.31328125 0.67265625 0.3109375 0.3390625
0 0.96875 0.49140625 0.0625 0.0640625
0 0.665625 0.4921875 0.240625 0.065625
0 0.80390625 0.4859375 0.1046875 0.053125
0 0.5 0.6796875 0.0625 0.1
0 0.5078125 0.8015625 0.078125 0.128125
0 0.61171875 0.61875 0.15 0.1421875
0 0.7796875 0.67578125 0.1390625 0.103125
0 0.93984375 0.76171875 0.1203125 0.1421875
0 0.50546875 0.9671875 0.0734375 0.065625
0 0.51953125 0.49765625 0.1015625 0.0765625
0 0.49765625 0.48671875 0.0578125 0.0546875
0 0.57109375 0.49609375 0.1296875 0.0734375
0 0.51875 0.52109375 0.1 0.1234375
0 0.92421875 0.5765625 0.1515625 0.1625
0 0.7640625 0.53046875 0.1375 0.1421875
0 0.621875 0.84296875 0.109375 0.234375
0 0.909375 0.92265625 0.18125 0.1546875
0 0.50859375 0.91640625 0.0796875 0.1671875