1 0.18671875 0.42421875 0.3734375 0.2515625
1 0.29453125 0.409375 0.5890625 0.28125
1 0.40859375 0.396875 0.3828125 0.30625
1 0.09921875 0.2375 0.1984375 0.234375
1 0.09765625 0.21015625 0.1953125 0.2109375
1 0.18359375 0.2125 0.3203125 0.2203125
1 0.29609375 0.2 0.2828125 0.184375
1 0.4078125 0.1984375 0.240625 0.146875
1 0.07421875 0.09296875 0.1484375 0.1859375
1 0.07890625 0.08984375 0.1578125 0.1515625
1 0.14609375 0.1 0.2484375 0.140625
1 0.67734375 0.465625 0.1546875 0.16875
1 0.6671875 0.45859375 0.134375 0.1828125
1 0.675 0.459375 0.15 0.18125
1 0.66171875 0.34921875 0.1234375 0.1578125
1 0.659375 0.3546875 0.11875 0.125
0 0.4390625 0.91640625 0.321875 0.1671875
0 0.65625 0.77890625 0.1125 0.1515625
0 0.7984375 0.8203125 0.3 0.1375
0 0.91953125 0.95625 0.1609375 0.0875