1 0.31953125 0.2796875 0.6390625 0.559375
5 0.965625 0.36640625 0.06875 0.2265625
5 0.846875 0.40625 0.1640625 0.1765625
5 0.84296875 0.53828125 0.1640625 0.0421875
5 0.6859375 0.50078125 0.09375 0.1171875
5 0.70703125 0.38671875 0.1359375 0.1171875
5 0.671875 0.51640625 0.065625 0.0859375
5 0.68046875 0.4171875 0.0828125 0.084375
5 0.68203125 0.51328125 0.0859375 0.0921875
5 0.93203125 0.1046875 0.1359375 0.065625
5 0.77421875 0.125 0.1390625 0.1265625
5 0.67890625 0.109375 0.0796875 0.15625
5 0.671875 0.13828125 0.065625 0.1453125
5 0.940625 0.021875 0.109375 0.04375
5 0.7859375 0.02109375 0.14375 0.0421875
3 0.2 0.65078125 0.4 0.1828125
0 0.89765625 0.95703125 0.0609375 0.0859375
0 0.8921875 0.73671875 0.125 0.10625
0 0.75 0.7125 0.0796875 0.1078125
0 0.65859375 0.85 0.0390625 0.103125