1 0.09296875 0.0421875 0.1859375 0.084375
1 0.14609375 0.16171875 0.2921875 0.3234375
1 0.16640625 0.18828125 0.3328125 0.3765625
1 0.08671875 0.08671875 0.1734375 0.1734375
1 0.07578125 0.04921875 0.1515625 0.0984375
1 0.09609375 0.06015625 0.1921875 0.1203125
1 0.1 0.04921875 0.2 0.0984375
1 0.0796875 0.04375 0.159375 0.0875
4 0.67890625 0.1859375 0.1875 0.228125
1 0.1703125 0.68515625 0.340625 0.165625
1 0.159375 0.64921875 0.31875 0.2234375
1 0.2984375 0.69296875 0.203125 0.1484375
1 0.27890625 0.5609375 0.2421875 0.221875
1 0.3828125 0.5765625 0.034375 0.253125
2 0.878125 0.85546875 0.24375 0.1421875
2 0.87734375 0.73125 0.2453125 0.1125
2 0.48671875 0.5125 0.1734375 0.125
2 0.58125 0.66796875 0.1296875 0.215625
2 0.43828125 0.74375 0.0765625 0.26875
2 0.55390625 0.9140625 0.2796875 0.171875