1 0.075 0.14921875 0.15 0.2984375
0 0.88046875 0.228125 0.1296875 0.221875
0 0.98359375 0.14453125 0.0328125 0.1328125
0 0.58828125 0.12734375 0.0390625 0.1484375
2 0.01796875 0.85 0.0359375 0.14375
2 0.015625 0.90078125 0.03125 0.1359375
2 0.02734375 0.75234375 0.0546875 0.0671875
2 0.29609375 0.94296875 0.1109375 0.1140625
2 0.15234375 0.803125 0.0859375 0.103125
2 0.0609375 0.6640625 0.121875 0.121875
2 0.015625 0.64609375 0.03125 0.1203125
5 0.8140625 0.48046875 0.265625 0.0921875
5 0.953125 0.459375 0.09375 0.1125
5 0.6203125 0.4890625 0.103125 0.125
5 0.62890625 0.46328125 0.1203125 0.0890625
5 0.61171875 0.65234375 0.0859375 0.1140625
5 0.6140625 0.65390625 0.090625 0.1015625
5 0.6453125 0.6 0.1296875 0.1
5 0.7953125 0.6078125 0.1484375 0.1109375
5 0.94375 0.61640625 0.1125 0.0984375
5 0.97578125 0.8140625 0.0484375 0.203125
5 0.5984375 0.75390625 0.059375 0.0953125
5 0.6078125 0.7609375 0.078125 0.090625
5 0.5859375 0.65546875 0.034375 0.1171875
5 0.64453125 0.47890625 0.1515625 0.0734375
5 0.58828125 0.52734375 0.0390625 0.1109375