1 0.25 0.290625 0.5 0.378125
1 0.25 0.2921875 0.5 0.375
1 0.11171875 0.11953125 0.2234375 0.2390625
1 0.16953125 0.09296875 0.3390625 0.1859375
1 0.25 0.08515625 0.5 0.1703125
0 0.846875 0.39375 0.03125 0.08125
0 0.74609375 0.33125 0.1015625 0.0984375
0 0.55078125 0.3453125 0.1015625 0.1
0 0.75 0.165625 0.2328125 0.1953125
0 0.53984375 0.121875 0.0796875 0.075
0 0.51015625 0.17265625 0.0203125 0.0671875
0 0.51328125 0.10078125 0.0265625 0.0640625
0 0.51640625 0.39921875 0.0328125 0.0703125
0 0.01484375 0.98515625 0.0296875 0.0296875
0 0.03046875 0.9921875 0.0609375 0.015625
2 0.83125 0.61171875 0.1390625 0.153125
2 0.90546875 0.821875 0.140625 0.23125
2 0.9578125 0.625 0.084375 0.15625
2 0.66171875 0.69140625 0.2125 0.15625
2 0.52890625 0.69453125 0.0578125 0.1296875
2 0.509375 0.68125 0.01875 0.0875