1 0.334375 0.3046875 0.66875 0.609375
2 0.7625 0.5328125 0.1875 0.153125
2 0.90546875 0.45703125 0.0921875 0.1625
2 0.971875 0.39140625 0.05625 0.1359375
2 0.88515625 0.253125 0.1203125 0.109375
2 0.7578125 0.30703125 0.10625 0.1234375
2 0.7109375 0.34453125 0.084375 0.1421875
2 0.7125 0.55390625 0.0875 0.1109375
2 0.69453125 0.38984375 0.0515625 0.1640625
2 0.74765625 0.175 0.1578125 0.09375
2 0.734375 0.0640625 0.13125 0.121875
2 0.71640625 0.07578125 0.078125 0.0828125
4 0.35234375 0.8234375 0.2859375 0.353125
4 0.59765625 0.7796875 0.096875 0.253125
2 0.925 0.86953125 0.15 0.0890625
2 0.78515625 0.96796875 0.2328125 0.0640625
2 0.90859375 0.79921875 0.1828125 0.1046875
2 0.703125 0.97578125 0.06875 0.0484375