1 0.28046875 0.45234375 0.0609375 0.0484375
1 0.3203125 0.44765625 0.0375 0.0640625
1 0.28984375 0.415625 0.071875 0.0484375
1 0.32109375 0.409375 0.0359375 0.05
1 0.15625 0.321875 0.1828125 0.178125
1 0.04140625 0.17265625 0.0828125 0.1046875
1 0.2 0.19609375 0.15 0.0640625
1 0.31953125 0.1796875 0.0390625 0.06875
1 0.325 0.315625 0.028125 0.09375
1 0.028125 0.32421875 0.05625 0.1015625
1 0.32265625 0.05390625 0.0328125 0.0640625
4 0.62578125 0.4234375 0.1078125 0.1125
5 0.390625 0.7125 0.103125 0.26875
5 0.634375 0.8515625 0.384375 0.296875
5 0.84296875 0.55625 0.259375 0.128125
5 0.60546875 0.50546875 0.2015625 0.0515625
5 0.41015625 0.50703125 0.1421875 0.0546875