1 0.18046875 0.19453125 0.3609375 0.3890625
1 0.27734375 0.1453125 0.5546875 0.290625
1 0.36484375 0.0984375 0.4484375 0.196875
2 0.615625 0.23828125 0.053125 0.3015625
2 0.6234375 0.234375 0.06875 0.309375
2 0.64765625 0.2375 0.0703125 0.303125
2 0.81484375 0.23828125 0.1796875 0.3015625
2 0.9734375 0.2375 0.053125 0.303125
2 0.8578125 0.075 0.246875 0.15
2 0.646875 0.0796875 0.115625 0.159375
2 0.63984375 0.0765625 0.1015625 0.153125
2 0.8609375 0.02890625 0.278125 0.0578125
2 0.65859375 0.025 0.1390625 0.05
3 0.28203125 0.67109375 0.4109375 0.3375
3 0.95 0.69921875 0.1 0.4578125