1 0.184375 0.16484375 0.36875 0.3296875
1 0.39140625 0.16484375 0.3171875 0.3296875
1 0.09453125 0.16484375 0.1890625 0.3296875
1 0.06484375 0.08671875 0.1296875 0.1734375
1 0.12265625 0.0828125 0.2453125 0.165625
1 0.321875 0.08046875 0.29375 0.1609375
1 0.44921875 0.08046875 0.2015625 0.1609375
2 0.61171875 0.16484375 0.1234375 0.3296875
2 0.73828125 0.1703125 0.1984375 0.31875
1 0.2015625 0.66484375 0.403125 0.6703125
1 0.18984375 0.896875 0.3796875 0.20625
1 0.459375 0.6859375 0.18125 0.628125