1 0.4265625 0.37890625 0.30625 0.4796875
1 0.5171875 0.3671875 0.125 0.503125
1 0.0484375 0.45390625 0.096875 0.3296875
1 0.10546875 0.43984375 0.2109375 0.3578125
1 0.22421875 0.4328125 0.2234375 0.371875
3 0.78984375 0.06796875 0.4203125 0.1359375
3 0.78984375 0.29765625 0.4203125 0.4859375
5 0.059375 0.95546875 0.11875 0.0890625
5 0.21484375 0.9515625 0.1453125 0.096875
5 0.346875 0.934375 0.090625 0.13125
5 0.54140625 0.9515625 0.0765625 0.096875
5 0.52265625 0.6734375 0.1140625 0.109375
5 0.33359375 0.675 0.0328125 0.1125
5 0.2234375 0.70078125 0.159375 0.1640625
5 0.05703125 0.71796875 0.1140625 0.1984375
5 0.04609375 0.74453125 0.0921875 0.2515625
5 0.03359375 0.7875 0.0671875 0.20625
5 0.44765625 0.92734375 0.084375 0.1171875
5 0.40625 0.6890625 0.115625 0.140625
2 0.65234375 0.87578125 0.1453125 0.2484375
2 0.90859375 0.9171875 0.1828125 0.165625