1 0.246875 0.2984375 0.34375 0.24375
1 0.209375 0.44609375 0.41875 0.1078125
4 0.2515625 0.8859375 0.33125 0.228125
2 0.46875 0.6703125 0.1 0.221875
2 0.54453125 0.66640625 0.2125 0.15625
2 0.50078125 0.5203125 0.1640625 0.040625
2 0.453125 0.525 0.06875 0.05
2 0.453125 0.525 0.06875 0.05
2 0.48984375 0.521875 0.1421875 0.04375
2 0.740625 0.52578125 0.20625 0.0515625
2 0.915625 0.65390625 0.15625 0.1234375
2 0.71796875 0.70390625 0.0875 0.096875
2 0.6265625 0.51328125 0.078125 0.0265625
2 0.7671875 0.60078125 0.0890625 0.0859375