1 0.29140625 0.49453125 0.4171875 0.2703125
1 0.25 0.30078125 0.5 0.3046875
1 0.25 0.1609375 0.5 0.25625
1 0.22265625 0.078125 0.4453125 0.15625
1 0.18828125 0.0453125 0.3765625 0.090625
4 0.58671875 0.234375 0.1734375 0.25625
5 0.4515625 0.8625 0.096875 0.240625
5 0.3484375 0.89296875 0.10625 0.165625
5 0.4 0.6859375 0.153125 0.1125
5 0.23828125 0.6734375 0.1640625 0.0875
5 0.2359375 0.79765625 0.1640625 0.1453125
5 0.09921875 0.92265625 0.196875 0.1546875
5 0.325 0.97421875 0.2125 0.0515625
5 0.0421875 0.871875 0.084375 0.165625
5 0.03125 0.853125 0.0625 0.115625
5 0.0625 0.7109375 0.125 0.121875
5 0.1078125 0.83515625 0.1390625 0.0859375
5 0.0875 0.65859375 0.159375 0.0578125
5 0.0328125 0.73828125 0.065625 0.1140625
5 0.04140625 0.65 0.0828125 0.040625
5 0.04296875 0.7421875 0.0859375 0.134375
5 0.0265625 0.853125 0.053125 0.071875
5 0.334375 0.64609375 0.15625 0.0328125
5 0.16640625 0.6609375 0.1390625 0.0625
5 0.03984375 0.66796875 0.0796875 0.0765625
5 0.0328125 0.665625 0.065625 0.071875
5 0.3328125 0.65 0.109375 0.040625
5 0.178125 0.65 0.14375 0.040625
5 0.553125 0.9640625 0.10625 0.071875
5 0.53203125 0.82265625 0.0640625 0.0640625
5 0.5546875 0.8609375 0.096875 0.05625
5 0.64296875 0.9921875 0.0890625 0.015625
5 0.5359375 0.68828125 0.071875 0.0890625
5 0.58359375 0.696875 0.1671875 0.13125
5 0.76796875 0.82734375 0.2296875 0.09375
5 0.875 0.953125 0.25 0.09375