1 0.03984375 0.4875 0.0796875 0.084375
1 0.05078125 0.48125 0.1015625 0.096875
1 0.11640625 0.5015625 0.2296875 0.05625
1 0.2875 0.17109375 0.3671875 0.3390625
1 0.4484375 0.0359375 0.14375 0.071875
3 0.81953125 0.2390625 0.3609375 0.478125
3 0.0609375 0.6453125 0.121875 0.23125
5 0.69453125 0.9171875 0.1109375 0.153125
5 0.68984375 0.76640625 0.1015625 0.2703125
5 0.94296875 0.91796875 0.1140625 0.1640625
5 0.75234375 0.89296875 0.20625 0.1734375
5 0.73046875 0.721875 0.1828125 0.125
5 0.67890625 0.7625 0.0796875 0.21875
5 0.678125 0.65 0.078125 0.240625
5 0.6828125 0.5796875 0.0875 0.1
5 0.66640625 0.60234375 0.0546875 0.0828125
5 0.8765625 0.778125 0.071875 0.078125