1 0.23671875 0.44140625 0.2421875 0.0953125
1 0.45546875 0.44765625 0.2171875 0.0828125
1 0.14921875 0.32265625 0.1703125 0.153125
1 0.28125 0.35390625 0.1671875 0.1953125
1 0.41953125 0.371875 0.1578125 0.1703125
1 0.553125 0.38828125 0.1765625 0.1734375
1 0.16328125 0.13828125 0.128125 0.103125
5 0.978125 0.38515625 0.04375 0.1046875
5 0.8296875 0.0375 0.115625 0.075
5 0.7578125 0.0421875 0.071875 0.084375
5 0.69140625 0.03046875 0.0828125 0.0609375
5 0.71484375 0.1578125 0.1203125 0.1046875
5 0.78046875 0.36171875 0.1484375 0.121875
5 0.690625 0.315625 0.08125 0.240625
5 0.95234375 0.0390625 0.0953125 0.078125
5 0.675 0.0890625 0.05 0.178125
5 0.22734375 0.7765625 0.0796875 0.096875
5 0.1 0.790625 0.1484375 0.090625
5 0.36640625 0.753125 0.10625 0.09375
5 0.62421875 0.75078125 0.046875 0.009375
5 0.60859375 0.75859375 0.0828125 0.0609375
5 0.0203125 0.87109375 0.040625 0.0703125
3 0.78984375 0.55390625 0.2796875 0.1296875