1 0.22578125 0.56015625 0.3734375 0.1171875
1 0.27265625 0.54765625 0.3390625 0.1421875
1 0.31875 0.53828125 0.34375 0.1609375
1 0.06875 0.38828125 0.1375 0.4609375
1 0.1109375 0.37890625 0.221875 0.4640625
1 0.10234375 0.3953125 0.2046875 0.421875
1 0.09609375 0.38984375 0.1921875 0.3640625
1 0.121875 0.38671875 0.24375 0.3203125
2 0.79453125 0.4640625 0.3765625 0.1046875
0 0.02421875 0.92890625 0.0484375 0.0953125
0 0.12109375 0.63671875 0.1046875 0.0359375
0 0.0421875 0.853125 0.075 0.06875
2 0.78203125 0.9609375 0.1734375 0.078125
2 0.90703125 0.83359375 0.1859375 0.3328125
2 0.6578125 0.7375 0.196875 0.2375
2 0.625 0.92890625 0.13125 0.1421875
2 0.94375 0.665625 0.1125 0.09375
2 0.70390625 0.6921875 0.2890625 0.146875
2 0.60546875 0.725 0.0921875 0.2125