1 0.20546875 0.91796875 0.4015625 0.1640625
1 0.50390625 0.8984375 0.46875 0.203125
1 0.7734375 0.89453125 0.453125 0.2109375
1 0.90390625 0.88984375 0.1921875 0.2203125
1 0.09921875 0.74765625 0.1953125 0.2875
1 0.2453125 0.73125 0.4046875 0.26875
1 0.465625 0.71796875 0.409375 0.3
1 0.878125 0.684375 0.24375 0.2546875
1 0.16015625 0.5609375 0.309375 0.2296875
1 0.3125 0.52734375 0.2703125 0.190625
1 0.52265625 0.58203125 0.3 0.2984375
1 0.1453125 0.4140625 0.246875 0.1578125
1 0.3234375 0.41953125 0.2375 0.125