1 0.1625 0.33046875 0.325 0.4171875
1 0.38671875 0.31796875 0.3453125 0.3546875
1 0.11171875 0.06875 0.2171875 0.1375
1 0.24296875 0.06328125 0.2046875 0.1265625
1 0.0515625 0.065625 0.103125 0.13125
1 0.03046875 0.02421875 0.0609375 0.0484375
1 0.03359375 0.025 0.0671875 0.05
1 0.49296875 0.31484375 0.1328125 0.4484375
1 0.36328125 0.06875 0.2203125 0.1375
1 0.46328125 0.07109375 0.1921875 0.1421875
1 0.1 0.01875 0.140625 0.0375
2 0.81171875 0.49375 0.3765625 0.090625
1 0.2796875 0.6984375 0.559375 0.203125
1 0.2796875 0.6140625 0.559375 0.15
1 0.2421875 0.91171875 0.484375 0.1765625
1 0.7796875 0.76953125 0.440625 0.4609375
1 0.759375 0.825 0.4 0.35