1 0.071875 0.30703125 0.14375 0.4296875
1 0.06015625 0.17890625 0.1203125 0.2703125
1 0.065625 0.1171875 0.13125 0.15
2 0.9140625 0.47265625 0.171875 0.2921875
2 0.19296875 0.68984375 0.1484375 0.1421875
2 0.39453125 0.88828125 0.2203125 0.2234375
5 0.70078125 0.696875 0.0828125 0.15625
5 0.78828125 0.878125 0.0828125 0.24375
5 0.68125 0.86328125 0.04375 0.2734375
5 0.7078125 0.821875 0.096875 0.35625
5 0.67890625 0.6453125 0.0390625 0.053125
5 0.675 0.66875 0.03125 0.1
5 0.6765625 0.7578125 0.034375 0.16875
5 0.66640625 0.9703125 0.0140625 0.059375
5 0.69453125 0.83671875 0.0703125 0.1984375
5 0.6828125 0.92265625 0.046875 0.1546875
5 0.67734375 0.90390625 0.0359375 0.1921875
5 0.6875 0.68359375 0.05625 0.1296875
5 0.67734375 0.66015625 0.0359375 0.0828125
5 0.89296875 0.68828125 0.0515625 0.1390625
5 0.67421875 0.8140625 0.0296875 0.225
5 0.66796875 0.66328125 0.0171875 0.0765625