1 0.32578125 0.50390625 0.4109375 0.0921875
1 0.3625 0.39296875 0.309375 0.1875
1 0.56015625 0.39375 0.2390625 0.20625
1 0.15390625 0.40859375 0.3078125 0.2140625
2 0.89921875 0.43828125 0.2015625 0.1140625
2 0.85546875 0.3203125 0.2890625 0.08125
2 0.8328125 0.24375 0.30625 0.0625
2 0.75390625 0.15859375 0.1484375 0.0578125
2 0.50234375 0.91171875 0.3046875 0.08125
2 0.27265625 0.9140625 0.121875 0.1328125
2 0.5765625 0.80625 0.20625 0.078125
2 0.4015625 0.80625 0.103125 0.0484375
1 0.83984375 0.775 0.3203125 0.45