1 0.06328125 0.36171875 0.1265625 0.1359375
1 0.26171875 0.359375 0.2359375 0.140625
1 0.12421875 0.16171875 0.2265625 0.1328125
1 0.36328125 0.07578125 0.0328125 0.0828125
1 0.2125 0.1515625 0.1578125 0.1296875
1 0.0421875 0.190625 0.084375 0.14375
1 0.7796875 0.121875 0.4125 0.24375
1 0.53046875 0.15234375 0.3015625 0.3046875
1 0.8671875 0.290625 0.265625 0.278125
1 0.80078125 0.3640625 0.3953125 0.13125
1 0.6734375 0.065625 0.20625 0.13125
1 0.88046875 0.08203125 0.2390625 0.1640625
5 0.26953125 0.77265625 0.209375 0.2390625
5 0.21171875 0.5359375 0.165625 0.2109375
5 0.34375 0.5375 0.071875 0.215625
1 0.8671875 0.95703125 0.265625 0.0859375
1 0.68984375 0.771875 0.6203125 0.225
1 0.88359375 0.73203125 0.2328125 0.2546875
1 0.76640625 0.58984375 0.2921875 0.15
1 0.525 0.92578125 0.290625 0.1484375