1 0.16953125 0.16484375 0.3390625 0.3296875
1 0.44765625 0.15 0.4421875 0.3
1 0.49375 0.4296875 0.35 0.359375
1 0.3078125 0.45234375 0.615625 0.3140625
1 0.12265625 0.0578125 0.2453125 0.115625
1 0.3921875 0.065625 0.434375 0.13125
2 0.72890625 0.41328125 0.1203125 0.2734375
2 0.75546875 0.259375 0.1734375 0.190625
2 0.7296875 0.4515625 0.121875 0.315625
2 0.93203125 0.4125 0.1359375 0.3125
2 0.76015625 0.07109375 0.1828125 0.1421875
2 0.76328125 0.06171875 0.1890625 0.1234375
2 0.9390625 0.0671875 0.121875 0.134375
4 0.1734375 0.675 0.346875 0.13125
4 0.2203125 0.78203125 0.440625 0.2328125
2 0.79765625 0.81796875 0.2578125 0.0578125
2 0.85390625 0.80546875 0.2921875 0.0359375
2 0.90625 0.6625 0.1875 0.0375
2 0.72890625 0.684375 0.1203125 0.025
2 0.715625 0.69453125 0.09375 0.0171875