1 0.125 0.1796875 0.25 0.359375
1 0.153125 0.1796875 0.30625 0.359375
1 0.2109375 0.153125 0.271875 0.2875
1 0.265625 0.1328125 0.2625 0.265625
1 0.43046875 0.28515625 0.2390625 0.1484375
2 0.74296875 0.02734375 0.3859375 0.0546875
2 0.7359375 0.0890625 0.2625 0.178125
2 0.81640625 0.29375 0.2203125 0.13125
0 0.02734375 0.53984375 0.0546875 0.1046875
0 0.059375 0.63828125 0.1125 0.0671875
0 0.159375 0.45234375 0.084375 0.1671875
0 0.02734375 0.38671875 0.0546875 0.0546875
0 0.03203125 0.95078125 0.0640625 0.0984375
0 0.23125 0.9828125 0.025 0.034375
0 0.40546875 0.9 0.1046875 0.2
0 0.2921875 0.753125 0.034375 0.1125
0 0.01796875 0.60703125 0.0359375 0.1140625
0 0.25546875 0.45703125 0.0171875 0.084375
0 0.33203125 0.43203125 0.0890625 0.10625
0 0.47109375 0.609375 0.0921875 0.071875
1 0.775 0.6796875 0.45 0.640625