1 0.32734375 0.52890625 0.0828125 0.115625
1 0.36640625 0.51171875 0.0625 0.1125
1 0.28671875 0.46171875 0.0765625 0.09375
1 0.2421875 0.3921875 0.084375 0.115625
1 0.278125 0.3828125 0.0921875 0.13125
1 0.31796875 0.3828125 0.078125 0.1140625
1 0.35390625 0.38828125 0.0765625 0.1078125
1 0.3890625 0.44765625 0.0796875 0.096875
1 0.42265625 0.4984375 0.09375 0.1109375
1 0.46328125 0.559375 0.06875 0.0859375
1 0.434375 0.58046875 0.0671875 0.096875
1 0.403125 0.5859375 0.078125 0.1125
1 0.4171875 0.67734375 0.071875 0.1078125
1 0.45703125 0.74921875 0.1 0.1609375
1 0.4203125 0.790625 0.1078125 0.1265625
1 0.49921875 0.734375 0.0796875 0.153125
1 0.5453125 0.6875 0.0828125 0.1109375
1 0.16640625 0.33671875 0.1 0.1078125
1 0.2171875 0.33125 0.071875 0.0984375
1 0.25 0.328125 0.0625 0.1
1 0.178125 0.2125 0.0671875 0.08125
1 0.40625 0.26875 0.1390625 0.1296875
1 0.503125 0.33984375 0.146875 0.1671875
1 0.55703125 0.48046875 0.1171875 0.153125
1 0.66640625 0.38125 0.0984375 0.1328125
1 0.75703125 0.3515625 0.153125 0.1140625
1 0.72109375 0.36484375 0.1 0.1640625