1 0.13125 0.2484375 0.2625 0.2875
1 0.1 0.17578125 0.2 0.2640625
1 0.0734375 0.12734375 0.146875 0.2546875
1 0.08671875 0.1109375 0.1734375 0.221875
1 0.26953125 0.53984375 0.5390625 0.3203125
1 0.26796875 0.48203125 0.5359375 0.4265625
1 0.26015625 0.334375 0.434375 0.3
1 0.23515625 0.24609375 0.375 0.265625
1 0.3015625 0.21171875 0.353125 0.234375
2 0.640625 0.6328125 0.203125 0.134375
2 0.5875 0.63515625 0.059375 0.1296875
2 0.70859375 0.490625 0.265625 0.16875
2 0.5640625 0.51484375 0.05 0.0546875
2 0.571875 0.4484375 0.065625 0.159375
2 0.58203125 0.3765625 0.0859375 0.134375
2 0.60546875 0.3109375 0.1328125 0.0875
2 0.90390625 0.2703125 0.1921875 0.121875
2 0.9140625 0.39296875 0.171875 0.0921875
2 0.74453125 0.30078125 0.1125 0.1640625
0 0.425 0.934375 0.1375 0.13125
0 0.26640625 0.93828125 0.1296875 0.1234375
0 0.06171875 0.82421875 0.1234375 0.2484375
5 0.64609375 0.81953125 0.2046875 0.1453125
5 0.87265625 0.85 0.2203125 0.1546875
5 0.8109375 0.9515625 0.190625 0.096875
5 0.56328125 0.9359375 0.0484375 0.084375
5 0.6421875 0.80078125 0.20625 0.1453125
5 0.58671875 0.934375 0.0953125 0.084375
5 0.58671875 0.928125 0.0953125 0.121875
5 0.5671875 0.8 0.05625 0.05625
5 0.55390625 0.82265625 0.0296875 0.0421875
5 0.55078125 0.82890625 0.0234375 0.0671875
5 0.5625 0.72109375 0.046875 0.0296875