2 0.88671875 0.415625 0.2265625 0.146875
2 0.9578125 0.24921875 0.084375 0.1296875
2 0.73671875 0.278125 0.16875 0.090625
2 0.5875 0.40625 0.234375 0.125
2 0.93671875 0.14453125 0.1265625 0.1140625
2 0.715625 0.2078125 0.19375 0.1046875
2 0.3546875 0.415625 0.1390625 0.1109375
1 0.125 0.52890625 0.25 0.0796875
1 0.125 0.9390625 0.25 0.121875
1 0.125 0.85390625 0.25 0.2921875
1 0.125 0.728125 0.25 0.25
1 0.125 0.615625 0.25 0.196875
2 0.89375 0.5921875 0.1875 0.1984375
2 0.59375 0.859375 0.10625 0.28125
2 0.6828125 0.55859375 0.1375 0.1390625
2 0.4703125 0.521875 0.15 0.065625
2 0.38125 0.74140625 0.096875 0.2765625