1 0.203125 0.14453125 0.40625 0.2890625
1 0.72421875 0.14453125 0.3484375 0.2890625
1 0.93203125 0.178125 0.1359375 0.221875
4 0.0265625 0.8359375 0.053125 0.134375
4 0.02109375 0.60859375 0.0421875 0.1234375
4 0.03203125 0.46875 0.0640625 0.121875
4 0.13828125 0.43515625 0.059375 0.0671875
4 0.2609375 0.4703125 0.1375 0.08125
4 0.403125 0.4625 0.1125 0.065625
4 0.421875 0.57734375 0.1484375 0.1328125
4 0.42890625 0.68515625 0.1578125 0.0546875
4 0.41953125 0.77109375 0.0796875 0.0703125
4 0.53515625 0.796875 0.0296875 0.15625
4 0.015625 0.5671875 0.03125 0.10625
0 0.85546875 0.94140625 0.1171875 0.090625
0 0.92265625 0.81640625 0.053125 0.0515625
0 0.971875 0.7609375 0.05625 0.05
0 0.82890625 0.653125 0.0828125 0.04375
0 0.703125 0.76015625 0.0890625 0.0671875
0 0.70078125 0.62578125 0.0875 0.04375
0 0.93515625 0.571875 0.0609375 0.125
0 0.59296875 0.58515625 0.0828125 0.0546875
0 0.76875 0.47890625 0.10625 0.078125
0 0.81015625 0.79453125 0.04375 0.0671875