1 0.24609375 0.16875 0.4921875 0.10625
1 0.496875 0.27109375 0.20625 0.2234375
1 0.43203125 0.41796875 0.3359375 0.2828125
1 0.2046875 0.43671875 0.409375 0.2453125
1 0.23671875 0.265625 0.4734375 0.175
1 0.4984375 0.11796875 0.203125 0.1453125
1 0.51328125 0.05 0.1734375 0.09375
0 0.8296875 0.07890625 0.0890625 0.1171875
0 0.94921875 0.14609375 0.1015625 0.1546875
0 0.86640625 0.346875 0.090625 0.1015625
2 0.05703125 0.73984375 0.1140625 0.3609375
2 0.21484375 0.6671875 0.2734375 0.215625
2 0.15 0.8578125 0.1609375 0.1109375
2 0.29609375 0.59609375 0.2203125 0.0734375
2 0.49453125 0.59921875 0.1171875 0.0796875
2 0.3953125 0.590625 0.059375 0.0625
2 0.49453125 0.5859375 0.2109375 0.053125
2 0.3203125 0.565625 0.071875 0.0125
0 0.76796875 0.61875 0.14375 0.10625
0 0.9921875 0.80703125 0.015625 0.0984375
0 0.921875 0.8671875 0.0171875 0.0296875
0 0.96484375 0.925 0.0703125 0.15
0 0.76796875 0.590625 0.0765625 0.0625
0 0.87890625 0.584375 0.1203125 0.05
0 0.65 0.61171875 0.059375 0.1046875
0 0.646875 0.58203125 0.09375 0.0453125
0 0.815625 0.57578125 0.078125 0.0328125
0 0.8265625 0.9859375 0.090625 0.028125
0 0.8984375 0.71796875 0.0734375 0.0796875
0 0.7203125 0.58203125 0.078125 0.0453125
0 0.63203125 0.584375 0.0640625 0.05