1 0.140625 0.3375 0.28125 0.103125
1 0.2578125 0.18203125 0.221875 0.3640625
1 0.03671875 0.26875 0.0734375 0.240625
1 0.0828125 0.07109375 0.125 0.1421875
1 0.02421875 0.034375 0.0484375 0.06875
2 0.42890625 0.059375 0.1203125 0.11875
2 0.5484375 0.14609375 0.234375 0.2921875
2 0.64765625 0.04765625 0.1984375 0.0953125
2 0.80234375 0.08515625 0.2765625 0.1703125
2 0.82265625 0.05625 0.1015625 0.1125
1 0.43125 0.76171875 0.125 0.1828125
1 0.446875 0.88046875 0.15625 0.2328125
1 0.43125 0.9484375 0.125 0.103125
1 0.63515625 0.63359375 0.1609375 0.115625
1 0.6921875 0.58125 0.14375 0.109375