1 0.26953125 0.16484375 0.5390625 0.3296875
4 0.9078125 0.16015625 0.184375 0.3203125
4 0.65859375 0.09140625 0.2390625 0.1828125
4 0.6609375 0.2328125 0.225 0.19375
1 0.29140625 0.66484375 0.4953125 0.6703125
1 0.26953125 0.66484375 0.5390625 0.6703125
5 0.6765625 0.5875 0.146875 0.090625
5 0.86875 0.58671875 0.215625 0.1328125
5 0.96484375 0.55234375 0.0703125 0.1515625
5 0.64609375 0.36015625 0.1515625 0.0609375
5 0.5859375 0.38046875 0.09375 0.1015625
5 0.5703125 0.3734375 0.0625 0.0875
5 0.5671875 0.38046875 0.05625 0.0953125
5 0.5625 0.39453125 0.046875 0.0859375
5 0.5640625 0.384375 0.05 0.109375
5 0.56484375 0.52890625 0.0515625 0.0828125
5 0.56953125 0.521875 0.0609375 0.053125
5 0.56015625 0.52734375 0.0421875 0.0984375
5 0.5765625 0.5375 0.075 0.11875
5 0.57734375 0.9421875 0.0765625 0.115625
5 0.63984375 0.925 0.1140625 0.15
5 0.7625 0.84140625 0.1375 0.134375
5 0.84453125 0.91484375 0.1734375 0.128125
5 0.94375 0.8609375 0.1125 0.10625
5 0.5484375 0.9796875 0.01875 0.040625
5 0.5921875 0.646875 0.10625 0.0875
5 0.5921875 0.65703125 0.10625 0.1046875