1 0.31484375 0.24453125 0.6296875 0.4890625
1 0.81484375 0.24453125 0.3703125 0.4890625
0 0.55 0.51484375 0.159375 0.0515625
0 0.50390625 0.56640625 0.13125 0.0671875
0 0.35703125 0.5109375 0.1796875 0.04375
0 0.12421875 0.5109375 0.1453125 0.04375
0 0.03359375 0.52578125 0.0671875 0.0734375
0 0.46484375 0.68046875 0.1171875 0.06875
0 0.96015625 0.75 0.0796875 0.1109375
0 0.9734375 0.65625 0.053125 0.08125
0 0.92421875 0.53828125 0.0890625 0.0984375
0 0.82578125 0.740625 0.10625 0.1171875
0 0.99453125 0.8734375 0.0109375 0.06875
0 0.72890625 0.55703125 0.0578125 0.1296875
0 0.84609375 0.521875 0.0546875 0.065625