1 0.24453125 0.28984375 0.4890625 0.5796875
4 0.7234375 0.328125 0.4046875 0.2296875
1 0.24453125 0.78984375 0.4890625 0.4203125
0 0.525 0.63984375 0.071875 0.1203125
0 0.50625 0.778125 0.034375 0.08125
0 0.5046875 0.90625 0.03125 0.090625
0 0.8671875 0.915625 0.0453125 0.0765625
0 0.75234375 0.63046875 0.0703125 0.1015625
0 0.61015625 0.63671875 0.0578125 0.1140625
0 0.7375 0.77578125 0.0390625 0.084375
0 0.60078125 0.97578125 0.0671875 0.0484375
0 0.5078125 0.8484375 0.0375 0.165625
0 0.51171875 0.653125 0.0453125 0.05625
0 0.54453125 0.78359375 0.0796875 0.0828125
0 0.96015625 0.59140625 0.0796875 0.0234375
0 0.98203125 0.76953125 0.034375 0.05