1 0.1203125 0.41328125 0.240625 0.2515625
1 0.31328125 0.43984375 0.5140625 0.2203125
1 0.5171875 0.44453125 0.184375 0.2109375
1 0.36875 0.140625 0.25 0.1359375
1 0.16875 0.1984375 0.3 0.19375
1 0.2796875 0.0484375 0.228125 0.096875
1 0.88828125 0.225 0.2234375 0.29375
1 0.9578125 0.17265625 0.084375 0.2578125
1 0.86953125 0.415625 0.2609375 0.26875
1 0.88046875 0.2359375 0.2390625 0.21875
1 0.8828125 0.0890625 0.234375 0.1375
1 0.4890625 0.91953125 0.240625 0.1609375
1 0.20859375 0.91328125 0.4171875 0.1734375
1 0.31796875 0.80859375 0.221875 0.1671875
0 0.79296875 0.8515625 0.0609375 0.103125
0 0.69765625 0.8640625 0.075 0.128125
0 0.621875 0.9140625 0.025 0.14375
0 0.890625 0.91328125 0.04375 0.1359375
0 0.934375 0.91796875 0.028125 0.1265625
0 0.91171875 0.6921875 0.059375 0.125
0 0.98984375 0.6859375 0.0203125 0.128125
0 0.79453125 0.95859375 0.0546875 0.0828125
0 0.62734375 0.9546875 0.0359375 0.090625