1 0.1859375 0.175 0.371875 0.35
1 0.32578125 0.2875 0.5171875 0.125
1 0.571875 0.19140625 0.434375 0.3171875
1 0.42109375 0.14296875 0.3828125 0.2859375
1 0.65078125 0.175 0.2765625 0.35
2 0.89453125 0.1125 0.2109375 0.225
2 0.928125 0.08671875 0.14375 0.1734375
2 0.8296875 0.175 0.08125 0.35
1 0.39453125 0.675 0.7890625 0.65
5 0.84921875 0.4140625 0.1203125 0.128125
5 0.83046875 0.3859375 0.0828125 0.071875
5 0.834375 0.4484375 0.090625 0.1375
5 0.846875 0.60703125 0.115625 0.1703125
5 0.8375 0.709375 0.096875 0.128125
5 0.84140625 0.81796875 0.1046875 0.1546875
5 0.89453125 0.91328125 0.2109375 0.1734375
5 0.82421875 0.9515625 0.0703125 0.096875