1 0.26953125 0.31015625 0.1828125 0.0796875
1 0.134375 0.21015625 0.125 0.1046875
1 0.3140625 0.23359375 0.15 0.065625
1 0.49296875 0.2171875 0.15625 0.06875
1 0.625 0.20625 0.05 0.071875
1 0.49375 0.328125 0.1375 0.04375
1 0.05234375 0.33046875 0.1046875 0.0390625
1 0.49453125 0.0921875 0.146875 0.065625
1 0.82578125 0.06796875 0.1828125 0.1359375
1 0.95234375 0.2078125 0.0953125 0.21875
1 0.95390625 0.065625 0.0921875 0.13125
1 0.72265625 0.221875 0.1453125 0.25625
1 0.69296875 0.2203125 0.0859375 0.203125
1 0.69375 0.03671875 0.0875 0.0734375
1 0.76015625 0.034375 0.1359375 0.06875
1 0.875 0.03203125 0.1125 0.0640625
1 0.934375 0.03203125 0.1 0.0640625
1 0.70859375 0.028125 0.1171875 0.05625
1 0.728125 0.03125 0.15625 0.0625
1 0.846875 0.0296875 0.21875 0.059375
1 0.928125 0.0265625 0.14375 0.053125
1 0.70078125 0.0234375 0.1015625 0.046875
1 0.69609375 0.0265625 0.0921875 0.053125
1 0.7296875 0.02421875 0.159375 0.0484375
0 0.703125 0.54140625 0.10625 0.1140625
0 0.78671875 0.55625 0.1859375 0.1171875
0 0.68203125 0.7859375 0.0640625 0.121875
0 0.8125 0.78671875 0.1203125 0.109375
0 0.6953125 0.9046875 0.090625 0.078125
0 0.971875 0.52734375 0.05625 0.0796875
0 0.72421875 0.453125 0.1484375 0.053125
0 0.6984375 0.66484375 0.096875 0.0984375
0 0.68671875 0.76953125 0.0734375 0.1703125