1 0.2546875 0.4921875 0.509375 0.115625
1 0.2546875 0.25390625 0.509375 0.4796875
1 0.14140625 0.1671875 0.2828125 0.334375
1 0.253125 0.0453125 0.50625 0.090625
5 0.94296875 0.04609375 0.0859375 0.0921875
5 0.81640625 0.0453125 0.1421875 0.090625
5 0.78984375 0.07421875 0.159375 0.0734375
5 0.584375 0.08515625 0.109375 0.0734375
5 0.6359375 0.06953125 0.11875 0.1390625
5 0.7265625 0.040625 0.040625 0.08125
5 0.5546875 0.04296875 0.090625 0.0859375
5 0.7796875 0.25546875 0.2109375 0.209375
5 0.9609375 0.24921875 0.078125 0.1640625
5 0.94765625 0.07421875 0.1046875 0.1484375
5 0.5921875 0.28359375 0.165625 0.2328125
5 0.55390625 0.015625 0.0890625 0.03125
2 0.3796875 0.79765625 0.2578125 0.3109375
2 0.08515625 0.621875 0.1703125 0.14375
2 0.26796875 0.57109375 0.1765625 0.0421875
2 0.47421875 0.59453125 0.0546875 0.0890625
2 0.43671875 0.56171875 0.1453125 0.0234375
3 0.58671875 0.61484375 0.1546875 0.1296875