1 0.225 0.26953125 0.45 0.5390625
1 0.1796875 0.26953125 0.359375 0.5390625
1 0.13046875 0.09765625 0.2609375 0.1953125
1 0.225 0.0953125 0.45 0.190625
5 0.8375 0.49453125 0.2625 0.0890625
5 0.65078125 0.41640625 0.26875 0.1640625
5 0.5078125 0.32265625 0.115625 0.0953125
5 0.49375 0.23984375 0.0875 0.1453125
5 0.84375 0.2703125 0.2890625 0.1578125
5 0.5625 0.165625 0.225 0.20625
5 0.49765625 0.1140625 0.0953125 0.121875
5 0.95 0.0796875 0.1 0.121875
5 0.7765625 0.05 0.253125 0.1
5 0.55546875 0.03203125 0.2109375 0.0640625
5 0.49140625 0.02578125 0.0828125 0.0515625
5 0.47890625 0.0171875 0.0578125 0.034375
5 0.5796875 0.0140625 0.259375 0.028125
5 0.8734375 0.01640625 0.253125 0.0328125
5 0.553125 0.50703125 0.20625 0.0640625
0 0.40625 0.684375 0.0875 0.1625
0 0.39765625 0.55859375 0.1046875 0.0390625
0 0.1125 0.56484375 0.13125 0.0515625
0 0.27421875 0.5734375 0.1015625 0.06875
0 0.0453125 0.7625 0.090625 0.159375
0 0.30546875 0.98203125 0.1546875 0.0359375
0 0.28828125 0.66015625 0.078125 0.05
0 0.61875 0.85078125 0.1140625 0.1609375