1 0.1875 0.16015625 0.375 0.3203125
1 0.2984375 0.234375 0.18125 0.409375
1 0.19453125 0.3265625 0.3890625 0.225
0 0.54921875 0.02890625 0.0890625 0.0578125
0 0.684375 0.03828125 0.13125 0.0765625
0 0.93984375 0.02421875 0.0953125 0.0484375
0 0.88359375 0.10859375 0.1359375 0.1421875
0 0.84609375 0.29375 0.159375 0.159375
0 0.58671875 0.1546875 0.090625 0.1015625
0 0.7796875 0.1078125 0.0671875 0.0703125
3 0.13828125 0.5140625 0.1203125 0.15
3 0.1640625 0.8546875 0.071875 0.2578125
3 0.3453125 0.9140625 0.0875 0.171875
3 0.3453125 0.60546875 0.0875 0.3328125