1 0.31484375 0.265625 0.4296875 0.390625
1 0.38984375 0.39140625 0.2796875 0.3171875
1 0.1609375 0.37109375 0.321875 0.3578125
1 0.15 0.1421875 0.3 0.221875
1 0.29921875 0.07265625 0.2671875 0.1453125
1 0.04609375 0.09296875 0.0921875 0.1203125
1 0.05546875 0.1546875 0.1109375 0.16875
5 0.5515625 0.059375 0.04375 0.065625
5 0.55234375 0.13125 0.0453125 0.121875
5 0.5484375 0.14453125 0.0375 0.0453125
5 0.54375 0.23359375 0.028125 0.0828125
5 0.59765625 0.2125 0.1359375 0.2125
5 0.58125 0.10078125 0.103125 0.0953125
5 0.7140625 0.10234375 0.1421875 0.096875
5 0.86171875 0.090625 0.1078125 0.059375
5 0.965625 0.075 0.06875 0.05
5 0.97578125 0.18125 0.0484375 0.10625
5 0.85703125 0.20546875 0.153125 0.0984375
5 0.69296875 0.21328125 0.1375 0.05625
5 0.575 0.22890625 0.090625 0.0828125
2 0.328125 0.91484375 0.2125 0.1703125
2 0.1078125 0.90234375 0.215625 0.1953125
2 0.05703125 0.90546875 0.1140625 0.1890625
2 0.13515625 0.72421875 0.1671875 0.121875
2 0.3296875 0.721875 0.1390625 0.1375
2 0.49453125 0.73046875 0.0703125 0.1171875
2 0.046875 0.72734375 0.09375 0.1296875
2 0.01953125 0.7203125 0.0390625 0.1375
2 0.0625 0.6078125 0.125 0.115625
2 0.23203125 0.6078125 0.309375 0.0859375
2 0.48046875 0.60546875 0.0984375 0.0765625
2 0.4515625 0.56953125 0.15625 0.0390625
2 0.1671875 0.57109375 0.334375 0.0421875
2 0.17421875 0.57890625 0.3484375 0.0578125
2 0.04765625 0.57734375 0.0953125 0.0546875
3 0.74453125 0.9015625 0.4296875 0.175
3 0.5796875 0.68203125 0.084375 0.2640625
3 0.82734375 0.6359375 0.3453125 0.171875
3 0.63359375 0.603125 0.0609375 0.10625
3 0.56875 0.56640625 0.078125 0.0328125