1 0.29453125 0.259375 0.5890625 0.51875
2 0.67421875 0.459375 0.1296875 0.11875
2 0.87109375 0.44453125 0.1640625 0.1484375
0 0.021875 0.54765625 0.04375 0.0578125
0 0.05234375 0.55703125 0.1046875 0.0765625
0 0.29453125 0.54296875 0.0953125 0.0484375
0 0.3890625 0.5828125 0.06875 0.128125
0 0.23828125 0.55546875 0.1359375 0.0734375
0 0.20078125 0.70625 0.159375 0.159375
0 0.31953125 0.93359375 0.0359375 0.1328125
0 0.4453125 0.93125 0.0671875 0.103125
0 0.021875 0.56796875 0.04375 0.0984375
0 0.13359375 0.53671875 0.0671875 0.0359375
0 0.81484375 0.95625 0.1203125 0.0875
0 0.93515625 0.73203125 0.1296875 0.1015625
0 0.93046875 0.5984375 0.1390625 0.090625
0 0.6609375 0.74609375 0.125 0.1140625
0 0.6140625 0.81171875 0.05 0.1671875
0 0.95703125 0.8734375 0.0859375 0.13125