1 0.2296875 0.1296875 0.459375 0.259375
0 0.62890625 0.0265625 0.1015625 0.053125
0 0.7796875 0.04609375 0.109375 0.0921875
0 0.73359375 0.021875 0.1359375 0.04375
0 0.67578125 0.20546875 0.1453125 0.1078125
0 0.55859375 0.09375 0.1140625 0.0828125
0 0.5015625 0.02734375 0.084375 0.0546875
0 0.628125 0.0265625 0.078125 0.053125
0 0.7625 0.115625 0.0890625 0.0796875
0 0.87265625 0.02109375 0.1046875 0.0421875
0 0.9 0.03515625 0.1 0.0703125
0 0.49609375 0.02109375 0.0734375 0.0421875
2 0.39765625 0.61484375 0.0453125 0.1796875
2 0.2921875 0.5828125 0.059375 0.15625
2 0.41328125 0.40234375 0.0921875 0.2703125
2 0.15234375 0.35625 0.3046875 0.19375
2 0.06171875 0.68203125 0.1234375 0.3765625
2 0.29375 0.79921875 0.1546875 0.215625
2 0.0359375 0.36328125 0.071875 0.1953125
2 0.15234375 0.28671875 0.2109375 0.0546875
2 0.90390625 0.9265625 0.1921875 0.146875
2 0.6171875 0.9078125 0.315625 0.184375
2 0.89453125 0.6546875 0.2109375 0.109375
2 0.66640625 0.61953125 0.1796875 0.14375
2 0.93125 0.515625 0.1375 0.071875
2 0.7578125 0.49453125 0.1546875 0.0640625
2 0.54609375 0.75078125 0.1734375 0.1046875
2 0.5078125 0.4640625 0.096875 0.0625
2 0.478125 0.55078125 0.0375 0.0578125
2 0.51875 0.63125 0.096875 0.09375
2 0.896875 0.78828125 0.20625 0.1078125