1 0.5203125 0.3453125 0.21875 0.0875
2 0.925 0.19453125 0.103125 0.3890625
2 0.8015625 0.0234375 0.1125 0.046875
2 0.8140625 0.12890625 0.0984375 0.196875
2 0.81796875 0.3203125 0.0890625 0.1375
2 0.7265625 0.03203125 0.19375 0.0640625
2 0.69453125 0.2546875 0.1296875 0.26875
1 0.11875 0.84296875 0.2375 0.2390625
1 0.25 0.85859375 0.403125 0.259375
1 0.4234375 0.884375 0.378125 0.23125
1 0.440625 0.95390625 0.378125 0.0921875
1 0.26796875 0.940625 0.5359375 0.11875
1 0.90703125 0.61875 0.1859375 0.24375
1 0.81484375 0.85625 0.3703125 0.2875