1 0.12265625 0.43671875 0.1203125 0.0265625
1 0.02421875 0.34296875 0.0484375 0.0640625
1 0.03203125 0.33828125 0.0640625 0.0859375
1 0.0296875 0.34296875 0.059375 0.0984375
1 0.02890625 0.33515625 0.0578125 0.0796875
5 0.4609375 0.36484375 0.14375 0.1703125
5 0.90703125 0.25703125 0.1859375 0.1265625
5 0.70703125 0.178125 0.2015625 0.1046875
5 0.51171875 0.1265625 0.1421875 0.109375
1 0.21953125 0.853125 0.3390625 0.29375
1 0.20859375 0.61640625 0.3125 0.2546875
1 0.328125 0.609375 0.121875 0.25
0 0.47578125 0.89296875 0.1359375 0.1140625
0 0.925 0.5890625 0.05625 0.0890625
0 0.734375 0.903125 0.090625 0.0875
0 0.40625 0.96015625 0.034375 0.0484375