1 0.41484375 0.284375 0.8296875 0.56875
0 0.95546875 0.4796875 0.0890625 0.0625
0 0.8578125 0.44609375 0.05625 0.0546875
0 0.86328125 0.50625 0.0671875 0.040625
0 0.86796875 0.5578125 0.0765625 0.021875
0 0.90078125 0.5484375 0.0796875 0.040625
0 0.02421875 0.59765625 0.0484375 0.0578125
0 0.04921875 0.584375 0.0953125 0.03125
0 0.2328125 0.59296875 0.1 0.0484375
0 0.121875 0.61328125 0.09375 0.0890625
0 0.0296875 0.94609375 0.059375 0.1078125
0 0.0203125 0.60625 0.040625 0.075
0 0.46015625 0.865625 0.06875 0.196875
0 0.37265625 0.71484375 0.0484375 0.0828125
0 0.25 0.784375 0.125 0.159375
0 0.31328125 0.97890625 0.0640625 0.0421875
0 0.56484375 0.77109375 0.109375 0.0859375
0 0.66796875 0.75234375 0.06875 0.1578125
0 0.5421875 0.60078125 0.125 0.0640625
0 0.55625 0.596875 0.125 0.05625
0 0.19375 0.5859375 0.0625 0.034375
0 0.2796875 0.58828125 0.053125 0.0390625
0 0.40234375 0.58515625 0.0703125 0.0328125
4 0.91484375 0.75390625 0.1703125 0.3703125