1 0.21328125 0.09375 0.4265625 0.1875
1 0.29453125 0.34375 0.5890625 0.3125
1 0.29453125 0.371875 0.5890625 0.25625
1 0.4359375 0.24375 0.30625 0.4875
1 0.5140625 0.13671875 0.15 0.2734375
1 0.13671875 0.15625 0.2734375 0.3125
1 0.21796875 0.09765625 0.4359375 0.1953125
1 0.32734375 0.06875 0.4328125 0.1375
2 0.675 0.4796875 0.090625 0.040625
2 0.78046875 0.45390625 0.1328125 0.0921875
2 0.65546875 0.3375 0.1203125 0.109375
2 0.615625 0.39140625 0.053125 0.1234375
2 0.63125 0.42890625 0.084375 0.1421875
2 0.61484375 0.44609375 0.0515625 0.1078125
2 0.66796875 0.259375 0.1578125 0.09375
2 0.6546875 0.1484375 0.13125 0.121875
2 0.60859375 0.16015625 0.0390625 0.0828125
5 0.30234375 0.796875 0.1890625 0.1625
5 0.49375 0.7921875 0.1453125 0.16875
5 0.48671875 0.946875 0.1109375 0.10625
5 0.35625 0.95078125 0.115625 0.0984375
5 0.21484375 0.94453125 0.1296875 0.1109375
5 0.13203125 0.82421875 0.15625 0.1078125
5 0.03828125 0.89921875 0.0765625 0.1703125
5 0.5015625 0.54765625 0.159375 0.0953125
5 0.31484375 0.5609375 0.1546875 0.121875
5 0.1484375 0.5875 0.184375 0.175
5 0.03359375 0.59765625 0.0671875 0.1953125
0 0.77109375 0.9921875 0.1234375 0.015625
0 0.6234375 0.8796875 0.06875 0.065625
0 0.7078125 0.76171875 0.0890625 0.040625
0 0.63203125 0.7859375 0.0859375 0.065625
0 0.6203125 0.7 0.0625 0.05625