1 0.3296875 0.2046875 0.659375 0.409375
0 0.75703125 0.03984375 0.1859375 0.0796875
0 0.69296875 0.03125 0.0671875 0.0625
0 0.71953125 0.05625 0.1203125 0.1125
0 0.85703125 0.08984375 0.1046875 0.1796875
0 0.809375 0.3375 0.1 0.14375
0 0.715625 0.37734375 0.1125 0.0640625
0 0.70703125 0.278125 0.0953125 0.1125
0 0.69296875 0.02734375 0.0671875 0.0546875
0 0.64296875 0.5734375 0.0328125 0.128125
0 0.06015625 0.79453125 0.1203125 0.1390625
0 0.2453125 0.84921875 0.1046875 0.15
0 0.10703125 0.95859375 0.2046875 0.0828125
0 0.35703125 0.503125 0.109375 0.0546875
0 0.08359375 0.4796875 0.1671875 0.08125
0 0.0765625 0.63359375 0.153125 0.0609375
2 0.84921875 0.8578125 0.0984375 0.284375
2 0.9703125 0.8546875 0.059375 0.271875
2 0.70390625 0.87578125 0.0890625 0.2484375
2 0.73984375 0.62890625 0.1609375 0.1890625
2 0.69140625 0.640625 0.0640625 0.203125
2 0.70078125 0.475 0.0828125 0.10625
2 0.69296875 0.48125 0.0671875 0.096875