1 0.209375 0.29453125 0.41875 0.4703125
1 0.42109375 0.3296875 0.4359375 0.61875
0 0.96015625 0.19765625 0.0796875 0.0890625
0 0.778125 0.21875 0.1453125 0.08125
0 0.67265625 0.2421875 0.0671875 0.090625
3 0.21875 0.7125 0.359375 0.146875
2 0.69921875 0.8671875 0.1203125 0.265625
2 0.70390625 0.72578125 0.1296875 0.1734375
2 0.7 0.87578125 0.121875 0.2484375
2 0.8953125 0.85703125 0.209375 0.2859375
2 0.73046875 0.70859375 0.1828125 0.1390625
2 0.73046875 0.70078125 0.1828125 0.1234375
2 0.88828125 0.70625 0.1671875 0.134375