1 0.284375 0.3859375 0.56875 0.50625
2 0.9578125 0.490625 0.084375 0.24375
2 0.825 0.47265625 0.1328125 0.203125
2 0.6546875 0.46796875 0.171875 0.1671875
2 0.59140625 0.4796875 0.0453125 0.13125
2 0.959375 0.20234375 0.08125 0.1109375
2 0.95546875 0.3296875 0.0890625 0.075
2 0.85234375 0.25390625 0.109375 0.065625
2 0.7546875 0.3375 0.2359375 0.0625
2 0.7515625 0.2734375 0.0796875 0.059375
2 0.59296875 0.35859375 0.0484375 0.0484375
5 0.1328125 0.95703125 0.125 0.0859375
5 0.02734375 0.98984375 0.0546875 0.0203125
5 0.48203125 0.9765625 0.0984375 0.046875
5 0.91171875 0.69140625 0.1546875 0.09375
5 0.79453125 0.68515625 0.075 0.05625
5 0.721875 0.6734375 0.0828125 0.0578125
5 0.63515625 0.66328125 0.075 0.046875
5 0.5875 0.7109375 0.0375 0.08125
5 0.659375 0.75703125 0.071875 0.096875
5 0.7609375 0.875 0.1125 0.153125
5 0.89609375 0.940625 0.1328125 0.11875
5 0.628125 0.884375 0.11875 0.23125