1 0.21328125 0.43203125 0.4265625 0.2359375
1 0.190625 0.3453125 0.38125 0.409375
1 0.39453125 0.45546875 0.5109375 0.1890625
1 0.35625 0.25078125 0.5875 0.5015625
1 0.5640625 0.275 0.171875 0.55
1 0.87109375 0.38203125 0.2578125 0.3359375
1 0.825 0.3796875 0.35 0.340625
1 0.89921875 0.1140625 0.2015625 0.228125
1 0.78828125 0.13125 0.2765625 0.24375
1 0.71328125 0.15703125 0.1265625 0.2421875
1 0.12421875 0.821875 0.2484375 0.20625
1 0.3625 0.834375 0.3421875 0.228125
1 0.52890625 0.6421875 0.2421875 0.18125
1 0.39140625 0.9640625 0.3171875 0.071875
1 0.1515625 0.959375 0.303125 0.08125
1 0.1203125 0.6484375 0.240625 0.196875
1 0.32109375 0.65390625 0.3046875 0.2078125
1 0.0546875 0.834375 0.109375 0.240625
3 0.8875 0.775 0.225 0.45