2 0.36328125 0.3421875 0.0265625 0.09375
2 0.63828125 0.3671875 0.1578125 0.04375
2 0.95390625 0.35625 0.0828125 0.065625
2 0.05625 0.9125 0.1125 0.175
2 0.221875 0.91875 0.25625 0.1625
2 0.065625 0.81875 0.13125 0.2
2 0.0703125 0.703125 0.140625 0.18125
2 0.19609375 0.70625 0.1984375 0.1765625
2 0.303125 0.571875 0.09375 0.146875
2 0.0515625 0.540625 0.103125 0.10625
2 0.03046875 0.54765625 0.0609375 0.1078125
2 0.04921875 0.60390625 0.0984375 0.1984375
2 0.0140625 0.659375 0.028125 0.084375
1 0.675 0.69453125 0.65 0.6109375