1 0.23046875 0.146875 0.4171875 0.29375
0 0.49609375 0.1625 0.1140625 0.0625
0 0.84296875 0.2390625 0.053125 0.0875
0 0.72109375 0.25625 0.0796875 0.0390625
0 0.61953125 0.3453125 0.0734375 0.0453125
0 0.46171875 0.2546875 0.0453125 0.08125
0 0.45625 0.4015625 0.034375 0.06875
0 0.48671875 0.06171875 0.0953125 0.0671875
0 0.51796875 0.0375 0.090625 0.05
0 0.66796875 0.0859375 0.1140625 0.0578125
0 0.45078125 0.0890625 0.0234375 0.05625
0 0.72265625 0.18515625 0.16875 0.065625
0 0.55625 0.2453125 0.0671875 0.0453125
2 0.35703125 0.96015625 0.1640625 0.0796875
2 0.3078125 0.8078125 0.2625 0.121875
2 0.27265625 0.690625 0.3328125 0.078125
2 0.0734375 0.5546875 0.146875 0.13125
2 0.26328125 0.55859375 0.140625 0.1109375
0 0.77890625 0.96796875 0.1640625 0.0640625
0 0.56953125 0.54609375 0.121875 0.1015625
0 0.471875 0.5203125 0.065625 0.0625
0 0.45390625 0.5234375 0.0296875 0.06875
0 0.7640625 0.8515625 0.14375 0.1046875
0 0.88515625 0.71171875 0.0828125 0.1015625