1 0.26484375 0.2546875 0.5296875 0.509375
4 0.728125 0.47421875 0.396875 0.0703125
5 0.26484375 0.93125 0.5296875 0.0375
5 0.221875 0.840625 0.14375 0.0921875
5 0.48203125 0.809375 0.0953125 0.140625
5 0.50546875 0.7515625 0.0484375 0.065625
5 0.440625 0.66484375 0.078125 0.08125
4 0.55078125 0.93984375 0.0421875 0.1203125
4 0.55625 0.8015625 0.053125 0.121875
4 0.54375 0.76796875 0.028125 0.0671875
4 0.565625 0.80234375 0.071875 0.0796875
4 0.675 0.7953125 0.1125 0.065625
4 0.69375 0.91015625 0.1484375 0.134375
4 0.878125 0.90390625 0.0671875 0.0828125
4 0.5453125 0.9 0.03125 0.10625