1 0.31875 0.2609375 0.321875 0.190625
1 0.18515625 0.13828125 0.2828125 0.1234375
1 0.36328125 0.13828125 0.2328125 0.1328125
5 0.965625 0.28671875 0.06875 0.1359375
3 0.21796875 0.4375 0.2546875 0.15625
3 0.03828125 0.69296875 0.0765625 0.6140625
3 0.2015625 0.828125 0.0828125 0.0734375
3 0.178125 0.9046875 0.1203125 0.084375
3 0.2796875 0.8109375 0.0765625 0.0671875
3 0.31015625 0.9 0.096875 0.1
3 0.3296875 0.7484375 0.084375 0.028125
3 0.371875 0.7890625 0.09375 0.03125
3 0.403125 0.83359375 0.1015625 0.0453125
3 0.4390625 0.90703125 0.08125 0.0921875
3 0.08203125 0.82578125 0.1015625 0.1640625
4 0.9484375 0.64453125 0.103125 0.2015625