1 0.309375 0.4203125 0.309375 0.11875
1 0.575 0.41640625 0.375 0.1265625
1 0.7171875 0.421875 0.125 0.115625
1 0.12734375 0.421875 0.2546875 0.115625
3 0.91484375 0.23984375 0.1703125 0.4796875
0 0.39453125 0.8734375 0.1453125 0.1859375
0 0.16953125 0.88671875 0.1484375 0.1796875
0 0.575 0.61796875 0.184375 0.1421875
0 0.6796875 0.80703125 0.06875 0.128125
0 0.35546875 0.5359375 0.1265625 0.1125
0 0.0296875 0.72265625 0.059375 0.4015625
0 0.33203125 0.49609375 0.1921875 0.0328125
0 0.6921875 0.5203125 0.175 0.08125
0 0.096875 0.50390625 0.19375 0.0484375
0 0.39140625 0.49609375 0.2765625 0.0328125
0 0.81484375 0.82265625 0.0703125 0.1078125
0 0.84140625 0.98125 0.0546875 0.0375
0 0.94921875 0.96484375 0.0546875 0.0703125
0 0.7984375 0.65546875 0.0375 0.1265625
0 0.809375 0.675 0.059375 0.1
0 0.8765625 0.6890625 0.05625 0.0859375
0 0.79375 0.7984375 0.028125 0.140625
0 0.81640625 0.51328125 0.0734375 0.0671875
0 0.79921875 0.521875 0.0390625 0.06875
0 0.79765625 0.92265625 0.0359375 0.0796875
0 0.7984375 0.50234375 0.0375 0.0453125
0 0.81171875 0.5046875 0.0640625 0.05