1 0.11171875 0.50546875 0.2234375 0.2265625
1 0.3171875 0.5203125 0.521875 0.196875
1 0.353125 0.40390625 0.2828125 0.2421875
2 0.640625 0.37578125 0.04375 0.1390625
2 0.66796875 0.4265625 0.0984375 0.30625
2 0.6796875 0.234375 0.121875 0.125
2 0.86796875 0.15625 0.2640625 0.23125
2 0.74296875 0.51328125 0.2328125 0.2109375
2 0.6625 0.54453125 0.0875 0.1484375
2 0.76015625 0.3734375 0.2015625 0.0734375
2 0.97734375 0.35 0.0453125 0.078125
2 0.41640625 0.825 0.18125 0.259375
2 0.23828125 0.7171875 0.1625 0.19375
2 0.06015625 0.89453125 0.1203125 0.2109375
2 0.55078125 0.6828125 0.1359375 0.128125
1 0.809375 0.809375 0.38125 0.38125