1 0.08671875 0.19296875 0.1140625 0.1609375
1 0.41796875 0.10625 0.1828125 0.2125
5 0.53125 0.01328125 0.04375 0.0265625
5 0.53671875 0.0125 0.0546875 0.025
5 0.54296875 0.02578125 0.0671875 0.0515625
5 0.53515625 0.02265625 0.0515625 0.0453125
5 0.53671875 0.03515625 0.0546875 0.0703125
5 0.53359375 0.0609375 0.0484375 0.121875
1 0.0453125 0.90703125 0.090625 0.1859375
1 0.078125 0.90546875 0.15625 0.1890625
1 0.04296875 0.8984375 0.0859375 0.203125
1 0.02578125 0.7828125 0.0515625 0.1125
1 0.025 0.7875 0.05 0.11875
1 0.17109375 0.91171875 0.1828125 0.1765625
1 0.2609375 0.9109375 0.171875 0.178125
1 0.02890625 0.80234375 0.0578125 0.0890625
2 0.91484375 0.734375 0.1296875 0.53125
2 0.75625 0.734375 0.04375 0.53125
2 0.690625 0.77265625 0.059375 0.4546875
2 0.8109375 0.734375 0.04375 0.53125