1 0.15703125 0.35234375 0.3140625 0.2828125
1 0.17421875 0.17734375 0.3109375 0.2078125
4 0.68203125 0.56484375 0.1578125 0.18125
4 0.92421875 0.61171875 0.1515625 0.1765625
4 0.88984375 0.353125 0.1375 0.109375
4 0.96953125 0.30390625 0.0609375 0.0703125
4 0.64453125 0.3453125 0.1109375 0.103125
4 0.54140625 0.33203125 0.1265625 0.0984375
4 0.48203125 0.23515625 0.1 0.075
4 0.38671875 0.40703125 0.1140625 0.1078125
4 0.778125 0.03125 0.196875 0.0625
1 0.684375 0.98046875 0.1875 0.0390625
1 0.35234375 0.93203125 0.0453125 0.0859375
1 0.3796875 0.965625 0.1 0.06875
1 0.396875 0.9734375 0.134375 0.053125