1 0.26875 0.27109375 0.090625 0.1375
1 0.33671875 0.63125 0.2046875 0.1375
1 0.1828125 0.66171875 0.184375 0.0765625
1 0.190625 0.5625 0.25 0.25
1 0.89296875 0.39375 0.2140625 0.43125
1 0.6984375 0.12421875 0.51875 0.2484375
1 0.6546875 0.48671875 0.29375 0.1765625
2 0.23359375 0.83828125 0.121875 0.103125
2 0.3453125 0.9390625 0.1875 0.121875
2 0.08671875 0.94453125 0.1734375 0.0640625
2 0.08125 0.86328125 0.1609375 0.05625
2 0.04140625 0.94921875 0.0828125 0.0234375
2 0.021875 0.884375 0.04375 0.05625
1 0.4921875 0.93984375 0.10625 0.1203125
1 0.4703125 0.81953125 0.0625 0.1046875
1 0.50625 0.8421875 0.134375 0.065625
1 0.67734375 0.8265625 0.15625 0.06875
1 0.8546875 0.815625 0.1390625 0.071875
1 0.9859375 0.7984375 0.028125 0.08125
1 0.8984375 0.93984375 0.1390625 0.078125
1 0.678125 0.9578125 0.1375 0.084375
1 0.4671875 0.96015625 0.05625 0.0796875
1 0.678125 0.71640625 0.146875 0.0328125