1 0.1671875 0.11953125 0.334375 0.2390625
1 0.234375 0.19765625 0.46875 0.0828125
1 0.28125 0.0828125 0.375 0.165625
1 0.38203125 0.13046875 0.1734375 0.2171875
2 0.81328125 0.16953125 0.3734375 0.1390625
2 0.884375 0.0359375 0.23125 0.071875
2 0.5890625 0.03984375 0.16875 0.0796875
2 0.5265625 0.1640625 0.115625 0.125
2 0.86328125 0.028125 0.2734375 0.05625
2 0.56875 0.02578125 0.19375 0.0515625
2 0.503125 0.17265625 0.06875 0.1109375
2 0.378125 0.9734375 0.15 0.053125
2 0.2 0.97109375 0.171875 0.0578125
2 0.44140625 0.8375 0.0546875 0.234375
2 0.3046875 0.78984375 0.0859375 0.29375
2 0.1859375 0.81015625 0.1234375 0.3171875
2 0.35390625 0.44375 0.1265625 0.1265625
2 0.18125 0.4515625 0.1984375 0.1078125
2 0.04609375 0.43359375 0.0921875 0.0921875
2 0.0484375 0.68359375 0.096875 0.3171875
2 0.05 0.6859375 0.1 0.36875
2 0.04765625 0.92734375 0.0953125 0.1453125
2 0.01640625 0.6765625 0.0328125 0.365625
2 0.0640625 0.4203125 0.128125 0.121875
2 0.39765625 0.6171875 0.1421875 0.153125
2 0.2140625 0.58203125 0.175 0.1125
1 0.734375 0.603125 0.53125 0.728125
1 0.734375 0.61953125 0.53125 0.7609375