1 0.13203125 0.34453125 0.0828125 0.115625
1 0.17109375 0.32734375 0.0640625 0.1125
1 0.09140625 0.27734375 0.0765625 0.09375
1 0.046875 0.2078125 0.084375 0.115625
1 0.0828125 0.1984375 0.0921875 0.13125
1 0.12265625 0.1984375 0.078125 0.1140625
1 0.15859375 0.20390625 0.0765625 0.1078125
1 0.19375 0.26328125 0.0796875 0.096875
1 0.22734375 0.3140625 0.09375 0.109375
1 0.26796875 0.375 0.06875 0.0859375
1 0.2390625 0.39609375 0.0671875 0.0953125
1 0.2078125 0.4015625 0.0796875 0.1125
1 0.221875 0.49296875 0.0703125 0.1078125
1 0.2609375 0.53203125 0.1 0.0953125
1 0.22421875 0.5609375 0.1078125 0.0375
1 0.30390625 0.5265625 0.0796875 0.10625
1 0.35 0.503125 0.084375 0.1109375
1 0.025 0.15234375 0.05 0.1078125
1 0.02890625 0.14609375 0.0578125 0.0984375
1 0.0546875 0.14375 0.0625 0.1
1 0.01640625 0.034375 0.0328125 0.06875
1 0.2109375 0.084375 0.1390625 0.1296875
1 0.3078125 0.15546875 0.146875 0.1671875
1 0.36171875 0.29609375 0.1171875 0.153125
1 0.4609375 0.19609375 0.078125 0.1328125
1 0.4875 0.1796875 0.025 0.165625
0 0.6265625 0.32578125 0.215625 0.1640625
0 0.6375 0.14296875 0.1796875 0.08125
2 0.30625 0.909375 0.3875 0.0625
3 0.61328125 0.67890625 0.2265625 0.1984375