1 0.26796875 0.434375 0.1453125 0.05
1 0.37734375 0.43671875 0.1609375 0.0453125
1 0.46015625 0.43671875 0.1203125 0.0453125
1 0.04375 0.33359375 0.0875 0.0640625
1 0.11875 0.32890625 0.1296875 0.0859375
1 0.2015625 0.33359375 0.1203125 0.0984375
1 0.3 0.3265625 0.1171875 0.0796875
5 0.76953125 0.2953125 0.4609375 0.28125
1 0.30234375 0.97578125 0.1828125 0.0484375
1 0.43984375 0.97734375 0.1109375 0.0453125
1 0.13828125 0.85625 0.153125 0.1484375
1 0.2375 0.8828125 0.1359375 0.1390625
1 0.35234375 0.8046875 0.1140625 0.1296875
1 0.41171875 0.8453125 0.1 0.1296875
1 0.06015625 0.7265625 0.1203125 0.1125
1 0.175 0.69921875 0.2171875 0.125
1 0.3234375 0.6828125 0.21875 0.121875
1 0.4359375 0.67109375 0.20625 0.1078125
1 0.4921875 0.65703125 0.09375 0.1265625
1 0.43046875 0.77734375 0.2171875 0.2234375
1 0.05078125 0.66796875 0.1015625 0.0953125
1 0.07890625 0.64609375 0.1578125 0.1078125
1 0.19296875 0.6421875 0.1875 0.0984375
2 0.6125 0.91875 0.146875 0.1625
2 0.784375 0.91640625 0.34375 0.1671875
2 0.8671875 0.603125 0.265625 0.2875
2 0.6296875 0.60859375 0.18125 0.2984375