1 0.234375 0.1046875 0.46875 0.209375
0 0.89609375 0.02265625 0.1265625 0.0453125
0 0.7515625 0.01875 0.121875 0.0375
0 0.49140625 0.02890625 0.0453125 0.0578125
0 0.49453125 0.0171875 0.0515625 0.034375
0 0.47890625 0.02421875 0.0203125 0.0484375
3 0.20859375 0.696875 0.3046875 0.2734375
1 0.775 0.69765625 0.45 0.5484375
1 0.7828125 0.39765625 0.425 0.24375
1 0.9296875 0.49765625 0.140625 0.2515625
1 0.603125 0.3546875 0.26875 0.284375
1 0.596875 0.28671875 0.25625 0.1546875
1 0.60390625 0.25234375 0.2703125 0.0859375