1 0.39375 0.23359375 0.190625 0.1765625
1 0.4453125 0.278125 0.0875 0.2125
1 0.27109375 0.48515625 0.4359375 0.3078125
1 0.07109375 0.59765625 0.1421875 0.0828125
1 0.29296875 0.49921875 0.165625 0.1765625
0 0.90234375 0.56640625 0.1015625 0.1453125
4 0.1953125 0.88828125 0.159375 0.2234375
4 0.02421875 0.8171875 0.0484375 0.1
0 0.603125 0.95390625 0.05 0.0921875
0 0.89140625 0.834375 0.0703125 0.0921875
0 0.86484375 0.7625 0.06875 0.0359375
0 0.9890625 0.7328125 0.021875 0.04375
0 0.6625 0.75625 0.096875 0.0578125
0 0.65625 0.846875 0.059375 0.0828125
0 0.54765625 0.81171875 0.0390625 0.1203125
0 0.50546875 0.7953125 0.0328125 0.103125
0 0.990625 0.96015625 0.01875 0.0796875
0 0.83515625 0.9890625 0.0765625 0.021875
0 0.80390625 0.790625 0.0578125 0.075