1 0.03984375 0.49140625 0.0796875 0.0546875
1 0.18203125 0.04375 0.3640625 0.0875
1 0.2 0.08828125 0.4 0.1765625
1 0.2 0.22265625 0.4 0.2359375
1 0.2 0.40859375 0.4 0.2203125
1 0.84765625 0.48125 0.3046875 0.075
1 0.53671875 0.4640625 0.2734375 0.109375
1 0.55859375 0.39765625 0.3171875 0.1046875
1 0.8234375 0.3984375 0.2890625 0.1234375
1 0.4609375 0.3984375 0.121875 0.11875
1 0.4453125 0.47265625 0.090625 0.0921875
1 0.59453125 0.26171875 0.16875 0.0765625
1 0.803125 0.25859375 0.246875 0.059375
1 0.94375 0.4109375 0.1125 0.115625
5 0.15625 0.82578125 0.1109375 0.196875
5 0.04453125 0.66484375 0.0890625 0.0796875
5 0.04140625 0.5421875 0.0828125 0.046875
5 0.0453125 0.88984375 0.075 0.078125
5 0.0640625 0.5859375 0.128125 0.134375
5 0.2390625 0.6421875 0.190625 0.246875
5 0.3765625 0.73515625 0.046875 0.1953125
5 0.2953125 0.84140625 0.0828125 0.1015625
3 0.5734375 0.68984375 0.28125 0.3421875