1 0.25625 0.13828125 0.4125 0.2765625
1 0.090625 0.16875 0.18125 0.3375
1 0.3703125 0.371875 0.31875 0.375
1 0.27734375 0.4453125 0.3953125 0.228125
1 0.15 0.065625 0.20625 0.13125
1 0.38359375 0.08203125 0.2921875 0.1640625
2 0.90234375 0.359375 0.1953125 0.240625
2 0.159375 0.98984375 0.31875 0.0203125
2 0.446875 0.9890625 0.165625 0.021875
2 0.8484375 0.596875 0.303125 0.075
2 0.84375 0.6890625 0.3125 0.196875
2 0.834375 0.83359375 0.278125 0.1125
2 0.61171875 0.75078125 0.1640625 0.1265625
2 0.59765625 0.6296875 0.1359375 0.109375
2 0.625 0.58046875 0.084375 0.0421875