1 0.1546875 0.225 0.309375 0.45
0 0.61015625 0.1015625 0.0953125 0.203125
5 0.06484375 0.75 0.1296875 0.2125
5 0.053125 0.54375 0.10625 0.1875
5 0.1546875 0.78515625 0.253125 0.1203125
5 0.21328125 0.6671875 0.1921875 0.125
5 0.03984375 0.49609375 0.0796875 0.0921875
3 0.3328125 0.90625 0.046875 0.1875
3 0.88984375 0.59921875 0.1609375 0.2984375
3 0.87734375 0.853125 0.1515625 0.1609375
3 0.98359375 0.47890625 0.0328125 0.0578125
3 0.8625 0.46953125 0.05625 0.0390625
3 0.65703125 0.69375 0.0640625 0.4875
3 0.81640625 0.46796875 0.2328125 0.0359375