1 0.03125 0.40234375 0.0625 0.0328125
1 0.14609375 0.4078125 0.1484375 0.021875
2 0.61953125 0.0171875 0.1390625 0.034375
2 0.6484375 0.015625 0.196875 0.03125
2 0.684375 0.03203125 0.26875 0.0640625
2 0.7421875 0.1625 0.353125 0.14375
2 0.8328125 0.3453125 0.334375 0.146875
1 0.2890625 0.81953125 0.521875 0.3609375
1 0.38984375 0.8109375 0.3203125 0.378125
1 0.44453125 0.76875 0.2109375 0.384375
1 0.4765625 0.75078125 0.146875 0.3984375
1 0.4984375 0.7171875 0.103125 0.36875
1 0.08984375 0.5703125 0.1796875 0.303125
1 0.178125 0.55234375 0.35625 0.2671875
1 0.2578125 0.55 0.409375 0.2625
1 0.3484375 0.5328125 0.2875 0.228125
1 0.4125 0.5203125 0.2625 0.203125
3 0.59453125 0.634375 0.0890625 0.39375