1 0.15546875 0.209375 0.3109375 0.284375
1 0.15078125 0.184375 0.3015625 0.36875
1 0.73984375 0.184375 0.5203125 0.36875
5 0.05546875 0.67734375 0.1109375 0.2265625
5 0.03828125 0.47578125 0.0765625 0.0796875
5 0.1265625 0.67109375 0.2265625 0.1609375
5 0.32109375 0.928125 0.3171875 0.14375
5 0.4015625 0.784375 0.15625 0.128125
5 0.3484375 0.665625 0.171875 0.125
2 0.5578125 0.43671875 0.15625 0.1359375
2 0.6859375 0.4484375 0.34375 0.159375
2 0.83671875 0.65234375 0.315625 0.278125
2 0.553125 0.603125 0.146875 0.21875
2 0.57421875 0.84609375 0.1890625 0.2359375
2 0.903125 0.93125 0.19375 0.1375