1 0.43046875 0.6515625 0.1015625 0.1421875
1 0.3484375 0.6984375 0.078125 0.125
1 0.5265625 0.81796875 0.1640625 0.153125
1 0.5875 0.85546875 0.1375 0.1921875
1 0.41796875 0.8703125 0.1265625 0.1625
1 0.18984375 0.6984375 0.0890625 0.109375
1 0.2390625 0.62578125 0.090625 0.1609375
1 0.50703125 0.69765625 0.1109375 0.1296875
1 0.57109375 0.74453125 0.1265625 0.1421875
1 0.6328125 0.7828125 0.15 0.1453125
1 0.715625 0.82734375 0.1171875 0.1328125
1 0.66640625 0.91328125 0.1546875 0.1734375
1 0.3453125 0.29921875 0.0625 0.0609375
1 0.33125 0.35234375 0.078125 0.0671875
1 0.1125 0.6234375 0.0890625 0.11875
1 0.159375 0.5640625 0.0765625 0.109375
1 0.05859375 0.49296875 0.065625 0.0953125
1 0.103125 0.7234375 0.096875 0.1546875
1 0.16796875 0.7859375 0.1203125 0.1671875
1 0.37578125 0.43984375 0.09375 0.0921875
1 0.4203125 0.43515625 0.0703125 0.0734375
1 0.4515625 0.4453125 0.08125 0.103125
1 0.48671875 0.46015625 0.0640625 0.0703125
1 0.5609375 0.55859375 0.0640625 0.084375
1 0.60859375 0.57890625 0.0703125 0.134375
1 0.63203125 0.51796875 0.0703125 0.1078125
1 0.6140625 0.45859375 0.0625 0.0765625
1 0.6703125 0.54140625 0.1046875 0.11875
1 0.6546875 0.5984375 0.075 0.1
1 0.7015625 0.6140625 0.0828125 0.11875
1 0.72421875 0.56796875 0.103125 0.121875
1 0.60625 0.1640625 0.0265625 0.0328125
1 0.5953125 0.18984375 0.028125 0.0296875
1 0.1671875 0.2953125 0.275 0.2109375
1 0.59375 0.2984375 0.2421875 0.178125
1 0.48984375 0.1625 0.1875 0.109375
1 0.3421875 0.13671875 0.1453125 0.08125
1 0.190625 0.17890625 0.178125 0.13125