1 0.04296875 0.05234375 0.0859375 0.0859375
1 0.0625 0.134375 0.125 0.078125
1 0.07734375 0.18828125 0.1390625 0.090625
1 0.125 0.25 0.2 0.078125
1 0.359375 0.215625 0.18125 0.1265625
1 0.27734375 0.04296875 0.0828125 0.0703125
1 0.4015625 0.0609375 0.15 0.0828125
1 0.4875 0.14296875 0.225 0.121875
1 0.53203125 0.2515625 0.1796875 0.075
1 0.59375 0.2703125 0.16875 0.0375
3 0.7609375 0.0421875 0.084375 0.084375
5 0.140625 0.80078125 0.1109375 0.196875
5 0.03984375 0.63984375 0.0796875 0.0796875
5 0.04140625 0.49296875 0.0828125 0.0953125
5 0.03359375 0.8640625 0.0671875 0.078125
5 0.05625 0.41796875 0.1125 0.2578125
5 0.2234375 0.60546875 0.190625 0.2703125
5 0.40703125 0.7109375 0.1375 0.196875
5 0.2796875 0.81640625 0.0828125 0.1015625
5 0.53828125 0.73828125 0.13125 0.1625