1 0.26484375 0.175 0.5296875 0.35
1 0.26484375 0.175 0.5296875 0.35
5 0.56171875 0.03515625 0.0640625 0.0703125
5 0.5796875 0.0265625 0.1 0.053125
5 0.57109375 0.04140625 0.0828125 0.0828125
5 0.69609375 0.0390625 0.1296875 0.078125
5 0.6984375 0.03359375 0.15 0.0671875
5 0.871875 0.0359375 0.178125 0.071875
5 0.95703125 0.2890625 0.0859375 0.121875
5 0.85859375 0.296875 0.1171875 0.10625
5 0.75 0.29296875 0.103125 0.1140625
5 0.65078125 0.303125 0.0890625 0.09375
5 0.56875 0.31953125 0.078125 0.0609375
5 0.58125 0.0234375 0.103125 0.046875
5 0.56640625 0.02109375 0.0734375 0.0421875
5 0.56484375 0.0203125 0.0703125 0.040625
5 0.5515625 0.02265625 0.04375 0.0453125
3 0.47734375 0.65 0.1046875 0.259375
4 0.1453125 0.7765625 0.1125 0.140625
1 0.7 0.79453125 0.340625 0.4109375
1 0.68828125 0.7078125 0.3171875 0.584375
1 0.7625 0.81796875 0.465625 0.3640625
1 0.76484375 0.56328125 0.4703125 0.4265625
1 0.875 0.60390625 0.25 0.5078125