1 0.3 0.27734375 0.6 0.2453125
1 0.3 0.11953125 0.6 0.2390625
1 0.14453125 0.0921875 0.2890625 0.184375
1 0.3140625 0.0453125 0.571875 0.090625
0 0.86171875 0.2984375 0.09375 0.1296875
0 0.80546875 0.18984375 0.134375 0.1109375
0 0.9609375 0.14765625 0.078125 0.0765625
0 0.69609375 0.02109375 0.0796875 0.0421875
0 0.6296875 0.27265625 0.059375 0.1390625
5 0.07421875 0.4390625 0.1484375 0.078125
5 0.08046875 0.4375 0.1609375 0.075
5 0.26953125 0.42109375 0.1953125 0.0421875
5 0.3125 0.6390625 0.1359375 0.1484375
5 0.33671875 0.425 0.0640625 0.05
5 0.4046875 0.4234375 0.09375 0.046875
5 0.48203125 0.48828125 0.1078125 0.1125
5 0.52734375 0.41875 0.0859375 0.0375
5 0.56171875 0.41484375 0.0765625 0.0296875
5 0.0359375 0.965625 0.071875 0.06875
0 0.83671875 0.73515625 0.0703125 0.1484375
0 0.9828125 0.71484375 0.034375 0.0484375
0 0.96484375 0.821875 0.0453125 0.0578125
0 0.8984375 0.48359375 0.0671875 0.0484375
0 0.7984375 0.5125 0.0328125 0.0671875
0 0.73828125 0.56015625 0.0578125 0.05
0 0.640625 0.4796875 0.08125 0.05625
0 0.61171875 0.41484375 0.0234375 0.0296875
0 0.6625 0.421875 0.071875 0.04375
0 0.6859375 0.4140625 0.040625 0.028125