1 0.2921875 0.23984375 0.49375 0.2578125
1 0.39296875 0.23125 0.2921875 0.275
1 0.44765625 0.20859375 0.1828125 0.3203125
1 0.4796875 0.19609375 0.11875 0.3453125
1 0.5015625 0.18671875 0.075 0.3640625
1 0.0984375 0.121875 0.196875 0.24375
1 0.18671875 0.115625 0.3734375 0.23125
1 0.275 0.10546875 0.409375 0.2109375
1 0.365625 0.090625 0.2875 0.18125
1 0.41875 0.0796875 0.240625 0.159375
1 0.0625 0.75546875 0.125 0.1828125
1 0.134375 0.87421875 0.26875 0.2328125
1 0.15546875 0.9453125 0.1640625 0.109375
1 0.37890625 0.62734375 0.1609375 0.115625
1 0.4359375 0.575 0.14375 0.109375
2 0.5734375 0.82109375 0.06875 0.1703125
2 0.721875 0.95078125 0.171875 0.0984375
2 0.646875 0.80625 0.215625 0.121875
2 0.91484375 0.8734375 0.1703125 0.253125
2 0.8734375 0.6078125 0.253125 0.175
2 0.61171875 0.59296875 0.1453125 0.1953125
2 0.734375 0.4015625 0.196875 0.065625
2 0.6125 0.40390625 0.146875 0.0703125