1 0.0671875 0.3796875 0.134375 0.078125
1 0.06171875 0.32265625 0.1234375 0.1578125
1 0.059375 0.328125 0.11875 0.125
0 0.76640625 0.2953125 0.1453125 0.1859375
0 0.54140625 0.30859375 0.1484375 0.1796875
0 0.92734375 0.05546875 0.1453125 0.1109375
0 0.72734375 0.04765625 0.1265625 0.0953125
0 0.36796875 0.17265625 0.0765625 0.3453125
0 0.70390625 0.01640625 0.1921875 0.0328125
0 0.44765625 0.02421875 0.2359375 0.0484375
0 0.76328125 0.01640625 0.2765625 0.0328125
2 0.1625 0.91953125 0.1703125 0.1109375
2 0.13359375 0.7609375 0.2671875 0.115625
2 0.26015625 0.65546875 0.1390625 0.0515625
2 0.10078125 0.6265625 0.2015625 0.103125
0 0.93046875 0.44140625 0.1265625 0.0453125
0 0.7859375 0.4375 0.121875 0.0375
0 0.44765625 0.44765625 0.0921875 0.0578125
0 0.35546875 0.4359375 0.0515625 0.034375
0 0.33984375 0.44296875 0.0203125 0.0484375