1 0.11484375 0.24921875 0.2296875 0.4984375
1 0.11484375 0.275 0.2296875 0.55
3 0.77734375 0.0796875 0.2390625 0.159375
3 0.828125 0.2484375 0.309375 0.4953125
3 0.84921875 0.52734375 0.3015625 0.0453125
2 0.83359375 0.76328125 0.15 0.190625
2 0.796875 0.92734375 0.1765625 0.1140625
2 0.64140625 0.79765625 0.175 0.1640625
2 0.61875 0.93046875 0.159375 0.0859375
2 0.4640625 0.81796875 0.1484375 0.134375
2 0.41484375 0.94453125 0.1671875 0.0890625
2 0.271875 0.9375 0.084375 0.125
2 0.61953125 0.69765625 0.1640625 0.1
2 0.33359375 0.80703125 0.071875 0.0859375
2 0.45859375 0.70390625 0.109375 0.0703125
2 0.83828125 0.615625 0.1734375 0.0625