1 0.46875 0.67109375 0.184375 0.1484375
1 0.6609375 0.81796875 0.2265625 0.2203125
1 0.60625 0.6703125 0.109375 0.1421875
1 0.74609375 0.83046875 0.1859375 0.18125
1 0.16796875 0.8359375 0.2921875 0.2640625
1 0.29765625 0.83046875 0.1640625 0.203125
1 0.30390625 0.5 0.153125 0.1484375
1 0.403125 0.5265625 0.1359375 0.1390625
1 0.51796875 0.4484375 0.1140625 0.1296875
1 0.57734375 0.4890625 0.1 0.1296875
1 0.8046875 0.5765625 0.1859375 0.1453125
1 0.91640625 0.64453125 0.1671875 0.1765625
1 0.16953125 0.37109375 0.234375 0.1140625
1 0.340625 0.34296875 0.2171875 0.125
1 0.4890625 0.3265625 0.21875 0.121875
1 0.60703125 0.315625 0.2171875 0.109375
1 0.7078125 0.3015625 0.1921875 0.1265625
1 0.8265625 0.4015625 0.346875 0.1875
1 0.690625 0.421875 0.4046875 0.2234375
1 0.1015625 0.3125 0.203125 0.0953125
1 0.23125 0.290625 0.1859375 0.109375
1 0.35859375 0.2859375 0.1875 0.0984375