1 0.265625 0.2265625 0.446875 0.203125
1 0.2953125 0.10859375 0.3875 0.2171875
1 0.3171875 0.47578125 0.34375 0.2484375
1 0.2015625 0.528125 0.403125 0.14375
2 0.85546875 0.453125 0.2890625 0.240625
2 0.90625 0.259375 0.1875 0.065625
2 0.59453125 0.28515625 0.2109375 0.1109375
2 0.578125 0.43671875 0.178125 0.1453125
2 0.76015625 0.58515625 0.4796875 0.0296875
2 0.57578125 0.57109375 0.1734375 0.0578125
4 0.27890625 0.7953125 0.0640625 0.0921875
4 0.41953125 0.65390625 0.0859375 0.1078125
4 0.321875 0.9609375 0.06875 0.078125
2 0.81328125 0.96796875 0.1671875 0.0640625
2 0.590625 0.96953125 0.15625 0.0609375
2 0.95 0.8765625 0.1 0.040625
2 0.81484375 0.87265625 0.13125 0.06875
2 0.6546875 0.87578125 0.103125 0.0859375
2 0.50390625 0.884375 0.0296875 0.0625
2 0.50546875 0.85078125 0.0328125 0.1109375
2 0.67421875 0.815625 0.3421875 0.0453125
2 0.94453125 0.80859375 0.1109375 0.0359375