1 0.25 0.284375 0.5 0.56875
0 0.52421875 0.02890625 0.0484375 0.0578125
0 0.5234375 0.04609375 0.046875 0.0640625
0 0.52890625 0.028125 0.0578125 0.05625
0 0.5234375 0.1640625 0.046875 0.096875
0 0.5296875 0.5078125 0.059375 0.121875
0 0.5203125 0.14140625 0.040625 0.1140625
0 0.73515625 0.4203125 0.0671875 0.196875
0 0.64765625 0.26953125 0.0484375 0.0828125
0 0.54375 0.3390625 0.0875 0.159375
0 0.58828125 0.540625 0.0640625 0.05625
0 0.83984375 0.32578125 0.109375 0.0859375
0 0.94296875 0.30703125 0.06875 0.1578125
0 0.8171875 0.14453125 0.125 0.0875
0 0.83125 0.03828125 0.125 0.0765625
0 0.515625 0.0171875 0.03125 0.034375
0 0.5546875 0.01953125 0.053125 0.0390625
0 0.67734375 0.01640625 0.0703125 0.0328125
1 0.35234375 0.890625 0.2953125 0.21875
1 0.1734375 0.6859375 0.346875 0.234375
1 0.315625 0.73828125 0.36875 0.3390625
1 0.59375 0.60078125 0.1875 0.0640625
1 0.7515625 0.609375 0.353125 0.08125
1 0.8015625 0.609375 0.375 0.08125
1 0.809375 0.6140625 0.38125 0.090625
1 0.81640625 0.63125 0.3671875 0.125
1 0.82890625 0.7171875 0.3421875 0.296875
1 0.8453125 0.87890625 0.309375 0.2421875
1 0.70546875 0.815625 0.4109375 0.36875
1 0.6375 0.67265625 0.275 0.2078125
1 0.6171875 0.63125 0.234375 0.125
1 0.60703125 0.61796875 0.2140625 0.0984375