1 0.03046875 0.025 0.0609375 0.05
1 0.24453125 0.28984375 0.4890625 0.5796875
1 0.084375 0.05078125 0.16875 0.1015625
1 0.10625 0.05078125 0.2125 0.1015625
1 0.22890625 0.046875 0.3265625 0.09375
1 0.3578125 0.03984375 0.2625 0.0796875
4 0.75859375 0.409375 0.2796875 0.340625
2 0.37421875 0.81171875 0.228125 0.14375
2 0.39921875 0.6296875 0.1796875 0.046875
0 0.50703125 0.9640625 0.0359375 0.071875
0 0.50703125 0.94453125 0.0359375 0.1109375
0 0.98125 0.93359375 0.0375 0.1328125
0 0.8875 0.940625 0.08125 0.11875
0 0.7828125 0.94921875 0.090625 0.1015625
0 0.55546875 0.95703125 0.0796875 0.0859375
0 0.50546875 0.78125 0.0328125 0.125
0 0.7578125 0.76484375 0.0828125 0.1140625
0 0.86640625 0.8015625 0.0703125 0.09375