1 0.15234375 0.5890625 0.3046875 0.440625
1 0.36171875 0.56484375 0.3359375 0.3546875
1 0.1 0.28671875 0.2 0.1953125
1 0.2234375 0.28046875 0.20625 0.1859375
1 0.0515625 0.2765625 0.103125 0.203125
1 0.03046875 0.1625 0.0609375 0.096875
1 0.0296875 0.16796875 0.059375 0.1015625
1 0.46796875 0.5734375 0.1234375 0.471875
1 0.34296875 0.29140625 0.2203125 0.1875
1 0.43828125 0.2921875 0.1828125 0.19375
1 0.08046875 0.18046875 0.1421875 0.0765625
5 0.78359375 0.4640625 0.090625 0.1359375
1 0.675 0.9484375 0.290625 0.103125
1 0.77265625 0.9046875 0.3484375 0.190625