1 0.16953125 0.4015625 0.3390625 0.334375
1 0.16953125 0.18984375 0.3390625 0.3015625
1 0.2640625 0.2578125 0.15 0.43125
1 0.14296875 0.2078125 0.2859375 0.24375
1 0.47265625 0.38515625 0.2671875 0.2671875
1 0.7625 0.371875 0.475 0.39375
1 0.79765625 0.13671875 0.4046875 0.2328125
1 0.81328125 0.04765625 0.3734375 0.0953125
1 0.56484375 0.07734375 0.4515625 0.1109375
1 0.4640625 0.18359375 0.25 0.0953125
2 0.0265625 0.92109375 0.053125 0.1578125
2 0.03046875 0.8984375 0.0609375 0.19375
2 0.20546875 0.85078125 0.1375 0.2453125
2 0.05234375 0.84765625 0.1046875 0.2328125
2 0.02890625 0.60859375 0.0578125 0.0796875
0 0.775 0.809375 0.2828125 0.2671875
0 0.94296875 0.63125 0.1140625 0.125
0 0.671875 0.60234375 0.1625 0.0671875
0 0.590625 0.609375 0.315625 0.08125
0 0.95390625 0.59375 0.0921875 0.05
0 0.80703125 0.59296875 0.1328125 0.0484375
0 0.84453125 0.60078125 0.1546875 0.0640625
0 0.85078125 0.61171875 0.1203125 0.0859375