1 0.18359375 0.23984375 0.3671875 0.4796875
1 0.21484375 0.23984375 0.4296875 0.4796875
1 0.2953125 0.10546875 0.26875 0.2109375
1 0.2234375 0.06015625 0.4125 0.1203125
1 0.09921875 0.125 0.1984375 0.25
2 0.6734375 0.0296875 0.29375 0.059375
2 0.46328125 0.08515625 0.0671875 0.1703125
1 0.21484375 0.73984375 0.4296875 0.5203125
1 0.21484375 0.73984375 0.4296875 0.5203125
1 0.11171875 0.5796875 0.2234375 0.2
1 0.15234375 0.56640625 0.3046875 0.1734375
1 0.1640625 0.5625 0.328125 0.165625
1 0.66484375 0.6578125 0.4703125 0.35625
1 0.8421875 0.73984375 0.315625 0.5203125