1 0.3609375 0.209375 0.25625 0.41875
5 0.5890625 0.1515625 0.2 0.146875
5 0.81328125 0.1828125 0.2203125 0.1546875
5 0.96796875 0.18828125 0.0640625 0.0703125
5 0.96328125 0.3671875 0.0734375 0.103125
5 0.7296875 0.4 0.25 0.0375
5 0.75234375 0.30390625 0.190625 0.1359375
5 0.54609375 0.38671875 0.1140625 0.0640625
5 0.51328125 0.26875 0.0484375 0.084375
5 0.5875 0.13359375 0.196875 0.1453125
5 0.53984375 0.3671875 0.1015625 0.103125
5 0.53671875 0.2671875 0.0953125 0.084375
5 0.53671875 0.2609375 0.0953125 0.121875
5 0.5171875 0.1328125 0.05625 0.05625
5 0.50390625 0.15546875 0.0296875 0.0421875
5 0.50078125 0.16171875 0.0234375 0.0671875
5 0.5125 0.05390625 0.046875 0.0296875
0 0.1890625 0.58046875 0.3234375 0.3046875
0 0.02265625 0.4515625 0.0453125 0.065625
2 0.64921875 0.65859375 0.3203125 0.1984375
2 0.53125 0.55078125 0.084375 0.2109375
2 0.54453125 0.52734375 0.1109375 0.1859375
2 0.53359375 0.5375 0.0890625 0.13125
2 0.5390625 0.66796875 0.1 0.1578125
2 0.77265625 0.5 0.4484375 0.1625
2 0.55078125 0.43203125 0.1234375 0.0265625