1 0.25 0.2046875 0.5 0.409375
1 0.25 0.20625 0.5 0.40625
2 0.790625 0.40078125 0.221875 0.0171875
2 0.58359375 0.39609375 0.1671875 0.0265625
2 0.93125 0.3140625 0.1375 0.121875
2 0.715625 0.27109375 0.2109375 0.15625
2 0.528125 0.26015625 0.05625 0.1859375
2 0.52734375 0.2546875 0.0546875 0.20625
2 0.52734375 0.1859375 0.0546875 0.128125
2 0.8890625 0.18359375 0.090625 0.08125
5 0.4859375 0.53046875 0.028125 0.1859375
5 0.3796875 0.6359375 0.146875 0.2078125
5 0.2625 0.5265625 0.178125 0.234375
5 0.225 0.4421875 0.103125 0.065625
5 0.0703125 0.49765625 0.140625 0.1765625
5 0.08359375 0.80625 0.1671875 0.3875
5 0.21171875 0.83046875 0.1609375 0.140625
5 0.45078125 0.96796875 0.0984375 0.0640625
5 0.04140625 0.46796875 0.0828125 0.1171875
5 0.1515625 0.453125 0.1375 0.0875
5 0.03125 0.72265625 0.0625 0.2609375
5 0.05859375 0.534375 0.1171875 0.15625
0 0.52421875 0.43828125 0.0484375 0.0578125
0 0.5234375 0.47265625 0.046875 0.0640625
0 0.525 0.44609375 0.05 0.0734375
0 0.5234375 0.590625 0.046875 0.096875
0 0.5296875 0.93671875 0.059375 0.1265625
0 0.5203125 0.56796875 0.040625 0.1140625
0 0.68984375 0.846875 0.0671875 0.196875
0 0.60234375 0.69609375 0.0484375 0.0828125
0 0.53125 0.765625 0.0625 0.159375
0 0.54296875 0.96953125 0.0640625 0.0609375
0 0.79453125 0.75234375 0.109375 0.0859375
0 0.89765625 0.73359375 0.06875 0.15625
0 0.771875 0.57109375 0.125 0.0859375
0 0.7859375 0.45625 0.125 0.09375
0 0.515625 0.4265625 0.03125 0.034375
0 0.51796875 0.42890625 0.0359375 0.0390625
0 0.63203125 0.42578125 0.0703125 0.0328125