1 0.29453125 0.18984375 0.5890625 0.3796875
1 0.64921875 0.03984375 0.1203125 0.0796875
1 0.659375 0.05234375 0.140625 0.1046875
1 0.67890625 0.059375 0.1796875 0.11875
1 0.79453125 0.0921875 0.4109375 0.184375
1 0.79453125 0.18984375 0.4109375 0.3796875
5 0.0328125 0.47109375 0.065625 0.1828125
5 0.4796875 0.928125 0.184375 0.14375
5 0.32421875 0.86875 0.1234375 0.2625
5 0.19140625 0.765625 0.146875 0.2921875
5 0.05859375 0.59921875 0.1125 0.2203125
1 0.79453125 0.89609375 0.4109375 0.2078125
1 0.79453125 0.6546875 0.4109375 0.5375