1 0.11015625 0.65546875 0.1296875 0.1296875
1 0.20390625 0.665625 0.1390625 0.128125
1 0.06328125 0.68515625 0.1265625 0.0890625
1 0.2265625 0.2171875 0.1625 0.1125
1 0.3421875 0.24453125 0.2203125 0.1359375
1 0.1859375 0.3859375 0.371875 0.215625
1 0.4140625 0.446875 0.1953125 0.1421875
1 0.5171875 0.278125 0.125 0.115625
1 0.0296875 0.6 0.059375 0.125
1 0.03828125 0.48125 0.0765625 0.11875
1 0.13984375 0.3859375 0.140625 0.1125
3 0.78984375 0.37734375 0.4203125 0.7046875
5 0.5140625 0.93359375 0.13125 0.0859375
5 0.5015625 0.8421875 0.15625 0.078125
5 0.303125 0.91640625 0.2015625 0.15625
5 0.13359375 0.921875 0.1359375 0.15625
5 0.4515625 0.7640625 0.18125 0.06875
5 0.26015625 0.7890625 0.184375 0.1046875
2 0.9 0.9390625 0.2 0.121875
2 0.64296875 0.94453125 0.1265625 0.1109375
2 0.61875 0.94609375 0.078125 0.1078125
2 0.59375 0.94765625 0.028125 0.1046875
2 0.94609375 0.821875 0.0890625 0.0640625
2 0.78671875 0.83046875 0.153125 0.040625
2 0.634375 0.825 0.109375 0.06875
2 0.60546875 0.828125 0.0515625 0.084375
2 0.59453125 0.8375 0.0296875 0.0625
2 0.59609375 0.80390625 0.0328125 0.1109375
2 0.66484375 0.76796875 0.1703125 0.0453125
2 0.83515625 0.7625 0.2703125 0.0359375