1 0.21015625 0.1484375 0.4171875 0.28125
1 0.315625 0.0515625 0.20625 0.103125
1 0.14453125 0.04296875 0.2890625 0.0859375
3 0.190625 0.37734375 0.23125 0.1765625
3 0.0734375 0.5625 0.146875 0.16875
0 0.7375 0.88671875 0.16875 0.0984375
0 0.6 0.55390625 0.09375 0.0578125
0 0.4796875 0.47265625 0.121875 0.1046875
0 0.90390625 0.4734375 0.0890625 0.10625
0 0.74296875 0.475 0.1046875 0.1359375
0 0.57734375 0.87734375 0.078125 0.078125
0 0.4765625 0.878125 0.0796875 0.0828125
0 0.7125 0.68984375 0.215625 0.1375