1 0.18984375 0.42109375 0.3796875 0.5953125
5 0.91875 0.02265625 0.1625 0.0453125
5 0.859375 0.0796875 0.1125 0.159375
5 0.68125 0.09453125 0.178125 0.075
5 0.5765625 0.2515625 0.096875 0.2421875
5 0.490625 0.4109375 0.14375 0.13125
5 0.41171875 0.59609375 0.0640625 0.2265625
5 0.57890625 0.590625 0.1671875 0.25625
5 0.81875 0.42265625 0.2296875 0.178125
5 0.96875 0.390625 0.0625 0.190625
5 0.70703125 0.0171875 0.2046875 0.034375
5 0.459375 0.015625 0.159375 0.03125
0 0.25234375 0.7390625 0.1046875 0.040625
0 0.025 0.74296875 0.05 0.0484375
0 0.0234375 0.7796875 0.046875 0.103125
0 0.20390625 0.73203125 0.1671875 0.0265625
1 0.68984375 0.859375 0.6203125 0.28125
1 0.925 0.859375 0.15 0.28125
1 0.52109375 0.7828125 0.2828125 0.128125
1 0.7203125 0.78984375 0.365625 0.1421875
1 0.91015625 0.7984375 0.1796875 0.159375
1 0.471875 0.86875 0.184375 0.2625