1 0.4296875 0.225 0.2296875 0.359375
1 0.61328125 0.38515625 0.0734375 0.2890625
1 0.20859375 0.2046875 0.16875 0.1984375
5 0.8078125 0.12890625 0.2359375 0.11875
5 0.690625 0.0921875 0.08125 0.08125
5 0.75078125 0.20390625 0.2015625 0.0953125
5 0.68984375 0.1546875 0.0796875 0.11875
5 0.671875 0.09609375 0.04375 0.1421875
5 0.9625 0.1453125 0.075 0.05625
5 0.7171875 0.33828125 0.134375 0.1546875
5 0.67734375 0.2734375 0.0546875 0.046875
3 0.38125 0.90859375 0.115625 0.1828125
3 0.059375 0.8640625 0.1015625 0.1703125
2 0.8578125 0.546875 0.20625 0.034375
2 0.890625 0.5453125 0.21875 0.03125
2 0.9 0.54921875 0.2 0.0390625
2 0.91875 0.56484375 0.1625 0.0703125