1 0.1546875 0.45546875 0.309375 0.3484375
1 0.1546875 0.440625 0.309375 0.378125
1 0.18125 0.38125 0.25625 0.309375
1 0.09921875 0.2203125 0.1984375 0.234375
1 0.08984375 0.19296875 0.1796875 0.2109375
1 0.0890625 0.19453125 0.178125 0.2203125
1 0.1359375 0.18203125 0.271875 0.1859375
1 0.21640625 0.18046875 0.1859375 0.1453125
1 0.07421875 0.084375 0.1484375 0.16875
1 0.06484375 0.07421875 0.1296875 0.1484375
1 0.06171875 0.08203125 0.1234375 0.1390625
2 0.52734375 0.5078125 0.1609375 0.1765625
2 0.72578125 0.5265625 0.1796875 0.20625
2 0.7671875 0.31484375 0.1953125 0.159375
2 0.965625 0.30625 0.06875 0.134375
2 0.51484375 0.3109375 0.1921875 0.153125
2 0.3375 0.30546875 0.05625 0.1640625
2 0.8390625 0.1640625 0.1421875 0.071875
2 0.63984375 0.16796875 0.1609375 0.0890625
2 0.45703125 0.165625 0.1328125 0.075
2 0.32734375 0.171875 0.0359375 0.06875
5 0.03828125 0.69375 0.0765625 0.09375
5 0.01875 0.6875 0.0375 0.05625
5 0.0203125 0.67578125 0.040625 0.0578125
5 0.01875 0.665625 0.0375 0.046875
5 0.01875 0.7140625 0.0375 0.08125
5 0.01796875 0.759375 0.0359375 0.096875
5 0.028125 0.878125 0.05625 0.153125
5 0.0328125 0.9421875 0.065625 0.115625
5 0.03125 0.8859375 0.0625 0.228125
2 0.81640625 0.71640625 0.0984375 0.1734375
2 0.63671875 0.7171875 0.1578125 0.175
2 0.7015625 0.6765625 0.171875 0.09375
2 0.528125 0.68046875 0.128125 0.1015625
2 0.646875 0.65625 0.125 0.053125
2 0.48828125 0.65390625 0.1359375 0.0484375