1 0.3015625 0.8078125 0.128125 0.121875
1 0.42265625 0.79453125 0.14375 0.1296875
1 0.5234375 0.7828125 0.16875 0.128125
1 0.5421875 0.90625 0.178125 0.153125
1 0.4328125 0.90234375 0.15625 0.1375
1 0.28046875 0.9140625 0.1703125 0.1515625
1 0.18125 0.8140625 0.2 0.146875
1 0.2046875 0.71484375 0.18125 0.0921875
1 0.3140625 0.71015625 0.1890625 0.096875
1 0.4125 0.70625 0.1515625 0.1015625
1 0.515625 0.70859375 0.1453125 0.1140625
1 0.63359375 0.7796875 0.153125 0.13125
1 0.60078125 0.69609375 0.1328125 0.090625
1 0.41796875 0.64453125 0.1453125 0.0828125
1 0.31875 0.64296875 0.1171875 0.1140625
1 0.25 0.58671875 0.128125 0.0703125
1 0.15 0.59140625 0.134375 0.084375
1 0.12734375 0.646875 0.153125 0.090625
1 0.13515625 0.92109375 0.228125 0.1578125
1 0.65703125 0.29921875 0.3546875 0.1578125
1 0.34296875 0.303125 0.4390625 0.184375
1 0.7359375 0.44140625 0.4265625 0.1796875
1 0.796875 0.55625 0.36875 0.196875
1 0.84296875 0.7015625 0.3140625 0.25625