1 0.31953125 0.36484375 0.6390625 0.7296875
2 0.675 0.5046875 0.071875 0.2
2 0.65390625 0.521875 0.0296875 0.1375
2 0.66328125 0.44921875 0.0484375 0.1453125
2 0.6671875 0.39453125 0.05625 0.1328125
2 0.76875 0.371875 0.0828125 0.0765625
2 0.953125 0.27109375 0.08125 0.084375
2 0.665625 0.6046875 0.053125 0.090625
2 0.6671875 0.69921875 0.05625 0.0609375
2 0.80703125 0.6140625 0.1984375 0.23125
2 0.7078125 0.665625 0.1375 0.128125
5 0.67578125 0.7703125 0.0734375 0.08125
5 0.78359375 0.7796875 0.2171875 0.1
5 0.92265625 0.76796875 0.1546875 0.0765625
5 0.6765625 0.76015625 0.075 0.0609375
5 0.678125 0.76484375 0.078125 0.0703125
5 0.6703125 0.7546875 0.0625 0.05
5 0.6671875 0.753125 0.05625 0.046875
5 0.6625 0.75078125 0.046875 0.0421875
5 0.6640625 0.7609375 0.05 0.0625
5 0.66484375 0.75 0.0515625 0.040625
5 0.66953125 0.74296875 0.0609375 0.0265625
5 0.66015625 0.75390625 0.0421875 0.0484375
5 0.66640625 0.759375 0.0546875 0.059375
5 0.69296875 0.97578125 0.1078125 0.0484375
5 0.959375 0.9671875 0.08125 0.065625
5 0.6921875 0.825 0.10625 0.0875
5 0.6921875 0.83515625 0.10625 0.1046875