1 0.03671875 0.2421875 0.0734375 0.140625
1 0.0640625 0.35859375 0.128125 0.1859375
1 0.1140625 0.51484375 0.1984375 0.1953125
1 0.25 0.51171875 0.1875 0.2015625
1 0.196875 0.32890625 0.121875 0.1828125
1 0.14921875 0.234375 0.134375 0.1328125
1 0.3171875 0.27265625 0.165625 0.253125
1 0.3796875 0.440625 0.1609375 0.1953125
1 0.36171875 0.09453125 0.1515625 0.10625
1 0.071875 0.0546875 0.11875 0.109375
1 0.2203125 0.01875 0.0625 0.0375
1 0.11796875 0.04921875 0.0828125 0.0984375
1 0.02578125 0.075 0.0515625 0.134375
1 0.63046875 0.98046875 0.0828125 0.0390625
1 0.66875 0.97265625 0.0625 0.0546875
1 0.58984375 0.95234375 0.0765625 0.09375
1 0.5453125 0.8828125 0.0828125 0.115625
1 0.58125 0.8734375 0.090625 0.13125
1 0.62109375 0.8734375 0.078125 0.1140625
1 0.65703125 0.87890625 0.0765625 0.1078125
1 0.6921875 0.93828125 0.0796875 0.096875
1 0.725 0.96640625 0.09375 0.0671875
1 0.49375 0.82734375 0.05 0.1078125
1 0.5203125 0.821875 0.071875 0.0984375
1 0.553125 0.81875 0.0625 0.1
1 0.49140625 0.703125 0.0453125 0.08125
1 0.709375 0.759375 0.1375 0.1296875
1 0.80625 0.83046875 0.1453125 0.1671875
1 0.86015625 0.946875 0.1171875 0.10625
1 0.96015625 0.87109375 0.0796875 0.1328125
1 0.98671875 0.8546875 0.0265625 0.165625