1 0.0484375 0.34453125 0.096875 0.1171875
1 0.16875 0.13515625 0.3125 0.1296875
1 0.07890625 0.46484375 0.1578125 0.0890625
1 0.165625 0.409375 0.2421875 0.140625
1 0.21875 0.034375 0.328125 0.06875
1 0.20546875 0.02421875 0.2296875 0.0484375
5 0.84296875 0.18203125 0.1453125 0.3140625
5 0.828125 0.46171875 0.090625 0.0953125
5 0.69609375 0.4203125 0.1953125 0.178125
5 0.67890625 0.26796875 0.078125 0.1078125
5 0.66640625 0.09921875 0.0640625 0.1984375
5 0.53828125 0.43515625 0.0578125 0.1484375
5 0.54453125 0.4671875 0.0703125 0.084375
5 0.5375 0.3359375 0.05625 0.2
5 0.53984375 0.0828125 0.0609375 0.165625
5 0.52421875 0.44921875 0.0296875 0.1203125
5 0.51796875 0.35078125 0.0171875 0.0765625
3 0.14609375 0.7828125 0.1546875 0.434375
3 0.43359375 0.96171875 0.1015625 0.0765625