1 0.2546875 0.33984375 0.509375 0.3390625
0 0.971875 0.26484375 0.05625 0.2296875
0 0.70546875 0.4796875 0.0609375 0.059375
0 0.51875 0.23359375 0.01875 0.0734375
0 0.9359375 0.02109375 0.05625 0.0421875
0 0.946875 0.08203125 0.053125 0.078125
0 0.95703125 0.48828125 0.0859375 0.0421875
1 0.38671875 0.93359375 0.2453125 0.1328125
1 0.440625 0.78359375 0.1375 0.1984375
1 0.42421875 0.70234375 0.1609375 0.121875
1 0.45625 0.60703125 0.10625 0.0953125
1 0.484375 0.54296875 0.05 0.0671875
1 0.17890625 0.93359375 0.3171875 0.1328125
2 0.7171875 0.88125 0.240625 0.1515625