1 0.21796875 0.109375 0.4359375 0.21875
1 0.26953125 0.275 0.5390625 0.409375
1 0.48125 0.18671875 0.115625 0.3734375
1 0.34765625 0.09375 0.3828125 0.1875
1 0.76953125 0.23984375 0.4609375 0.4796875
1 0.76953125 0.065625 0.4609375 0.13125
1 0.6375 0.0515625 0.196875 0.103125
1 0.26953125 0.73984375 0.5390625 0.5203125
3 0.5671875 0.92890625 0.05625 0.1421875
3 0.58046875 0.76640625 0.0828125 0.4671875
3 0.71015625 0.55546875 0.2984375 0.1515625
3 0.9578125 0.8453125 0.084375 0.309375
3 0.571875 0.55234375 0.065625 0.1453125
3 0.68984375 0.703125 0.090625 0.1828125