1 0.31484375 0.159375 0.6296875 0.31875
1 0.178125 0.065625 0.35625 0.13125
1 0.37421875 0.05234375 0.3796875 0.1046875
1 0.44296875 0.159375 0.3734375 0.31875
1 0.7265625 0.13125 0.19375 0.2625
1 0.81015625 0.159375 0.3609375 0.31875
1 0.88046875 0.159375 0.2390625 0.31875
1 0.81796875 0.10859375 0.3640625 0.2171875
3 0.06953125 0.54453125 0.1390625 0.0953125
3 0.42265625 0.53515625 0.175 0.11875
2 0.83359375 0.36796875 0.3328125 0.0984375
2 0.965625 0.63359375 0.06875 0.2515625
2 0.95703125 0.8984375 0.0859375 0.203125
2 0.859375 0.440625 0.28125 0.146875
2 0.77109375 0.6671875 0.2828125 0.20625
2 0.759375 0.87578125 0.259375 0.1703125
2 0.69765625 0.3609375 0.1359375 0.071875
2 0.715625 0.55625 0.171875 0.13125
2 0.6796875 0.3703125 0.1 0.103125
2 0.70078125 0.940625 0.1421875 0.11875