1 0.125 0.2890625 0.25 0.321875
1 0.09765625 0.28125 0.1953125 0.3375
1 0.096875 0.31171875 0.19375 0.2765625
1 0.12265625 0.29140625 0.2453125 0.2765625
1 0.69453125 0.225 0.6109375 0.45
5 0.05234375 0.8703125 0.1046875 0.259375
5 0.1140625 0.60859375 0.228125 0.1359375
5 0.315625 0.50703125 0.146875 0.1140625
5 0.04609375 0.7375 0.0921875 0.0875
1 0.73359375 0.5484375 0.4703125 0.196875
1 0.6875 0.7328125 0.596875 0.534375
1 0.934375 0.75703125 0.13125 0.4859375
1 0.9171875 0.53984375 0.165625 0.1796875
1 0.92109375 0.4890625 0.1578125 0.078125
1 0.51484375 0.5375 0.2515625 0.175