1 0.125 0.15703125 0.25 0.3140625
1 0.125 0.07578125 0.25 0.1515625
1 0.6796875 0.278125 0.375 0.321875
1 0.87265625 0.28046875 0.2546875 0.3171875
1 0.38515625 0.271875 0.2703125 0.334375
1 0.41953125 0.1046875 0.2421875 0.209375
1 0.30703125 0.05 0.1140625 0.1
0 0.05078125 0.909375 0.1015625 0.175
0 0.125 0.678125 0.25 0.25
0 0.04765625 0.45703125 0.0953125 0.0359375
0 0.071875 0.459375 0.14375 0.040625
0 0.946875 0.8078125 0.10625 0.11875
0 0.753125 0.96953125 0.184375 0.0609375
0 0.78203125 0.7125 0.15 0.140625
0 0.38359375 0.64375 0.2671875 0.153125
0 0.59921875 0.640625 0.1484375 0.1375
0 0.521875 0.91640625 0.153125 0.103125