1 0.43046875 0.94453125 0.0671875 0.1109375
1 0.48125 0.91640625 0.0671875 0.0640625
1 0.54140625 0.91640625 0.065625 0.0703125
1 0.55 0.9625 0.0984375 0.075
1 0.596875 0.95859375 0.071875 0.0828125
1 0.5953125 0.909375 0.09375 0.0796875
1 0.43203125 0.86796875 0.0609375 0.0484375
1 0.48671875 0.86484375 0.065625 0.065625
1 0.44140625 0.83125 0.071875 0.0484375
1 0.4859375 0.82578125 0.0609375 0.05
1 0.53828125 0.821875 0.059375 0.05
1 0.59140625 0.82578125 0.053125 0.05625
1 0.63203125 0.82109375 0.065625 0.0640625
1 0.6875 0.8265625 0.0625 0.053125
1 0.7015625 0.9109375 0.11875 0.0625
1 0.725 0.95703125 0.0984375 0.0734375
1 0.80546875 0.9578125 0.0859375 0.071875
1 0.85703125 0.95078125 0.09375 0.0625
1 0.92578125 0.9546875 0.103125 0.08125
1 0.78125 0.90234375 0.0921875 0.0640625
1 0.8609375 0.8953125 0.121875 0.05625
1 0.3078125 0.7375 0.1828125 0.1765625
1 0.171875 0.58828125 0.125 0.1046875
1 0.3515625 0.61171875 0.15 0.065625
1 0.53046875 0.5953125 0.15625 0.06875
1 0.7078125 0.584375 0.1390625 0.071875
1 0.88515625 0.56796875 0.1203125 0.08125
1 0.7515625 0.70859375 0.1390625 0.078125
1 0.53203125 0.73203125 0.1390625 0.09375
1 0.1671875 0.93359375 0.178125 0.1046875
1 0.0859375 0.740625 0.1125 0.1015625
1 0.53203125 0.4703125 0.146875 0.065625