1 0.24453125 0.378125 0.4484375 0.15
1 0.41796875 0.37578125 0.1015625 0.1578125
2 0.92890625 0.353125 0.1421875 0.08125
2 0.7265625 0.3625 0.2625 0.140625
2 0.88046875 0.2328125 0.121875 0.1328125
2 0.97890625 0.12421875 0.0421875 0.0484375
1 0.25546875 0.60625 0.4265625 0.19375
1 0.36953125 0.56796875 0.1984375 0.1171875
5 0.53359375 0.884375 0.1296875 0.2125
5 0.521875 0.64921875 0.10625 0.2453125
5 0.653125 0.91953125 0.253125 0.1203125
5 0.7140625 0.80234375 0.1953125 0.125
5 0.84140625 0.9140625 0.0609375 0.171875
5 0.9234375 0.96953125 0.109375 0.0609375
5 0.50859375 0.55546875 0.0796875 0.0921875