1 0.3546875 0.275 0.709375 0.55
1 0.60703125 0.275 0.2046875 0.55
1 0.15859375 0.0640625 0.3171875 0.128125
1 0.375 0.07109375 0.365625 0.1421875
1 0.5921875 0.0796875 0.234375 0.159375
1 0.1 0.27421875 0.2 0.5484375
2 0.77734375 0.17890625 0.1359375 0.3578125
2 0.78359375 0.4703125 0.1484375 0.159375
2 0.87890625 0.27421875 0.171875 0.328125
2 0.92421875 0.04140625 0.1515625 0.0828125
2 0.78125 0.046875 0.14375 0.09375
2 0.7921875 0.03671875 0.165625 0.0734375
2 0.45546875 0.9140625 0.265625 0.1703125
2 0.1375 0.9390625 0.1015625 0.05625
2 0.0328125 0.871875 0.065625 0.159375
2 0.09765625 0.80078125 0.1734375 0.1359375
2 0.3359375 0.734375 0.165625 0.0875
2 0.63203125 0.69375 0.1546875 0.121875
2 0.6421875 0.81640625 0.134375 0.0921875
2 0.49140625 0.72421875 0.1125 0.1640625
1 0.8546875 0.93359375 0.290625 0.1328125