1 0.2296875 0.24453125 0.459375 0.4890625
5 0.97890625 0.3875 0.0421875 0.165625
5 0.94140625 0.4625 0.1171875 0.053125
5 0.88046875 0.26875 0.153125 0.225
5 0.71875 0.3078125 0.165625 0.1765625
5 0.71484375 0.45390625 0.1640625 0.0703125
5 0.53203125 0.4046875 0.1453125 0.121875
5 0.56796875 0.2890625 0.159375 0.1171875
5 0.4921875 0.43203125 0.065625 0.1140625
5 0.50078125 0.31875 0.0828125 0.084375
5 0.50234375 0.42890625 0.0859375 0.1203125
5 0.946875 0.0296875 0.10625 0.059375
5 0.8140625 0.01953125 0.15625 0.0390625
5 0.64609375 0.04453125 0.1390625 0.0890625
5 0.5078125 0.04453125 0.096875 0.0890625
5 0.4921875 0.05625 0.065625 0.1125
5 0.8125 0.0203125 0.109375 0.040625
5 0.6578125 0.0203125 0.14375 0.040625
2 0.1375 0.52578125 0.18125 0.0734375
2 0.0625 0.54609375 0.125 0.1140625
2 0.0375 0.6015625 0.075 0.10625
0 0.91015625 0.7890625 0.1171875 0.10625
0 0.8796875 0.94921875 0.171875 0.1015625
0 0.625 0.84296875 0.33125 0.2109375