1 0.31484375 0.184375 0.6296875 0.36875
1 0.3546875 0.065625 0.509375 0.13125
1 0.53359375 0.05234375 0.1921875 0.1046875
3 0.75 0.0625 0.240625 0.125
1 0.31484375 0.8953125 0.6296875 0.209375
1 0.31484375 0.5765625 0.6296875 0.415625
1 0.69765625 0.484375 0.1359375 0.20625
1 0.84921875 0.49609375 0.3015625 0.2265625
1 0.8703125 0.725 0.259375 0.26875
1 0.7203125 0.71484375 0.18125 0.2671875
1 0.7 0.42109375 0.140625 0.1046875
1 0.82890625 0.42265625 0.3046875 0.1078125
1 0.6859375 0.71328125 0.1125 0.2546875
1 0.684375 0.496875 0.109375 0.240625