1 0.14375 0.53515625 0.1625 0.13125
1 0.265625 0.653125 0.1828125 0.1375
1 0.1765625 0.74375 0.178125 0.1453125
1 0.44453125 0.8453125 0.2921875 0.1703125
1 0.60859375 0.87265625 0.246875 0.1859375
1 0.43359375 0.6203125 0.196875 0.125
1 0.46640625 0.67109375 0.1765625 0.1328125
1 0.31484375 0.43828125 0.140625 0.1125
1 0.4578125 0.45 0.1890625 0.128125
1 0.80546875 0.540625 0.3046875 0.1953125
1 0.60859375 0.6484375 0.2921875 0.2109375
1 0.8046875 0.84609375 0.209375 0.225
1 0.69453125 0.41015625 0.215625 0.134375
1 0.60859375 0.253125 0.1546875 0.0671875
1 0.20625 0.3109375 0.1625 0.0828125
1 0.34375 0.29296875 0.121875 0.0703125
1 0.87578125 0.428125 0.2484375 0.20625