1 0.19453125 0.4375 0.3890625 0.24375
1 0.24609375 0.27109375 0.2859375 0.3015625
1 0.19453125 0.2890625 0.3890625 0.24375
0 0.84375 0.53125 0.14375 0.05625
0 0.8453125 0.390625 0.0765625 0.128125
0 0.94765625 0.409375 0.1046875 0.1
0 0.7265625 0.5109375 0.059375 0.096875
0 0.69765625 0.2359375 0.146875 0.090625
0 0.89296875 0.25703125 0.0796875 0.06875
0 0.79765625 0.08359375 0.078125 0.0921875
0 0.6546875 0.1203125 0.1296875 0.1
2 0.19453125 0.84375 0.3890625 0.21875
2 0.19453125 0.646875 0.3890625 0.1625
2 0.209375 0.596875 0.35 0.075
2 0.25546875 0.57421875 0.2671875 0.0296875
5 0.46875 0.97890625 0.140625 0.0421875
5 0.5796875 0.91953125 0.1953125 0.0828125
5 0.66484375 0.78125 0.103125 0.1390625
5 0.55625 0.82265625 0.075 0.14375