1 0.1796875 0.2515625 0.359375 0.35
1 0.2265625 0.15703125 0.265625 0.2140625
1 0.1796875 0.42890625 0.359375 0.3203125
0 0.3765625 0.38515625 0.034375 0.1203125
0 0.3765625 0.56484375 0.034375 0.0484375
0 0.37109375 0.5203125 0.0234375 0.053125
0 0.50625 0.4578125 0.0453125 0.1078125
0 0.44765625 0.4984375 0.0515625 0.08125
0 0.3953125 0.43203125 0.0671875 0.053125
0 0.79375 0.5296875 0.034375 0.103125
0 0.6390625 0.525 0.034375 0.128125
0 0.61640625 0.2953125 0.0359375 0.053125
0 0.75234375 0.5390625 0.0328125 0.1
0 0.94921875 0.41875 0.0609375 0.090625
0 0.93828125 0.5703125 0.0703125 0.0375
0 0.86015625 0.121875 0.0625 0.184375
0 0.75625 0.17890625 0.075 0.115625
0 0.52421875 0.08125 0.0609375 0.103125
0 0.42890625 0.09375 0.075 0.128125
0 0.371875 0.14375 0.025 0.14375
0 0.621875 0.14296875 0.04375 0.1359375
0 0.665625 0.14765625 0.028125 0.1265625
0 0.96328125 0.05859375 0.046875 0.0390625
0 0.6421875 0.03125 0.059375 0.0625
0 0.7453125 0.03203125 0.06875 0.0640625
0 0.84453125 0.0390625 0.0609375 0.078125
0 0.93359375 0.02734375 0.0703125 0.0546875
0 0.75703125 0.315625 0.0390625 0.078125
0 0.809375 0.37734375 0.0453125 0.0796875
0 0.71328125 0.34453125 0.046875 0.05
0 0.56796875 0.36953125 0.034375 0.065625
0 0.47421875 0.33203125 0.0390625 0.053125
0 0.5265625 0.20390625 0.0546875 0.1109375
0 0.37734375 0.1984375 0.0359375 0.11875
0 0.98046875 0.18828125 0.0390625 0.0703125
1 0.17421875 0.95703125 0.3484375 0.0859375
1 0.28046875 0.95625 0.1578125 0.0875
1 0.04609375 0.97109375 0.0921875 0.0578125
2 0.69609375 0.6234375 0.1078125 0.06875
2 0.50703125 0.6234375 0.1359375 0.06875
2 0.4015625 0.634375 0.084375 0.090625
2 0.54453125 0.62890625 0.3703125 0.0796875
2 0.39765625 0.74375 0.0765625 0.2375