1 0.21484375 0.3265625 0.4296875 0.10625
1 0.21484375 0.23515625 0.4296875 0.2328125
1 0.2046875 0.13125 0.409375 0.125
1 0.1203125 0.17578125 0.240625 0.1109375
1 0.10703125 0.28203125 0.2140625 0.0953125
0 0.46953125 0.26953125 0.0796875 0.1484375
2 0.73359375 0.27109375 0.2671875 0.2171875
2 0.496875 0.1671875 0.134375 0.334375
2 0.77265625 0.05859375 0.2671875 0.1171875
2 0.4859375 0.075 0.1125 0.15
2 0.50546875 0.0234375 0.1515625 0.046875
2 0.94921875 0.2578125 0.1015625 0.24375
1 0.21484375 0.68984375 0.4296875 0.6203125
1 0.21484375 0.68984375 0.4296875 0.6203125
2 0.85 0.91953125 0.25625 0.1609375
2 0.59140625 0.915625 0.2203125 0.16875
2 0.4890625 0.9078125 0.11875 0.184375
2 0.925 0.7015625 0.1421875 0.234375
2 0.7625 0.7046875 0.13125 0.2046875
2 0.61171875 0.6890625 0.13125 0.2390625
2 0.47890625 0.69765625 0.0984375 0.2171875
2 0.46640625 0.6796875 0.0734375 0.21875
2 0.75234375 0.50234375 0.1390625 0.153125
2 0.55078125 0.48671875 0.1640625 0.121875
2 0.46640625 0.4859375 0.0734375 0.121875
2 0.46875 0.4765625 0.078125 0.125
2 0.4640625 0.90546875 0.06875 0.1890625
2 0.4609375 0.67421875 0.0625 0.1578125