1 0.38984375 0.33046875 0.3109375 0.0578125
1 0.10625 0.31328125 0.2125 0.0921875
1 0.128125 0.25546875 0.25625 0.1046875
1 0.3625 0.25625 0.2890625 0.1234375
1 0.57578125 0.33046875 0.1671875 0.0578125
1 0.0609375 0.25625 0.121875 0.11875
1 0.0453125 0.321875 0.090625 0.075
1 0.13359375 0.11953125 0.16875 0.075
1 0.3421875 0.11640625 0.246875 0.059375
1 0.54296875 0.26875 0.2328125 0.115625
1 0.7984375 0.23359375 0.278125 0.1703125
1 0.88828125 0.1140625 0.2234375 0.165625
1 0.7453125 0.071875 0.171875 0.140625
1 0.84453125 0.03125 0.3109375 0.0625
1 0.7390625 0.13984375 0.159375 0.1203125
3 0.27109375 0.50546875 0.321875 0.2140625
2 0.8296875 0.92265625 0.340625 0.1546875
2 0.7703125 0.746875 0.221875 0.0625