1 0.28125 0.4546875 0.378125 0.415625
1 0.534375 0.4625 0.3515625 0.415625
1 0.78359375 0.49140625 0.3734375 0.4296875
1 0.8984375 0.4734375 0.203125 0.4171875
1 0.58203125 0.7984375 0.4578125 0.403125
1 0.825 0.80859375 0.35 0.3828125
1 0.2546875 0.8 0.359375 0.3984375
1 0.271875 0.465625 0.3 0.428125
1 0.32421875 0.16796875 0.234375 0.259375
1 0.51484375 0.175 0.25 0.26875
1 0.69765625 0.1828125 0.2546875 0.2640625
1 0.8734375 0.20078125 0.253125 0.2609375
1 0.14375 0.196875 0.2796875 0.309375