1 0.03125 0.53046875 0.0625 0.0390625
1 0.0328125 0.52890625 0.065625 0.0421875
1 0.3703125 0.2578125 0.31875 0.159375
1 0.14609375 0.2625 0.2921875 0.184375
1 0.39140625 0.4 0.2765625 0.178125
1 0.43671875 0.48359375 0.1859375 0.1328125
5 0.42578125 0.59921875 0.1890625 0.0984375
5 0.265625 0.659375 0.11875 0.159375
5 0.12421875 0.60859375 0.109375 0.1140625
5 0.1375 0.78203125 0.1234375 0.178125
5 0.21875 0.93046875 0.1125 0.1390625
5 0.30234375 0.95625 0.1234375 0.0875
5 0.02734375 0.67890625 0.0546875 0.1296875
5 0.02734375 0.59453125 0.0546875 0.0890625
2 0.90625 0.89296875 0.1875 0.1109375
2 0.93203125 0.77734375 0.1359375 0.0671875
2 0.94140625 0.69375 0.1171875 0.05
2 0.6890625 0.89296875 0.1234375 0.0890625
2 0.75703125 0.79765625 0.109375 0.0703125
2 0.796875 0.71875 0.1140625 0.0421875
2 0.553125 0.9078125 0.046875 0.040625