1 0.4109375 0.06171875 0.16875 0.1234375
1 0.51796875 0.059375 0.2609375 0.11875
1 0.4125 0.27421875 0.475 0.4515625
1 0.26328125 0.27578125 0.5265625 0.4484375
1 0.134375 0.25 0.26875 0.5
5 0.9515625 0.1 0.096875 0.109375
5 0.78828125 0.13046875 0.2421875 0.140625
5 0.69765625 0.1703125 0.0953125 0.10625
5 0.7046875 0.19453125 0.109375 0.0859375
5 0.6890625 0.2421875 0.078125 0.103125
5 0.0421875 0.5453125 0.084375 0.090625
5 0.0140625 0.553125 0.028125 0.10625
5 0.184375 0.53828125 0.1625 0.0765625
5 0.35859375 0.51953125 0.1296875 0.0390625
5 0.42890625 0.5828125 0.1296875 0.10625
5 0.46328125 0.6859375 0.1296875 0.0859375
5 0.49609375 0.86484375 0.075 0.065625
5 0.040625 0.51328125 0.08125 0.0265625
3 0.80703125 0.596875 0.3140625 0.19375