1 0.134375 0.39140625 0.0875 0.0359375
1 0.17890625 0.378125 0.0796875 0.0625
1 0.221875 0.39453125 0.1 0.0296875
1 0.03984375 0.38359375 0.0796875 0.0515625
1 0.08359375 0.3734375 0.0828125 0.071875
1 0.12734375 0.3640625 0.065625 0.0640625
1 0.1421875 0.30625 0.0828125 0.0734375
1 0.178125 0.3296875 0.0640625 0.0671875
1 0.225 0.35546875 0.084375 0.075
1 0.26953125 0.375 0.0921875 0.06875
1 0.31953125 0.38125 0.0890625 0.05625
1 0.471875 0.38828125 0.1 0.0421875
1 0.41796875 0.38125 0.0859375 0.05625
1 0.3875 0.3734375 0.096875 0.071875
1 0.32578125 0.3375 0.0875 0.05625
1 0.3609375 0.31640625 0.0703125 0.0640625
1 0.3921875 0.30625 0.059375 0.0734375
1 0.4265625 0.3296875 0.0734375 0.0671875
1 0.4734375 0.346875 0.075 0.0484375
1 0.515625 0.371875 0.06875 0.0625
1 0.21171875 0.2765625 0.0515625 0.0578125
1 0.24453125 0.29453125 0.0671875 0.0640625
1 0.27265625 0.28046875 0.06875 0.053125
1 0.0953125 0.28125 0.0796875 0.05
1 0.09140625 0.24453125 0.08125 0.04375
1 0.1375 0.23359375 0.0671875 0.0625
1 0.1921875 0.2328125 0.071875 0.0640625
1 0.36875 0.15390625 0.1296875 0.065625
1 0.41484375 0.1515625 0.09375 0.0875
1 0.4671875 0.18359375 0.121875 0.090625
1 0.53203125 0.21796875 0.1484375 0.09375
1 0.60234375 0.2546875 0.0953125 0.078125
1 0.54140625 0.10390625 0.1015625 0.059375
1 0.5875 0.1171875 0.0875 0.06875
1 0.6265625 0.15234375 0.046875 0.0703125
1 0.0765625 0.02734375 0.121875 0.0546875
1 0.14375 0.0453125 0.08125 0.090625
1 0.04296875 0.11796875 0.0859375 0.1078125
1 0.25703125 0.0125 0.0890625 0.025
0 0.9765625 0.25625 0.046875 0.128125
1 0.2953125 0.73046875 0.590625 0.5390625
1 0.3875 0.8296875 0.525 0.340625
1 0.08984375 0.4703125 0.1796875 0.121875
1 0.29609375 0.51875 0.3140625 0.21875
2 0.69921875 0.4796875 0.0984375 0.140625
2 0.784375 0.753125 0.26875 0.234375
2 0.91328125 0.90234375 0.1734375 0.1953125
2 0.8140625 0.48046875 0.253125 0.1421875