1 0.309375 0.134375 0.61875 0.26875
0 0.66171875 0.203125 0.0859375 0.05625
0 0.6421875 0.01328125 0.046875 0.0265625
0 0.64921875 0.0109375 0.0609375 0.021875
0 0.8390625 0.01015625 0.1125 0.0203125
0 0.66640625 0.01484375 0.0953125 0.0296875
0 0.88046875 0.0125 0.0453125 0.025
0 0.73984375 0.01484375 0.1203125 0.0296875
0 0.65390625 0.01640625 0.0703125 0.0328125
0 0.640625 0.009375 0.04375 0.01875
0 0.64609375 0.0921875 0.0546875 0.040625
0 0.6390625 0.0109375 0.040625 0.021875
5 0.0953125 0.44765625 0.090625 0.065625
5 0.02734375 0.51875 0.0546875 0.121875
5 0.15625 0.5328125 0.078125 0.0453125
5 0.12734375 0.621875 0.05625 0.0828125
5 0.33828125 0.60078125 0.275 0.2109375
5 0.35703125 0.4890625 0.1859375 0.0953125
5 0.53125 0.48984375 0.1421875 0.096875
5 0.51015625 0.60078125 0.1375 0.0578125
5 0.32578125 0.6171875 0.1828125 0.084375
1 0.69921875 0.42421875 0.1609375 0.2515625
1 0.7140625 0.43515625 0.190625 0.2796875
1 0.809375 0.43515625 0.38125 0.2859375
1 0.809375 0.8203125 0.38125 0.359375
1 0.734375 0.81953125 0.23125 0.3609375
1 0.6765625 0.30078125 0.115625 0.0640625
1 0.678125 0.29765625 0.11875 0.0578125
1 0.7046875 0.30546875 0.171875 0.0734375
1 0.803125 0.3125 0.253125 0.0875
1 0.9078125 0.3140625 0.184375 0.090625
1 0.9296875 0.7328125 0.140625 0.271875