1 0.11640625 0.05625 0.2328125 0.1125
1 0.30859375 0.05390625 0.3609375 0.1078125
1 0.32734375 0.084375 0.3234375 0.16875
1 0.1671875 0.1046875 0.334375 0.209375
1 0.24453125 0.2859375 0.4890625 0.328125
1 0.37109375 0.25625 0.2359375 0.3875
0 0.7984375 0.390625 0.05 0.059375
0 0.51953125 0.353125 0.0609375 0.078125
0 0.59296875 0.25078125 0.0671875 0.075
5 0.3765625 0.50703125 0.078125 0.1140625
5 0.46640625 0.5109375 0.0453125 0.121875
5 0.43515625 0.48125 0.0734375 0.0625
5 0.45546875 0.509375 0.0671875 0.10625
5 0.44921875 0.62578125 0.05 0.078125
5 0.39375 0.50859375 0.065625 0.0765625
5 0.3375 0.64140625 0.0453125 0.171875
5 0.2921875 0.575 0.115625 0.184375
5 0.1265625 0.66875 0.1140625 0.203125
5 0.01640625 0.5359375 0.0328125 0.125
5 0.01953125 0.49921875 0.0390625 0.0671875
5 0.01875 0.64375 0.0375 0.146875
5 0.028125 0.71015625 0.05625 0.1484375
5 0.01953125 0.60390625 0.0390625 0.0796875
5 0.06015625 0.49921875 0.0796875 0.0984375
5 0.30703125 0.475 0.1171875 0.05
5 0.1421875 0.88203125 0.2 0.1578125
5 0.3796875 0.94609375 0.21875 0.1078125
4 0.86953125 0.80078125 0.2609375 0.3984375
4 0.553125 0.7203125 0.128125 0.30625