1 0.3078125 0.209375 0.384375 0.41875
0 0.865625 0.3109375 0.128125 0.215625
0 0.92890625 0.075 0.1015625 0.15
0 0.509375 0.28671875 0.01875 0.0734375
0 0.79453125 0.05 0.05625 0.084375
0 0.8046875 0.13515625 0.053125 0.0765625
1 0.16796875 0.68203125 0.3359375 0.5265625
1 0.265625 0.86484375 0.46875 0.2703125
1 0.409375 0.76875 0.18125 0.4625
1 0.346875 0.6046875 0.30625 0.371875
2 0.678125 0.58203125 0.35625 0.1390625
2 0.6890625 0.7859375 0.371875 0.1765625
0 0.97109375 0.80703125 0.0578125 0.0671875
2 0.559375 0.45625 0.11875 0.075
2 0.509375 0.75390625 0.01875 0.4609375