1 0.03984375 0.54140625 0.0796875 0.0765625
1 0.0875 0.53515625 0.175 0.0890625
1 0.19140625 0.55546875 0.2296875 0.0484375
1 0.3625 0.22890625 0.3671875 0.3390625
1 0.5234375 0.0421875 0.14375 0.084375
5 0.709375 0.28125 0.08125 0.296875
5 0.7109375 0.22109375 0.084375 0.2234375
5 0.703125 0.16171875 0.06875 0.1484375
5 0.703125 0.096875 0.06875 0.071875
5 0.7109375 0.22734375 0.084375 0.1484375
5 0.7109375 0.39375 0.084375 0.23125
5 0.7171875 0.47890625 0.096875 0.2015625
5 0.709375 0.515625 0.08125 0.128125
5 0.79765625 0.10234375 0.121875 0.1203125
5 0.7375 0.06015625 0.1375 0.0609375
5 0.72421875 0.08046875 0.1109375 0.0765625
2 0.53984375 0.9390625 0.1796875 0.121875
0 0.90234375 0.9296875 0.0890625 0.140625
0 0.7546875 0.825 0.15625 0.140625
0 0.94375 0.790625 0.1125 0.1
0 0.98203125 0.93046875 0.0359375 0.1390625
0 0.70859375 0.959375 0.0796875 0.08125