1 0.2 0.04609375 0.4 0.0921875
1 0.2 0.1171875 0.4 0.234375
1 0.2 0.35 0.4 0.41875
3 0.825 0.21484375 0.35 0.4296875
2 0.05234375 0.915625 0.1046875 0.16875
2 0.03671875 0.771875 0.0734375 0.221875
2 0.03984375 0.6890625 0.0796875 0.215625
2 0.1265625 0.60625 0.125 0.09375
2 0.4359375 0.64375 0.071875 0.16875
2 0.60859375 0.63125 0.2515625 0.14375
2 0.8765625 0.628125 0.24375 0.1375
2 0.821875 0.66484375 0.175 0.2109375
2 0.53515625 0.69296875 0.2703125 0.2671875
2 0.77890625 0.921875 0.2328125 0.15625
2 0.515625 0.921875 0.23125 0.15625