1 0.1703125 0.36875 0.340625 0.584375
1 0.25859375 0.3625 0.2015625 0.61875
1 0.0484375 0.40234375 0.096875 0.3515625
1 0.05625 0.39375 0.1125 0.390625
1 0.05546875 0.37578125 0.1109375 0.3828125
0 0.415625 0.7421875 0.1125 0.053125
0 0.40234375 0.6453125 0.0859375 0.06875
0 0.37734375 0.6484375 0.0359375 0.078125
0 0.93125 0.7421875 0.1375 0.053125
0 0.8078125 0.465625 0.084375 0.06875
0 0.43359375 0.20859375 0.090625 0.0515625
1 0.1796875 0.884375 0.359375 0.23125
5 0.91953125 0.81484375 0.0859375 0.0921875
5 0.79296875 0.8140625 0.1421875 0.090625
5 0.76640625 0.84921875 0.159375 0.0734375
5 0.5609375 0.86015625 0.109375 0.0734375
5 0.6125 0.83828125 0.11875 0.1390625
5 0.703125 0.809375 0.040625 0.08125
5 0.44921875 0.81171875 0.1796875 0.0859375
5 0.75546875 0.9625 0.2109375 0.075
5 0.94921875 0.97109375 0.1015625 0.0578125
5 0.9359375 0.84609375 0.128125 0.1546875
5 0.50546875 0.97109375 0.2921875 0.0578125
5 0.4578125 0.784375 0.178125 0.03125