1 0.09609375 0.3421875 0.1921875 0.175
1 0.04921875 0.125 0.0984375 0.09375
1 0.0953125 0.16328125 0.1875 0.1265625
1 0.2203125 0.05859375 0.1875 0.1171875
1 0.37890625 0.15 0.1796875 0.159375
1 0.36953125 0.3421875 0.1984375 0.175
1 0.103125 0.403125 0.20625 0.053125
1 0.03984375 0.17265625 0.0796875 0.1421875
1 0.02265625 0.02109375 0.0453125 0.0421875
1 0.05 0.05234375 0.1 0.1046875
1 0.05 0.06796875 0.1 0.1359375
1 0.1265625 0.83828125 0.253125 0.3234375
1 0.36875 0.6796875 0.2 0.15625
1 0.23515625 0.52265625 0.4578125 0.1859375
1 0.1015625 0.5890625 0.203125 0.25
4 0.596875 0.95234375 0.25625 0.0953125