1 0.24453125 0.275 0.4890625 0.55
2 0.53984375 0.0171875 0.1015625 0.034375
2 0.5484375 0.015625 0.11875 0.03125
2 0.56171875 0.01953125 0.1453125 0.0390625
2 0.5765625 0.06015625 0.175 0.1203125
2 0.6203125 0.259375 0.2625 0.2
2 0.80390625 0.20234375 0.0734375 0.3078125
2 0.93984375 0.36015625 0.1015625 0.3796875
2 0.6796875 0.4796875 0.38125 0.140625
2 0.40078125 0.87734375 0.1765625 0.2453125
2 0.159375 0.9515625 0.115625 0.096875
2 0.23984375 0.80234375 0.0484375 0.0984375
2 0.015625 0.96171875 0.03125 0.0765625
2 0.12109375 0.8390625 0.1015625 0.0765625
2 0.21640625 0.7171875 0.1140625 0.0359375
2 0.39609375 0.66640625 0.1765625 0.0828125
0 0.88203125 0.56171875 0.0765625 0.0234375
0 0.90703125 0.56328125 0.090625 0.0265625
0 0.7109375 0.8921875 0.034375 0.10625
0 0.89140625 0.7765625 0.1359375 0.1140625
0 0.5125 0.9765625 0.046875 0.046875
0 0.50234375 0.56875 0.0265625 0.0375
0 0.50625 0.56328125 0.034375 0.0265625
0 0.825 0.62421875 0.0515625 0.071875
0 0.55703125 0.7140625 0.059375 0.0984375
0 0.93984375 0.5703125 0.1109375 0.040625
0 0.7625 0.56953125 0.084375 0.0390625
0 0.50859375 0.771875 0.0390625 0.09375
0 0.5046875 0.93671875 0.03125 0.0859375