1 0.06015625 0.03984375 0.1203125 0.0796875
1 0.0703125 0.05234375 0.140625 0.1046875
1 0.08984375 0.078125 0.1796875 0.15625
1 0.1671875 0.0953125 0.334375 0.190625
1 0.175 0.25390625 0.35 0.3296875
2 0.37890625 0.0296875 0.0578125 0.059375
2 0.42109375 0.046875 0.1421875 0.09375
2 0.67265625 0.0546875 0.3078125 0.109375
2 0.95390625 0.05234375 0.0921875 0.1046875
2 0.90546875 0.265625 0.1890625 0.30625
2 0.55546875 0.209375 0.1671875 0.41875
2 0.4390625 0.0765625 0.178125 0.153125
2 0.4421875 0.328125 0.184375 0.18125
2 0.175 0.79375 0.35 0.10625
2 0.30625 0.65078125 0.0875 0.1765625
2 0.28671875 0.92890625 0.1265625 0.1421875
2 0.04609375 0.61796875 0.0921875 0.1828125
2 0.1703125 0.49453125 0.1390625 0.1203125
2 0.12578125 0.68359375 0.115625 0.140625
2 0.53125 0.67734375 0.246875 0.3515625
2 0.89765625 0.640625 0.2046875 0.290625
2 0.93125 0.8671875 0.1375 0.140625
2 0.89921875 0.4515625 0.2015625 0.065625
2 0.91328125 0.428125 0.1734375 0.01875
2 0.7 0.46171875 0.146875 0.0859375
2 0.72421875 0.703125 0.128125 0.3375
2 0.371875 0.46171875 0.04375 0.0859375
2 0.90625 0.44296875 0.1875 0.0484375
2 0.4703125 0.4453125 0.240625 0.053125
2 0.3859375 0.6953125 0.071875 0.25