1 0.0640625 0.5859375 0.128125 0.10625
1 0.63515625 0.3796875 0.1921875 0.18125
1 0.58828125 0.159375 0.0984375 0.09375
1 0.58515625 0.196875 0.0921875 0.125
1 0.64921875 0.09140625 0.1875 0.121875
1 0.80703125 0.184375 0.1796875 0.159375
1 0.81796875 0.39140625 0.2390625 0.2046875
1 0.60078125 0.50859375 0.1234375 0.1953125
1 0.7203125 0.559375 0.271875 0.159375
1 0.57890625 0.20703125 0.0796875 0.1421875
1 0.56171875 0.021875 0.0453125 0.04375
1 0.5890625 0.06953125 0.1 0.1390625
1 0.5890625 0.09296875 0.1 0.1546875
2 0.30390625 0.6765625 0.3640625 0.075
2 0.271875 0.68828125 0.31875 0.0984375
2 0.259375 0.73984375 0.278125 0.1125
2 0.08203125 0.6796875 0.1640625 0.08125
2 0.05703125 0.66640625 0.1140625 0.0546875
2 0.05 0.66015625 0.084375 0.0421875
2 0.4609375 0.65859375 0.15625 0.0390625
4 0.64765625 0.70859375 0.2171875 0.1390625