1 0.18984375 0.31953125 0.3796875 0.6390625
5 0.4515625 0.21484375 0.14375 0.0796875
5 0.61875 0.20625 0.1578125 0.065625
5 0.45546875 0.296875 0.1515625 0.0875
5 0.63828125 0.3109375 0.1875 0.084375
5 0.56015625 0.42421875 0.0796875 0.1015625
5 0.5625 0.5359375 0.1078125 0.078125
5 0.4328125 0.503125 0.10625 0.109375
5 0.43125 0.40078125 0.103125 0.0890625
5 0.403125 0.2328125 0.046875 0.053125
5 0.39765625 0.29453125 0.0359375 0.0390625
5 0.42734375 0.44375 0.0953125 0.046875
5 0.39453125 0.31015625 0.0296875 0.0578125
5 0.78671875 0.21640625 0.1421875 0.046875
5 0.93984375 0.23046875 0.1203125 0.1140625
5 0.97109375 0.37890625 0.0578125 0.0953125
5 0.8703125 0.4984375 0.140625 0.1375
5 0.81796875 0.35390625 0.1140625 0.1171875
5 0.7046875 0.490625 0.1421875 0.153125
5 0.4 0.52890625 0.040625 0.1453125
5 0.42578125 0.4265625 0.0921875 0.059375
5 0.41484375 0.2328125 0.0703125 0.040625
5 0.9125 0.359375 0.0453125 0.1125
2 0.08046875 0.93046875 0.1609375 0.1296875
2 0.06796875 0.83046875 0.1359375 0.1140625
2 0.14765625 0.6859375 0.2828125 0.09375
2 0.071875 0.67734375 0.14375 0.0765625
5 0.5421875 0.83046875 0.209375 0.3390625