1 0.25 0.0796875 0.5 0.159375
1 0.22265625 0.059375 0.4453125 0.11875
1 0.1890625 0.040625 0.378125 0.08125
1 0.13359375 0.03671875 0.2671875 0.0734375
5 0.31953125 0.340625 0.3609375 0.13125
5 0.3984375 0.28359375 0.203125 0.0484375
5 0.16328125 0.28203125 0.2453125 0.0453125
5 0.0625 0.353125 0.1125 0.1875
5 0.04453125 0.38125 0.0890625 0.075
5 0.0234375 0.53828125 0.046875 0.2421875
5 0.0359375 0.69765625 0.071875 0.1328125
5 0.03203125 0.88359375 0.0640625 0.2265625
5 0.04140625 0.875 0.0828125 0.25
5 0.06796875 0.709375 0.1359375 0.178125
5 0.23828125 0.67890625 0.1953125 0.190625
5 0.25859375 0.47421875 0.0953125 0.190625
5 0.415625 0.42734375 0.16875 0.1046875
5 0.05078125 0.2765625 0.1015625 0.034375
5 0.05703125 0.275 0.1140625 0.03125
2 0.8171875 0.6765625 0.246875 0.334375
2 0.8015625 0.46015625 0.1875 0.0796875
2 0.95546875 0.4484375 0.0890625 0.103125
2 0.98046875 0.6421875 0.0390625 0.25625
2 0.86015625 0.32421875 0.2796875 0.1296875
2 0.6171875 0.3421875 0.128125 0.165625