1 0.3296875 0.1546875 0.659375 0.309375
1 0.54296875 0.1546875 0.2328125 0.309375
2 0.884375 0.11015625 0.23125 0.2203125
2 0.7078125 0.03671875 0.096875 0.0734375
2 0.78671875 0.02109375 0.1765625 0.0421875
2 0.9828125 0.0234375 0.034375 0.046875
2 0.94140625 0.01171875 0.1171875 0.0234375
2 0.03359375 0.775 0.0671875 0.45
2 0.08984375 0.74609375 0.1015625 0.4328125
2 0.2015625 0.78671875 0.090625 0.2390625
2 0.31015625 0.52734375 0.134375 0.165625
2 0.47421875 0.49609375 0.1359375 0.2015625
2 0.61015625 0.55625 0.0984375 0.15625
2 0.61875 0.3859375 0.08125 0.103125
2 0.24609375 0.378125 0.15 0.1296875
2 0.02890625 0.4625 0.0578125 0.171875
2 0.4984375 0.35 0.15625 0.08125
2 0.44609375 0.66875 0.1703125 0.1375
3 0.90078125 0.9203125 0.1984375 0.159375