1 0.065625 0.53125 0.13125 0.0859375
1 0.09296875 0.61328125 0.153125 0.078125
1 0.12109375 0.66640625 0.1390625 0.090625
1 0.16953125 0.78046875 0.2 0.1796875
1 0.20703125 0.8765625 0.228125 0.1875
1 0.31171875 0.8375 0.1875 0.121875
1 0.4578125 0.8421875 0.2015625 0.1234375
1 0.403125 0.69375 0.18125 0.128125
1 0.32109375 0.52109375 0.0828125 0.0703125
1 0.4453125 0.5390625 0.15 0.0828125
1 0.53125 0.62109375 0.225 0.121875
1 0.5765625 0.76015625 0.1796875 0.1359375
1 0.63828125 0.7875 0.16875 0.115625
1 0.63515625 0.9390625 0.246875 0.121875