1 0.075 0.48203125 0.15 0.0953125
1 0.23984375 0.40390625 0.140625 0.1125
1 0.3828125 0.415625 0.1890625 0.1265625
1 0.58515625 0.375 0.1484375 0.134375
1 0.53359375 0.21875 0.1546875 0.0671875
1 0.13125 0.2765625 0.1625 0.0828125
1 0.26875 0.25859375 0.121875 0.0703125
0 0.678125 0.2484375 0.0375 0.115625
0 0.68984375 0.44140625 0.0609375 0.1109375
0 0.68046875 0.4734375 0.0421875 0.1125
0 0.97421875 0.01796875 0.0515625 0.0359375
0 0.67890625 0.3375 0.0390625 0.059375
3 0.2734375 0.621875 0.28125 0.184375
1 0.84609375 0.7984375 0.3078125 0.384375
1 0.69609375 0.64453125 0.0734375 0.2296875
1 0.896875 0.5734375 0.125 0.0875
1 0.73515625 0.5640625 0.0984375 0.06875