1 0.33125 0.56015625 0.4875 0.1796875
1 0.49453125 0.521875 0.2109375 0.25625
1 0.13203125 0.50859375 0.2640625 0.2828125
1 0.28828125 0.44375 0.325 0.2359375
1 0.4703125 0.3578125 0.25 0.1671875
1 0.54921875 0.3125 0.1015625 0.159375
1 0.05703125 0.43984375 0.1140625 0.2609375
1 0.115625 0.3703125 0.23125 0.15625
1 0.2640625 0.32109375 0.24375 0.134375
1 0.3984375 0.2734375 0.1828125 0.1109375
1 0.5125 0.23203125 0.1734375 0.11875
1 0.5671875 0.2171875 0.065625 0.06875
1 0.065625 0.290625 0.13125 0.06875
1 0.0984375 0.2578125 0.196875 0.078125
1 0.24609375 0.2421875 0.2046875 0.0703125
1 0.30234375 0.2 0.0015625 0.00625
1 0.31953125 0.17421875 0.1203125 0.071875
1 0.22578125 0.19765625 0.1796875 0.059375
5 0.65234375 0.0890625 0.1046875 0.178125
5 0.81640625 0.5671875 0.2140625 0.165625
5 0.6765625 0.36953125 0.1328125 0.221875
5 0.6375 0.19140625 0.075 0.1390625
5 0.13828125 0.9796875 0.0859375 0.040625
5 0.30625 0.96015625 0.18125 0.0796875
5 0.49921875 0.94140625 0.1203125 0.0890625
5 0.41484375 0.93984375 0.0375 0.10625
5 0.58984375 0.9296875 0.0203125 0.13125
0 0.62890625 0.9703125 0.0578125 0.059375
0 0.8140625 0.91328125 0.05 0.084375
0 0.94921875 0.9859375 0.0703125 0.028125
0 0.6234375 0.8078125 0.046875 0.090625
0 0.703125 0.771875 0.0765625 0.0546875
0 0.61953125 0.89375 0.0390625 0.15625