1 0.24609375 0.203125 0.1859375 0.15
1 0.13359375 0.22578125 0.2671875 0.2078125
1 0.12578125 0.3578125 0.2515625 0.121875
2 0.5703125 0.24140625 0.24375 0.3546875
2 0.86015625 0.24453125 0.2796875 0.3484375
2 0.76953125 0.04140625 0.1171875 0.0828125
2 0.55703125 0.03046875 0.2328125 0.0609375
2 0.41953125 0.31328125 0.1609375 0.2109375
2 0.375 0.0890625 0.071875 0.178125
2 0.37890625 0.0890625 0.0796875 0.178125
2 0.4171875 0.01953125 0.15625 0.0390625
1 0.09609375 0.928125 0.1921875 0.14375
1 0.04921875 0.7265625 0.0984375 0.09375
1 0.04609375 0.7640625 0.0921875 0.125
1 0.05859375 0.6578125 0.1171875 0.121875
1 0.18203125 0.7515625 0.1796875 0.159375
1 0.1921875 0.928125 0.2375 0.14375
1 0.03984375 0.77421875 0.0796875 0.1421875
1 0.02265625 0.56796875 0.0453125 0.0859375
1 0.05 0.63671875 0.1 0.1390625
1 0.05 0.66015625 0.1 0.1546875
2 0.3921875 0.77109375 0.10625 0.1703125
2 0.58671875 0.92890625 0.1953125 0.1421875
2 0.784375 0.92578125 0.171875 0.1484375
2 0.66484375 0.75703125 0.3046875 0.121875
2 0.94609375 0.8484375 0.1078125 0.303125
2 0.9046875 0.5578125 0.190625 0.175
2 0.6203125 0.54296875 0.2546875 0.1953125
2 0.796875 0.4515625 0.196875 0.065625
2 0.503125 0.45390625 0.29375 0.0703125