1 0.234375 0.34453125 0.46875 0.6890625
1 0.16328125 0.34453125 0.3265625 0.6890625
2 0.6328125 0.65078125 0.328125 0.0765625
2 0.84375 0.653125 0.059375 0.071875
2 0.915625 0.53671875 0.16875 0.1703125
2 0.646875 0.5625 0.1015625 0.05625
2 0.5015625 0.4953125 0.065625 0.159375
2 0.60703125 0.42421875 0.1734375 0.1359375
2 0.8453125 0.3578125 0.165625 0.0875
2 0.971875 0.346875 0.05625 0.1625
5 0.09765625 0.69921875 0.1515625 0.0203125
5 0.290625 0.70625 0.103125 0.034375
5 0.190625 0.70859375 0.10625 0.0390625
5 0.01796875 0.6984375 0.0359375 0.01875
5 0.02890625 0.70625 0.0578125 0.034375
5 0.01640625 0.6984375 0.0328125 0.01875
2 0.97109375 0.89609375 0.0578125 0.0984375
2 0.93828125 0.740625 0.1234375 0.103125
2 0.73359375 0.81171875 0.2953125 0.1328125
2 0.684375 0.73046875 0.30625 0.0828125
2 0.540625 0.7359375 0.14375 0.09375
2 0.5515625 0.821875 0.165625 0.146875