1 0.234375 0.15 0.46875 0.3
1 0.60234375 0.06015625 0.2671875 0.1203125
1 0.8234375 0.06953125 0.353125 0.1390625
1 0.85234375 0.15078125 0.2953125 0.2984375
1 0.6203125 0.15625 0.303125 0.2875
5 0.0265625 0.39375 0.053125 0.159375
5 0.02890625 0.59765625 0.0578125 0.1984375
5 0.0453125 0.753125 0.090625 0.303125
5 0.10078125 0.8703125 0.1203125 0.259375
5 0.23125 0.94375 0.1 0.1125
5 0.4375 0.6734375 0.0625 0.321875
1 0.75859375 0.40703125 0.4828125 0.1078125
1 0.734375 0.53828125 0.53125 0.1890625
1 0.734375 0.8046875 0.53125 0.390625
1 0.58359375 0.36015625 0.2296875 0.0890625
1 0.9671875 0.40703125 0.065625 0.1046875
1 0.95703125 0.34375 0.0859375 0.075
1 0.78203125 0.31875 0.3546875 0.0375