1 0.14765625 0.2 0.2953125 0.4
0 0.4734375 0.08125 0.209375 0.1625
0 0.28125 0.79765625 0.175 0.2671875
0 0.2328125 0.50078125 0.1625 0.1359375
0 0.1546875 0.440625 0.309375 0.08125
0 0.33515625 0.42421875 0.0671875 0.0484375
0 0.43359375 0.76953125 0.1296875 0.1484375
2 0.8953125 0.80859375 0.209375 0.2921875
2 0.50078125 0.965625 0.2640625 0.06875
2 0.60703125 0.640625 0.2703125 0.3890625
2 0.91484375 0.5015625 0.1703125 0.203125
2 0.425 0.525 0.1125 0.25
2 0.62421875 0.4234375 0.2953125 0.046875