1 0.19765625 0.278125 0.3953125 0.54375
1 0.21484375 0.3203125 0.4296875 0.459375
0 0.921875 0.1390625 0.03125 0.08125
0 0.82109375 0.0765625 0.1015625 0.0984375
0 0.6203125 0.090625 0.1140625 0.1
0 0.82421875 0.0484375 0.2328125 0.096875
0 0.61171875 0.01875 0.0859375 0.0375
0 0.46484375 0.01640625 0.0421875 0.0328125
0 0.44296875 0.015625 0.0265625 0.03125
0 0.44609375 0.14453125 0.0328125 0.0703125
3 0.1421875 0.775 0.253125 0.45
3 0.059375 0.821875 0.11875 0.25625
5 0.903125 0.91171875 0.19375 0.1765625
5 0.4953125 0.75859375 0.13125 0.1359375
5 0.6734375 0.6375 0.2421875 0.153125
5 0.47578125 0.8875 0.0921875 0.0875