1 0.5125 0.15 0.153125 0.3
1 0.3484375 0.384375 0.48125 0.209375
1 0.22734375 0.3328125 0.4546875 0.3125
4 0.79375 0.38515625 0.409375 0.2078125
0 0.321875 0.73125 0.35625 0.2796875
5 0.9390625 0.56875 0.121875 0.159375
5 0.8640625 0.734375 0.1203125 0.240625
5 0.9640625 0.7890625 0.071875 0.2625
5 0.7484375 0.76484375 0.10625 0.1640625
5 0.8 0.5453125 0.153125 0.1125
5 0.6546875 0.5328125 0.13125 0.0875
5 0.653125 0.66875 0.128125 0.14375
5 0.6375 0.79453125 0.096875 0.1546875
5 0.72578125 0.8875 0.2109375 0.1328125
5 0.92734375 0.934375 0.1453125 0.13125
5 0.63125 0.74375 0.084375 0.165625
5 0.6203125 0.725 0.0625 0.115625
5 0.62578125 0.5828125 0.0734375 0.121875
5 0.6234375 0.70625 0.06875 0.0875
5 0.62890625 0.51796875 0.0796875 0.0578125
5 0.621875 0.61015625 0.065625 0.1140625
5 0.63046875 0.5140625 0.0828125 0.05
5 0.63203125 0.6140625 0.0859375 0.134375
5 0.615625 0.725 0.053125 0.071875
5 0.90703125 0.51640625 0.1859375 0.0546875
5 0.734375 0.50546875 0.15625 0.0328125
5 0.6234375 0.5203125 0.06875 0.0625
5 0.62890625 0.52734375 0.0796875 0.0765625
5 0.621875 0.525 0.065625 0.071875
5 0.7328125 0.509375 0.109375 0.040625
5 0.625 0.509375 0.071875 0.040625