1 0.215625 0.440625 0.346875 0.196875
1 0.04453125 0.36015625 0.0890625 0.1265625
1 0.16640625 0.34921875 0.3 0.14375
1 0.31953125 0.31015625 0.1390625 0.1265625
4 0.5453125 0.37890625 0.3125 0.4015625
4 0.85859375 0.1828125 0.2453125 0.365625
5 0.05234375 0.66875 0.1046875 0.178125
5 0.084375 0.84921875 0.134375 0.221875
5 0.0375 0.67109375 0.075 0.1390625
2 0.82578125 0.62890625 0.1890625 0.0984375
2 0.75078125 0.75390625 0.153125 0.0953125
2 0.5265625 0.64921875 0.10625 0.1390625
2 0.615625 0.615625 0.1375 0.071875
2 0.43359375 0.6015625 0.0890625 0.04375
2 0.41015625 0.75078125 0.0421875 0.1859375
2 0.42890625 0.8515625 0.0734375 0.11875
2 0.41328125 0.6484375 0.0484375 0.1375