1 0.3046875 0.29453125 0.56875 0.5890625
2 0.90625 0.434375 0.1875 0.109375
2 0.68984375 0.39921875 0.1796875 0.14375
2 0.94296875 0.2953125 0.1140625 0.071875
2 0.78125 0.27421875 0.1546875 0.0640625
2 0.646875 0.53046875 0.115625 0.1046875
2 0.62109375 0.24375 0.0640625 0.0625
2 0.6078125 0.33046875 0.0375 0.0578125
2 0.61328125 0.41015625 0.0484375 0.0921875
2 0.90859375 0.5515625 0.1828125 0.075
0 0.3515625 0.90546875 0.0375 0.04375
0 0.2296875 0.94765625 0.0671875 0.0484375
0 0.12890625 0.97109375 0.0328125 0.0578125
0 0.02265625 0.94375 0.0453125 0.05625
0 0.01171875 0.81640625 0.0234375 0.0609375
0 0.01796875 0.6640625 0.0359375 0.0875
0 0.01875 0.75625 0.0375 0.05625
0 0.45859375 0.93125 0.0625 0.0875
0 0.54609375 0.95 0.028125 0.0578125
0 0.58515625 0.953125 0.0078125 0.059375
4 0.73515625 0.8625 0.2453125 0.275