1 0.2609375 0.26953125 0.521875 0.5390625
1 0.37265625 0.36484375 0.6328125 0.3484375
1 0.05546875 0.0421875 0.1109375 0.084375
1 0.22734375 0.0796875 0.3140625 0.159375
3 0.74296875 0.1078125 0.1078125 0.215625
3 0.71953125 0.04609375 0.0609375 0.0921875
4 0.5796875 0.97421875 0.1375 0.0515625
4 0.659375 0.95546875 0.059375 0.0703125
4 0.334375 0.971875 0.109375 0.05625
4 0.23203125 0.9671875 0.1265625 0.065625
4 0.17265625 0.88671875 0.1 0.075
4 0.46875 0.5703125 0.196875 0.0625
2 0.7890625 0.734375 0.2 0.221875