1 0.10859375 0.17421875 0.1609375 0.096875
1 0.23671875 0.04140625 0.4703125 0.0828125
1 0.24453125 0.04609375 0.4890625 0.0921875
1 0.24453125 0.05859375 0.4890625 0.1171875
1 0.24609375 0.2046875 0.4859375 0.409375
4 0.51953125 0.22109375 0.0609375 0.1890625
4 0.7109375 0.3 0.15625 0.0984375
4 0.6984375 0.12578125 0.1046875 0.1453125
4 0.88125 0.14609375 0.1421875 0.215625
4 0.74453125 0.02109375 0.5109375 0.0421875
4 0.40234375 0.8765625 0.1734375 0.246875
1 0.86328125 0.640625 0.11875 0.1421875
1 0.94375 0.6921875 0.1125 0.1375
1 0.878125 0.9 0.209375 0.2
1 0.9671875 0.92421875 0.065625 0.1515625