1 0.21484375 0.31484375 0.4296875 0.6296875
1 0.478125 0.51328125 0.096875 0.2328125
1 0.5875 0.51015625 0.315625 0.2390625
1 0.7640625 0.4953125 0.409375 0.26875
1 0.52109375 0.35390625 0.1828125 0.2296875
1 0.6109375 0.32109375 0.2703125 0.190625
1 0.82109375 0.37578125 0.3015625 0.2984375
1 0.4984375 0.20703125 0.1375 0.1578125
1 0.621875 0.21328125 0.2375 0.1265625
1 0.21484375 0.81484375 0.4296875 0.3703125
5 0.696875 0.9765625 0.23125 0.046875
5 0.5203125 0.91796875 0.178125 0.1453125
5 0.79921875 0.84453125 0.271875 0.2078125
5 0.54921875 0.79296875 0.190625 0.121875
5 0.9546875 0.715625 0.090625 0.125
5 0.80078125 0.6859375 0.2390625 0.1125
5 0.62734375 0.67265625 0.1671875 0.0859375
5 0.4921875 0.65546875 0.115625 0.0515625
5 0.8375 0.64375 0.2625 0.028125