1 0.2640625 0.37265625 0.409375 0.3328125
1 0.3390625 0.45390625 0.259375 0.1703125
1 0.140625 0.43359375 0.28125 0.2109375
1 0.1296875 0.278125 0.259375 0.221875
1 0.25859375 0.1953125 0.2671875 0.171875
1 0.04609375 0.22890625 0.0921875 0.1203125
1 0.05546875 0.290625 0.1109375 0.16875
0 0.50859375 0.31328125 0.0796875 0.1484375
2 0.89765625 0.35234375 0.2046875 0.2921875
2 0.6109375 0.1890625 0.26875 0.378125
2 0.9171875 0.0734375 0.165625 0.146875
2 0.525 0.096875 0.1125 0.19375
2 0.62890625 0.0234375 0.2953125 0.046875
1 0.234375 0.93828125 0.46875 0.1234375
1 0.2046875 0.7671875 0.409375 0.2875
1 0.3390625 0.82421875 0.259375 0.2265625
1 0.734375 0.76953125 0.53125 0.4609375