1 0.03671875 0.2515625 0.0734375 0.115625
1 0.07109375 0.23515625 0.0640625 0.1109375
1 0.01875 0.184375 0.0375 0.09375
1 0.0203125 0.11484375 0.040625 0.1140625
1 0.02265625 0.10546875 0.0453125 0.1296875
1 0.03046875 0.10546875 0.0609375 0.1140625
1 0.05859375 0.11171875 0.0765625 0.1078125
1 0.09375 0.17109375 0.0796875 0.096875
1 0.12734375 0.221875 0.0921875 0.109375
1 0.16796875 0.2828125 0.06875 0.0859375
1 0.1390625 0.30390625 0.0671875 0.096875
1 0.1078125 0.309375 0.0796875 0.1125
1 0.121875 0.40078125 0.071875 0.1078125
1 0.16171875 0.47265625 0.1 0.1609375
1 0.125 0.5140625 0.1078125 0.1265625
1 0.20390625 0.4578125 0.0796875 0.153125
1 0.25 0.4109375 0.084375 0.1109375
1 0.025 0.06015625 0.05 0.1078125
1 0.01796875 0.05390625 0.0359375 0.0984375
1 0.015625 0.0515625 0.03125 0.1
1 0.01640625 0.0203125 0.0328125 0.040625
1 0.11015625 0.03203125 0.1390625 0.0640625
1 0.20703125 0.0734375 0.1453125 0.146875
1 0.26171875 0.20390625 0.1171875 0.153125
1 0.37109375 0.1046875 0.0984375 0.1328125
1 0.43203125 0.07421875 0.0953125 0.1140625
1 0.42578125 0.08828125 0.1 0.165625
1 0.775 0.30390625 0.45 0.5921875
1 0.62578125 0.3 0.2921875 0.6
0 0.03828125 0.96640625 0.0765625 0.0671875
0 0.02578125 0.95390625 0.0515625 0.0578125
5 0.78046875 0.6796875 0.090625 0.1359375