1 0.37265625 0.35 0.3140625 0.440625
1 0.19609375 0.18359375 0.3921875 0.3140625
1 0.39140625 0.11015625 0.2765625 0.2203125
1 0.059375 0.11484375 0.11875 0.2296875
1 0.20078125 0.05390625 0.3171875 0.1078125
1 0.39140625 0.03359375 0.2421875 0.0671875
1 0.48203125 0.02734375 0.0953125 0.0546875
1 0.07578125 0.01640625 0.1515625 0.0328125
1 0.21484375 0.01875 0.2203125 0.0375
1 0.3734375 0.0171875 0.203125 0.034375
1 0.43046875 0.0015625 0.0015625 0.003125
1 0.446875 0.01796875 0.11875 0.0359375
1 0.35390625 0.01484375 0.1796875 0.0296875
1 0.26484375 0.78984375 0.5296875 0.4203125
2 0.74296875 0.86328125 0.2515625 0.1921875
2 0.946875 0.796875 0.10625 0.153125