1 0.21171875 0.31796875 0.4234375 0.1078125
1 0.2296875 0.3921875 0.459375 0.075
1 0.11484375 0.27109375 0.2296875 0.0890625
1 0.378125 0.31796875 0.1625 0.1046875
1 0.36796875 0.2546875 0.1828125 0.075
1 0.1609375 0.228125 0.321875 0.040625
2 0.69375 0.221875 0.2125 0.2109375
2 0.87421875 0.046875 0.1640625 0.09375
2 0.89375 0.02265625 0.2125 0.0453125
2 0.50703125 0.07421875 0.0953125 0.1484375
2 0.6484375 0.0203125 0.265625 0.040625
2 0.50703125 0.1296875 0.0953125 0.259375
2 0.31328125 0.7484375 0.1390625 0.2453125
2 0.15234375 0.5375 0.3046875 0.125
2 0.95390625 0.89453125 0.0921875 0.1078125
2 0.74453125 0.896875 0.0828125 0.065625
2 0.73125 0.6765625 0.371875 0.2421875
2 0.96796875 0.6640625 0.0640625 0.21875
2 0.5671875 0.85703125 0.215625 0.0984375
2 0.50390625 0.82890625 0.0890625 0.0765625
2 0.52421875 0.67578125 0.1296875 0.1578125
2 0.58828125 0.44375 0.2578125 0.028125
2 0.83125 0.43828125 0.3375 0.0171875
2 0.88359375 0.43828125 0.2328125 0.0171875
2 0.59453125 0.4359375 0.2421875 0.0125
2 0.50625 0.43359375 0.09375 0.0078125