1 0.0953125 0.1390625 0.190625 0.225
1 0.28203125 0.15234375 0.440625 0.21875
1 0.4921875 0.1390625 0.29375 0.21875
1 0.53125 0.23515625 0.215625 0.1296875
1 0.36875 0.234375 0.540625 0.13125
2 0.96640625 0.1953125 0.0671875 0.109375
2 0.81015625 0.16015625 0.1796875 0.14375
2 0.9015625 0.03515625 0.1546875 0.0640625
2 0.7078125 0.26953125 0.1375 0.0609375
2 0.67109375 0.01796875 0.0640625 0.0359375
2 0.6578125 0.09140625 0.0375 0.0578125
2 0.675 0.17109375 0.071875 0.0921875
0 0.121875 0.78515625 0.228125 0.075
0 0.17578125 0.67734375 0.1734375 0.0671875
0 0.05390625 0.68046875 0.071875 0.078125
0 0.07890625 0.94921875 0.059375 0.0828125
0 0.009375 0.95859375 0.01875 0.0828125
0 0.1171875 0.884375 0.0546875 0.0609375
0 0.628125 0.92890625 0.021875 0.0390625
0 0.6296875 0.49609375 0.01875 0.0671875
0 0.2875 0.3125 0.090625 0.025
5 0.67890625 0.76015625 0.0796875 0.1609375
5 0.6828125 0.928125 0.0875 0.14375