1 0.240625 0.26171875 0.48125 0.1359375
1 0.33125 0.18046875 0.45625 0.2984375
1 0.084375 0.171875 0.16875 0.253125
1 0.1640625 0.11640625 0.328125 0.2328125
0 0.5984375 0.2265625 0.078125 0.175
0 0.753125 0.0578125 0.096875 0.115625
0 0.60390625 0.0375 0.0890625 0.075
0 0.92578125 0.0484375 0.1484375 0.096875
0 0.62890625 0.040625 0.1390625 0.08125
0 0.95234375 0.08671875 0.0953125 0.1609375
0 0.58671875 0.03359375 0.0546875 0.0640625
0 0.915625 0.01328125 0.109375 0.0265625
0 0.01484375 0.88203125 0.0296875 0.0984375
0 0.0765625 0.97265625 0.071875 0.0546875
0 0.24296875 0.9875 0.1578125 0.025
0 0.02578125 0.965625 0.0515625 0.06875
0 0.45546875 0.65703125 0.1609375 0.1359375
0 0.2546875 0.79296875 0.0640625 0.059375
0 0.03046875 0.6546875 0.0609375 0.10625
0 0.01953125 0.63046875 0.0390625 0.1078125
0 0.025 0.971875 0.05 0.05625
0 0.01953125 0.76875 0.0390625 0.103125
0 0.2046875 0.65078125 0.0953125 0.075
0 0.10625 0.77890625 0.06875 0.096875
0 0.18984375 0.85390625 0.0828125 0.075
0 0.4328125 0.890625 0.0671875 0.0921875
0 0.0171875 0.975 0.034375 0.05
0 0.65859375 0.75078125 0.1984375 0.3265625