1 0.234375 0.25 0.46875 0.5
1 0.06953125 0.31953125 0.1390625 0.3484375
1 0.13515625 0.35859375 0.2703125 0.2828125
1 0.25703125 0.3984375 0.4140625 0.203125
0 0.475 0.396875 0.0125 0.075
0 0.48359375 0.38203125 0.0296875 0.1140625
0 0.646875 0.4171875 0.040625 0.0609375
0 0.82578125 0.39765625 0.059375 0.0359375
0 0.97890625 0.353125 0.0375 0.0765625
0 0.62421875 0.2453125 0.0296875 0.0421875
2 0.27265625 0.89921875 0.3921875 0.2015625
2 0.3796875 0.521875 0.16875 0.04375
2 0.23125 0.603125 0.234375 0.125
2 0.09453125 0.75234375 0.1890625 0.1234375
2 0.359375 0.52578125 0.19375 0.0515625
2 0.034375 0.61171875 0.06875 0.1109375
1 0.5671875 0.60390625 0.196875 0.2078125
1 0.78046875 0.60859375 0.4390625 0.2171875
1 0.92265625 0.60234375 0.1546875 0.2046875
1 0.96171875 0.80078125 0.0765625 0.3484375
1 0.79921875 0.79453125 0.4015625 0.3390625
1 0.61796875 0.8234375 0.2984375 0.353125