1 0.42578125 0.83046875 0.1015625 0.1078125
1 0.44140625 0.73984375 0.153125 0.1140625
1 0.55546875 0.7359375 0.1546875 0.1328125
1 0.640625 0.7390625 0.115625 0.1203125
1 0.63359375 0.83125 0.1390625 0.1296875
1 0.6234375 0.925 0.1578125 0.15
1 0.528125 0.94296875 0.1609375 0.1140625
1 0.409375 0.9328125 0.121875 0.134375
1 0.425 0.83359375 0.121875 0.121875
1 0.3125 0.83125 0.1515625 0.1171875
1 0.34375 0.73515625 0.1421875 0.1484375
1 0.3546875 0.65546875 0.128125 0.115625
1 0.36875 0.5671875 0.1453125 0.103125
1 0.4578125 0.58046875 0.153125 0.1625
1 0.471875 0.49609375 0.1453125 0.10625
1 0.58125 0.4984375 0.1609375 0.1015625
1 0.6640625 0.49609375 0.121875 0.0984375
1 0.80078125 0.56328125 0.1203125 0.1078125
1 0.79296875 0.64765625 0.1265625 0.109375
1 0.8046875 0.74140625 0.1625 0.125
1 0.796875 0.82890625 0.1484375 0.1296875
1 0.80390625 0.93828125 0.184375 0.0953125
1 0.24140625 0.36640625 0.0984375 0.0640625
1 0.321875 0.36171875 0.1296875 0.0859375
1 0.4046875 0.36640625 0.1203125 0.0984375
1 0.503125 0.359375 0.1171875 0.08125
1 0.18125 0.92734375 0.1484375 0.134375
1 0.13828125 0.73671875 0.121875 0.103125