1 0.13359375 0.52109375 0.2671875 0.1953125
1 0.253125 0.421875 0.33125 0.39375
1 0.2859375 0.528125 0.265625 0.18125
0 0.484375 0.23046875 0.13125 0.2265625
0 0.58984375 0.21953125 0.3421875 0.2015625
0 0.88046875 0.21484375 0.1859375 0.1765625
1 0.146875 0.809375 0.29375 0.38125
1 0.0953125 0.8484375 0.190625 0.24375
0 0.7921875 0.6375 0.046875 0.0375
0 0.76484375 0.64296875 0.0546875 0.0484375
0 0.67109375 0.678125 0.0515625 0.0625
0 0.74453125 0.74375 0.0359375 0.0828125
0 0.64921875 0.6578125 0.0859375 0.078125
0 0.50546875 0.7640625 0.09375 0.0859375
0 0.44921875 0.65 0.0609375 0.0625
0 0.4453125 0.76640625 0.053125 0.0953125