1 0.3 0.16953125 0.6 0.3390625
5 0.94609375 0.01953125 0.1078125 0.0390625
5 0.846875 0.03046875 0.078125 0.0609375
5 0.753125 0.01484375 0.096875 0.0296875
5 0.65 0.021875 0.078125 0.04375
5 0.62109375 0.01953125 0.0421875 0.0390625
5 0.61484375 0.06171875 0.0296875 0.0828125
1 0.171875 0.54609375 0.34375 0.4140625
2 0.7453125 0.94296875 0.290625 0.1140625
2 0.8 0.790625 0.2078125 0.1515625
2 0.95625 0.896875 0.0875 0.18125
2 0.6515625 0.81484375 0.103125 0.0921875
2 0.64296875 0.66953125 0.0859375 0.1828125
2 0.65234375 0.64609375 0.1046875 0.1140625
2 0.75390625 0.62734375 0.1859375 0.084375
2 0.9578125 0.70625 0.084375 0.125
2 0.6796875 0.51171875 0.159375 0.1078125
2 0.6390625 0.5234375 0.078125 0.146875
2 0.6484375 0.42421875 0.096875 0.0859375
2 0.62265625 0.4421875 0.0453125 0.19375