1 0.1125 0.60625 0.21875 0.1515625
1 0.18984375 0.72890625 0.278125 0.1984375
1 0.29921875 0.89609375 0.375 0.2078125
1 0.55703125 0.8921875 0.3546875 0.215625
1 0.45625 0.69765625 0.23125 0.1953125
1 0.36640625 0.59609375 0.2546875 0.1421875
1 0.684375 0.6375 0.3125 0.2703125
1 0.803125 0.8171875 0.3046875 0.2078125
1 0.76875 0.44765625 0.2859375 0.1125
1 0.21953125 0.39765625 0.2265625 0.1328125
1 0.50234375 0.3125 0.1203125 0.0828125
1 0.3078125 0.3875 0.1578125 0.1296875
1 0.0984375 0.4265625 0.1640625 0.14375