1 0.1796875 0.2046875 0.359375 0.409375
0 0.79296875 0.2328125 0.2171875 0.353125
2 0.2609375 0.96015625 0.196875 0.0796875
2 0.296875 0.76015625 0.125 0.2609375
2 0.090625 0.76015625 0.18125 0.2109375
2 0.08203125 0.771875 0.1640625 0.20625
2 0.33046875 0.51484375 0.0578125 0.2109375
2 0.1234375 0.52734375 0.246875 0.2015625
2 0.06328125 0.54140625 0.1265625 0.2015625
2 0.071875 0.44921875 0.14375 0.0796875
2 0.15390625 0.4453125 0.3078125 0.071875
2 0.03359375 0.5140625 0.0671875 0.209375
0 0.53828125 0.78125 0.09375 0.1765625
0 0.63125 0.84609375 0.071875 0.1234375
0 0.8203125 0.95234375 0.078125 0.0953125
0 0.95 0.77734375 0.1 0.1265625
0 0.6203125 0.975 0.11875 0.05