1 0.26953125 0.3 0.5390625 0.6
2 0.56796875 0.0296875 0.0578125 0.059375
2 0.634375 0.046875 0.190625 0.09375
2 0.88828125 0.07109375 0.2234375 0.1421875
2 0.81328125 0.365625 0.1671875 0.46875
2 0.628125 0.3078125 0.178125 0.209375
2 0.63125 0.5484375 0.184375 0.103125
2 0.0265625 0.79921875 0.053125 0.3984375
2 0.034375 0.8 0.06875 0.4
2 0.07109375 0.79140625 0.0703125 0.3828125
2 0.23828125 0.79609375 0.1796875 0.3921875
2 0.428125 0.796875 0.115625 0.39375
2 0.46640625 0.67421875 0.1453125 0.1484375
2 0.28125 0.675 0.246875 0.15
2 0.06328125 0.6796875 0.1265625 0.159375
2 0.05078125 0.6765625 0.1015625 0.153125
2 0.3421875 0.62890625 0.39375 0.0578125
2 0.06953125 0.625 0.1390625 0.05
3 0.66328125 0.83671875 0.2484375 0.3265625