1 0.13828125 0.1546875 0.2765625 0.309375
1 0.33984375 0.1546875 0.3515625 0.309375
1 0.46640625 0.1546875 0.1265625 0.309375
1 0.1140625 0.1546875 0.228125 0.309375
1 0.1296875 0.06484375 0.234375 0.1296875
1 0.3203125 0.0671875 0.25 0.134375
1 0.453125 0.065625 0.153125 0.13125
1 0.06953125 0.0765625 0.1390625 0.153125
4 0.58046875 0.0484375 0.1015625 0.096875
5 0.3390625 0.65078125 0.165625 0.1515625
5 0.48046875 0.62578125 0.0984375 0.1109375
5 0.49765625 0.32890625 0.0640625 0.0390625
5 0.36953125 0.32890625 0.1671875 0.0390625
5 0.209375 0.3203125 0.1125 0.021875
5 0.0875 0.49609375 0.084375 0.3734375
5 0.1484375 0.66640625 0.209375 0.0859375
1 0.76484375 0.6546875 0.4703125 0.690625