1 0.0484375 0.38984375 0.096875 0.1390625
1 0.13359375 0.38671875 0.2671875 0.1453125
1 0.2859375 0.371875 0.409375 0.175
1 0.07734375 0.27734375 0.1546875 0.2296875
1 0.13359375 0.24375 0.2671875 0.190625
1 0.34296875 0.29921875 0.3015625 0.2984375
1 0.06171875 0.13046875 0.1234375 0.1578125
1 0.14375 0.13671875 0.2375 0.1265625
5 0.6109375 0.0703125 0.084375 0.140625
5 0.74375 0.153125 0.203125 0.1859375
5 0.94296875 0.290625 0.1140625 0.15
0 0.53984375 0.803125 0.0578125 0.1625
0 0.32734375 0.7453125 0.1875 0.1828125
0 0.05625 0.68125 0.1125 0.2
0 0.365625 0.584375 0.3296875 0.140625
0 0.16015625 0.9109375 0.26875 0.1296875
0 0.02734375 0.85390625 0.0546875 0.1765625