2 0.875 0.04140625 0.184375 0.0828125
2 0.89375 0.2875 0.19375 0.3171875
2 0.71640625 0.2890625 0.1328125 0.36875
2 0.88984375 0.58828125 0.1921875 0.2609375
2 0.7140625 0.6 0.128125 0.2375
2 0.66640625 0.2796875 0.0328125 0.365625
2 0.66640625 0.60625 0.0328125 0.225
2 0.7140625 0.0421875 0.128125 0.084375
2 0.42578125 0.8828125 0.1734375 0.234375
2 0.13828125 0.846875 0.2765625 0.209375
2 0.0359375 0.86171875 0.071875 0.1953125
2 0.12421875 0.74609375 0.2109375 0.0546875
2 0.52734375 0.75234375 0.2453125 0.0671875
5 0.96328125 0.96171875 0.0640625 0.0765625
5 0.67109375 0.93984375 0.0421875 0.1203125
5 0.7328125 0.88359375 0.165625 0.0859375
5 0.91796875 0.86171875 0.1203125 0.0890625
5 0.8640625 0.9625 0.084375 0.075
5 0.72421875 0.990625 0.1484375 0.01875
5 0.83359375 0.86015625 0.0375 0.10625