1 0.1046875 0.03203125 0.209375 0.0640625
1 0.321875 0.040625 0.353125 0.08125
1 0.3515625 0.040625 0.334375 0.08125
1 0.35390625 0.0453125 0.3296875 0.090625
1 0.3609375 0.07265625 0.315625 0.1453125
1 0.3734375 0.1640625 0.290625 0.290625
1 0.240625 0.19609375 0.48125 0.2265625
1 0.14921875 0.1140625 0.2984375 0.228125
1 0.1203125 0.0625 0.240625 0.125
1 0.10703125 0.04921875 0.2140625 0.0984375
1 0.759375 0.1546875 0.48125 0.309375
2 0.45234375 0.8953125 0.1328125 0.209375
2 0.11640625 0.91171875 0.2328125 0.1578125
2 0.2453125 0.64765625 0.490625 0.0578125
2 0.41640625 0.5140625 0.2046875 0.025
2 0.20078125 0.525 0.190625 0.0171875
2 0.73203125 0.49375 0.29375 0.1203125
2 0.55234375 0.69765625 0.0671875 0.2484375