1 0.08515625 0.4328125 0.1703125 0.153125
1 0.10625 0.4265625 0.2125 0.165625
1 0.05546875 0.32578125 0.1109375 0.1671875
1 0.484375 0.47109375 0.1 0.0765625
1 0.50078125 0.39609375 0.153125 0.1140625
1 0.61484375 0.3921875 0.1546875 0.1328125
1 0.7 0.3953125 0.115625 0.1203125
1 0.69296875 0.465625 0.1390625 0.0875
1 0.484375 0.46875 0.121875 0.08125
1 0.403125 0.46875 0.0875 0.08125
1 0.41640625 0.390625 0.1140625 0.146875
1 0.41875 0.3109375 0.11875 0.115625
1 0.4296875 0.2234375 0.140625 0.103125
1 0.5171875 0.23671875 0.153125 0.1625
1 0.53125 0.15234375 0.1453125 0.10625
1 0.640625 0.1546875 0.1609375 0.1015625
1 0.7234375 0.15234375 0.121875 0.0984375
1 0.86015625 0.21953125 0.1203125 0.1078125
1 0.85234375 0.30390625 0.1265625 0.109375
1 0.8640625 0.39765625 0.1625 0.125
1 0.85546875 0.46484375 0.1484375 0.0890625
1 0.38359375 0.02734375 0.0484375 0.0546875
1 0.40234375 0.03046875 0.0859375 0.0609375
1 0.46328125 0.0359375 0.1203125 0.071875
1 0.56171875 0.02734375 0.1171875 0.0546875
1 0.38984375 0.3921875 0.0609375 0.103125
1 0.709375 0.73125 0.58125 0.203125
1 0.7390625 0.615625 0.521875 0.2125
1 0.7609375 0.928125 0.478125 0.14375