1 0.34453125 0.18984375 0.6890625 0.3796875
2 0.90078125 0.22109375 0.1984375 0.3171875
2 0.84453125 0.05546875 0.3109375 0.1109375
2 0.60625 0.73046875 0.165625 0.2609375
2 0.3515625 0.72265625 0.2671875 0.278125
2 0.32890625 0.4671875 0.2265625 0.175
2 0.6046875 0.50390625 0.16875 0.1859375
2 0.490625 0.40703125 0.21875 0.0546875
2 0.39140625 0.4203125 0.2078125 0.08125
2 0.5203125 0.95234375 0.3375 0.0953125
5 0.89453125 0.9421875 0.1171875 0.115625
5 0.7375 0.925 0.096875 0.15
5 0.71328125 0.775 0.0484375 0.13125
5 0.69453125 0.51796875 0.0109375 0.1203125
5 0.76484375 0.44296875 0.1515625 0.1265625
5 0.71953125 0.44296875 0.0609375 0.1265625
5 0.915625 0.4109375 0.109375 0.0625