1 0.13125 0.2265625 0.2625 0.2875
1 0.1 0.15390625 0.2 0.2640625
1 0.0734375 0.11640625 0.146875 0.2328125
1 0.07734375 0.1 0.1546875 0.2
1 0.225 0.45859375 0.45 0.2015625
1 0.225 0.403125 0.45 0.3125
1 0.23671875 0.31171875 0.4265625 0.2984375
1 0.21640625 0.22421875 0.375 0.265625
1 0.278125 0.1890625 0.34375 0.234375
5 0.93046875 0.36484375 0.1390625 0.0921875
5 0.75234375 0.37421875 0.2015625 0.125
5 0.53359375 0.34765625 0.1671875 0.0890625
5 0.584375 0.51953125 0.171875 0.0796875
5 0.4953125 0.5234375 0.090625 0.071875
5 0.825 0.484375 0.13125 0.1
5 0.95 0.49140625 0.1 0.1109375
5 0.7171875 0.5203125 0.06875 0.078125
5 0.70390625 0.3640625 0.30625 0.0734375
5 0.46953125 0.41171875 0.0390625 0.1109375
0 0.1625 0.71875 0.165625 0.1828125
5 0.63984375 0.89765625 0.2046875 0.146875
5 0.865625 0.925 0.21875 0.15
5 0.52734375 0.9859375 0.0984375 0.028125
5 0.6265625 0.8796875 0.2265625 0.1453125
5 0.49765625 0.97265625 0.0953125 0.0546875
5 0.478125 0.878125 0.05625 0.05625
5 0.46484375 0.90078125 0.0296875 0.0421875
5 0.49609375 0.9078125 0.046875 0.0671875
5 0.50703125 0.8 0.0953125 0.028125