1 0.22734375 0.41640625 0.2421875 0.0859375
1 0.44609375 0.42265625 0.2171875 0.0734375
1 0.13984375 0.30234375 0.1703125 0.153125
1 0.271875 0.33359375 0.165625 0.19375
1 0.41015625 0.3515625 0.1578125 0.1703125
1 0.52734375 0.36796875 0.1453125 0.1734375
1 0.15390625 0.11796875 0.128125 0.103125
0 0.75703125 0.0125 0.1234375 0.025
0 0.75703125 0.0109375 0.1328125 0.021875
0 0.83515625 0.215625 0.1453125 0.1078125
0 0.79765625 0.4375 0.1671875 0.04375
0 0.98359375 0.1609375 0.0328125 0.115625
1 0.3046875 0.7296875 0.590625 0.540625
1 0.45078125 0.7296875 0.2984375 0.540625
0 0.665625 0.91328125 0.13125 0.1734375
0 0.8875 0.9140625 0.225 0.171875