2 0.15703125 0.1234375 0.29375 0.1203125
2 0.03359375 0.32734375 0.0671875 0.2484375
5 0.946875 0.0421875 0.10625 0.084375
5 0.7484375 0.03515625 0.20625 0.0703125
5 0.525 0.02890625 0.171875 0.0578125
5 0.48359375 0.1765625 0.0890625 0.109375
5 0.51015625 0.03359375 0.1421875 0.0671875
5 0.58984375 0.27109375 0.3015625 0.1203125
5 0.87265625 0.25546875 0.2546875 0.1390625
5 0.92109375 0.42265625 0.1578125 0.0734375
5 0.5 0.4140625 0.121875 0.090625
5 0.7 0.4375 0.18125 0.04375
5 0.46171875 0.42890625 0.0453125 0.0609375
5 0.46953125 0.09453125 0.0609375 0.0890625
5 0.46640625 0.34296875 0.0546875 0.1390625
1 0.1953125 0.8765625 0.390625 0.246875
1 0.321875 0.8140625 0.234375 0.275
1 0.12109375 0.80703125 0.2421875 0.3140625
1 0.1328125 0.72578125 0.265625 0.2359375
1 0.2859375 0.640625 0.25 0.1671875
1 0.3765625 0.5953125 0.125 0.159375
1 0.05703125 0.72265625 0.1140625 0.2609375
1 0.07890625 0.653125 0.1578125 0.15625
1 0.1 0.603125 0.2 0.134375
1 0.2140625 0.55625 0.1828125 0.1109375
1 0.32734375 0.51640625 0.1734375 0.1140625
1 0.39453125 0.5 0.0890625 0.06875
1 0.065625 0.5734375 0.13125 0.06875
1 0.0546875 0.540625 0.109375 0.078125
1 0.08125 0.52421875 0.1625 0.0703125
1 0.11796875 0.4828125 0.0015625 0.0078125
1 0.134375 0.47734375 0.11875 0.0359375
1 0.065625 0.484375 0.13125 0.05
2 0.68046875 0.934375 0.35625 0.078125
2 0.490625 0.771875 0.103125 0.184375
2 0.65859375 0.80234375 0.140625 0.1109375