1 0.73203125 0.03203125 0.3765625 0.0640625
1 0.928125 0.040625 0.14375 0.08125
1 0.76484375 0.2765625 0.4703125 0.40625
1 0.76484375 0.109375 0.4703125 0.21875
1 0.740625 0.0625 0.421875 0.125
1 0.7265625 0.04921875 0.39375 0.0984375
5 0.19921875 0.88984375 0.0859375 0.1203125
5 0.36796875 0.83359375 0.18125 0.0859375
5 0.51484375 0.8109375 0.0296875 0.0875
5 0.496875 0.934375 0.065625 0.11875
5 0.353125 0.965625 0.175 0.06875
5 0.47578125 0.81015625 0.0375 0.10625
2 0.5953125 0.8296875 0.13125 0.340625
2 0.78203125 0.82109375 0.4359375 0.3578125
2 0.765625 0.5796875 0.371875 0.2
2 0.6140625 0.571875 0.16875 0.184375
2 0.74765625 0.525 0.2640625 0.090625
2 0.5875 0.52734375 0.115625 0.0953125
2 0.54765625 0.52890625 0.0359375 0.0984375
2 0.76484375 0.48671875 0.4703125 0.0140625