2 0.15 0.10703125 0.240625 0.2140625
2 0.41875 0.3140625 0.196875 0.13125
2 0.3859375 0.04765625 0.190625 0.0953125
2 0.0609375 0.18984375 0.121875 0.3796875
2 0.15703125 0.3078125 0.2953125 0.14375
2 0.54140625 0.11640625 0.0765625 0.2328125
2 0.09140625 0.06953125 0.1828125 0.1390625
2 0.31328125 0.06171875 0.3671875 0.1234375
3 0.41640625 0.690625 0.290625 0.375
0 0.90625 0.9671875 0.075 0.065625
0 0.65390625 0.953125 0.0625 0.0890625
0 0.96328125 0.78125 0.0734375 0.09375
0 0.75234375 0.87421875 0.1515625 0.1