2 0.00625 0.04765625 0.0125 0.0328125
2 0.0109375 0.04765625 0.021875 0.0359375
2 0.0078125 0.04453125 0.015625 0.0328125
2 0.00625 0.04375 0.0125 0.034375
2 0.00546875 0.0359375 0.0109375 0.028125
2 0.0078125 0.01640625 0.015625 0.0265625
2 0.01484375 0.01328125 0.0296875 0.0203125
2 0.01171875 0.0109375 0.0234375 0.01875
2 0.0078125 0.0171875 0.015625 0.034375
2 0.01171875 0.0078125 0.0234375 0.015625
2 0.0125 0.00703125 0.025 0.0140625
2 0.009375 0.00625 0.01875 0.0125
2 0.00234375 0.0046875 0.0046875 0.009375
2 0.0125 0.00625 0.025 0.0125
2 0.01171875 0.00703125 0.0234375 0.0140625
0 0.0078125 0.41328125 0.015625 0.0265625
0 0.009375 0.51328125 0.01875 0.0453125
0 0.0078125 0.459375 0.015625 0.04375
0 0.003125 0.52734375 0.00625 0.0390625
0 0.003125 0.53203125 0.00625 0.0328125
0 0.00390625 0.40859375 0.0078125 0.0171875
0 0.00390625 0.4234375 0.0078125 0.021875
0 0.00546875 0.4765625 0.0109375 0.028125
0 0.01015625 0.52578125 0.0203125 0.0234375
0 0.0046875 0.4109375 0.009375 0.021875
0 0.00703125 0.42890625 0.0140625 0.0484375
0 0.003125 0.5734375 0.00625 0.040625
0 0.0078125 0.57109375 0.015625 0.0328125
0 0.00703125 0.53125 0.0140625 0.025
0 0.00859375 0.4765625 0.0171875 0.0375
1 0.53671875 0.63515625 0.1734375 0.0828125
1 0.56953125 0.6078125 0.2390625 0.06875
1 0.66875 0.66015625 0.28125 0.103125
1 0.725 0.8859375 0.55 0.228125
1 0.9265625 0.86015625 0.146875 0.2796875
1 0.63359375 0.82421875 0.3671875 0.2765625
1 0.81015625 0.74296875 0.3796875 0.1953125
1 0.8640625 0.6234375 0.271875 0.11875
1 0.9625 0.6734375 0.075 0.125