2 0.29140625 0.02734375 0.2765625 0.0546875
2 0.1390625 0.0359375 0.278125 0.071875
2 0.35 0.1546875 0.2 0.0875
2 0.121875 0.1421875 0.24375 0.11875
5 0.38984375 0.453125 0.1203125 0.134375
5 0.14609375 0.403125 0.2921875 0.20625
5 0.37421875 0.3453125 0.1515625 0.090625
5 0.1921875 0.875 0.384375 0.25
5 0.06953125 0.77265625 0.1390625 0.4546875
5 0.059375 0.3171875 0.11875 0.034375
2 0.8875 0.7578125 0.1671875 0.165625
2 0.66484375 0.76875 0.15625 0.1796875
2 0.4640625 0.7671875 0.028125 0.171875
2 0.88828125 0.61171875 0.13125 0.0671875
2 0.728125 0.61484375 0.103125 0.0859375
2 0.553125 0.6234375 0.0609375 0.0625
2 0.46640625 0.58984375 0.0328125 0.1109375
2 0.74765625 0.5546875 0.3421875 0.0453125