2 0.3109375 0.5015625 0.496875 0.075
2 0.33671875 0.35546875 0.4453125 0.0921875
2 0.09375 0.3875 0.1875 0.15
3 0.84921875 0.18046875 0.3015625 0.3609375
1 0.2796875 0.76953125 0.559375 0.4609375
5 0.98125 0.61640625 0.0375 0.1546875
5 0.81015625 0.63125 0.1671875 0.1453125
5 0.73046875 0.85234375 0.2171875 0.175
5 0.653125 0.94453125 0.1875 0.1109375
5 0.59453125 0.9015625 0.0703125 0.1125
5 0.66015625 0.9734375 0.2015625 0.053125
5 0.76015625 0.71796875 0.1546875 0.1140625
5 0.9234375 0.65078125 0.125 0.1328125