2 0.0609375 0.084375 0.121875 0.16875
2 0.28515625 0.071875 0.2515625 0.14375
2 0.5203125 0.06875 0.178125 0.1375
2 0.4984375 0.10546875 0.175 0.2109375
2 0.20703125 0.13359375 0.2796875 0.2671875
2 0.45546875 0.321875 0.2328125 0.075
2 0.15703125 0.321875 0.3015625 0.075
1 0.8046875 0.24765625 0.390625 0.2234375
1 0.821875 0.12109375 0.35625 0.2421875
1 0.7875 0.115625 0.35625 0.23125
3 0.04140625 0.846875 0.0828125 0.30625
3 0.21484375 0.4953125 0.2984375 0.271875
3 0.51484375 0.92578125 0.1890625 0.1484375
3 0.0328125 0.48984375 0.065625 0.2609375
3 0.19453125 0.8640625 0.090625 0.1828125
4 0.89453125 0.475 0.2109375 0.23125