2 0.22265625 0.396875 0.2015625 0.384375
2 0.48828125 0.4734375 0.1609375 0.23125
2 0.08203125 0.3390625 0.1640625 0.16875
2 0.09375 0.11015625 0.1875 0.0859375
2 0.45859375 0.2515625 0.2203125 0.16875
2 0.05234375 0.8828125 0.1046875 0.234375
2 0.0515625 0.70625 0.103125 0.221875
2 0.06796875 0.66015625 0.0921875 0.1421875
2 0.1609375 0.6359375 0.125 0.09375
0 0.6359375 0.96953125 0.075 0.0609375
0 0.90546875 0.7140625 0.0734375 0.090625
0 0.6890625 0.67734375 0.0640625 0.0515625
0 0.62734375 0.784375 0.0859375 0.0859375
0 0.72890625 0.9765625 0.0421875 0.046875
0 0.803125 0.6046875 0.0875 0.03125
0 0.7296875 0.6046875 0.046875 0.03125
0 0.7546875 0.7546875 0.0296875 0.0453125
0 0.5859375 0.609375 0.034375 0.040625
0 0.95703125 0.60703125 0.0859375 0.0359375
0 0.72421875 0.60546875 0.0328125 0.0328125
0 0.64765625 0.603125 0.0546875 0.028125
0 0.59140625 0.86640625 0.0453125 0.0921875