5 0.71796875 0.46015625 0.0984375 0.0984375
5 0.8875 0.453125 0.2015625 0.109375
5 0.78984375 0.26015625 0.2421875 0.0765625
5 0.69765625 0.0984375 0.0578125 0.109375
5 0.68671875 0.0421875 0.0359375 0.084375
5 0.71015625 0.03046875 0.0828125 0.0609375
5 0.6984375 0.23515625 0.059375 0.1046875
5 0.70546875 0.4390625 0.0734375 0.121875
5 0.709375 0.39140625 0.08125 0.2359375
5 0.7359375 0.0390625 0.134375 0.078125
5 0.909375 0.04375 0.18125 0.0875
5 0.93046875 0.12734375 0.1390625 0.2171875
5 0.77734375 0.02421875 0.0828125 0.0484375
5 0.69375 0.1484375 0.05 0.215625
0 0.18046875 0.89453125 0.20625 0.175
0 0.4875 0.6625 0.3625 0.25
0 0.2390625 0.52734375 0.19375 0.0359375
0 0.4578125 0.5296875 0.2875 0.040625
2 0.77109375 0.921875 0.2046875 0.15625