2 0.2796875 0.3890625 0.359375 0.1515625
2 0.0609375 0.37421875 0.121875 0.1109375
2 0.625 0.15234375 0.071875 0.3046875
2 0.71953125 0.06640625 0.1828125 0.1328125
2 0.90390625 0.0390625 0.1671875 0.078125
2 0.93515625 0.4078125 0.1296875 0.184375
2 0.88359375 0.221875 0.1328125 0.15
2 0.76328125 0.396875 0.121875 0.1859375
2 0.9015625 0.07109375 0.125 0.1421875
4 0.0609375 0.7484375 0.121875 0.25
4 0.1640625 0.78046875 0.1984375 0.2953125
4 0.66171875 0.8265625 0.10625 0.134375
4 0.67890625 0.59921875 0.0859375 0.1234375
4 0.75 0.53046875 0.10625 0.0609375
4 0.8765625 0.51640625 0.059375 0.0328125
4 0.965625 0.51953125 0.06875 0.0390625
4 0.6046875 0.5578125 0.03125 0.10625