2 0.04375 0.30390625 0.0875 0.2203125
2 0.1734375 0.3953125 0.128125 0.146875
2 0.3140625 0.44609375 0.11875 0.0453125
2 0.10546875 0.2328125 0.115625 0.140625
2 0.03828125 0.08359375 0.0765625 0.1671875
2 0.80078125 0.428125 0.1890625 0.08125
2 0.615625 0.42890625 0.13125 0.0796875
2 0.87421875 0.3125 0.0953125 0.1046875
2 0.91484375 0.18984375 0.1625 0.13125
2 0.76328125 0.221875 0.10625 0.1125
2 0.76015625 0.34921875 0.1171875 0.075
2 0.64296875 0.27265625 0.109375 0.065625
2 0.60859375 0.35546875 0.1171875 0.0609375
2 0.56953125 0.2921875 0.0390625 0.059375
2 0.5625 0.37734375 0.025 0.0484375
3 0.090625 0.6546875 0.18125 0.1875
3 0.0734375 0.8453125 0.146875 0.16875
0 0.59296875 0.953125 0.0859375 0.090625
0 0.58125 0.85546875 0.0625 0.0609375
0 0.81171875 0.6515625 0.08125 0.0828125
0 0.93984375 0.84296875 0.1203125 0.1171875
0 0.55859375 0.4875 0.0171875 0.0375
0 0.57890625 0.48984375 0.0578125 0.0421875
0 0.91171875 0.50546875 0.0578125 0.0734375
0 0.79296875 0.50078125 0.0671875 0.0640625
0 0.77890625 0.48671875 0.0828125 0.0359375
0 0.56171875 0.63359375 0.0234375 0.0640625
0 0.56328125 0.60078125 0.0265625 0.1078125
0 0.58671875 0.7796875 0.0734375 0.065625
0 0.559375 0.5859375 0.01875 0.05625
0 0.76640625 0.83828125 0.1328125 0.071875
0 0.95625 0.68828125 0.0640625 0.090625