2 0.078125 0.39296875 0.15625 0.1515625
2 0.04296875 0.21328125 0.0859375 0.1859375
2 0.03984375 0.059375 0.0796875 0.11875
2 0.03203125 0.146875 0.0640625 0.2
0 0.7625 0.2640625 0.1375 0.2109375
0 0.86953125 0.44765625 0.0546875 0.0421875
0 0.8171875 0.05078125 0.109375 0.1015625
0 0.92109375 0.25546875 0.0625 0.1484375
0 0.94609375 0.0828125 0.071875 0.0984375
0 0.45546875 0.45703125 0.0640625 0.0234375
0 0.42109375 0.06484375 0.06875 0.090625
0 0.68984375 0.0640625 0.0515625 0.096875
1 0.11484375 0.734375 0.2296875 0.53125
2 0.90078125 0.8890625 0.1859375 0.221875
2 0.30625 0.81328125 0.153125 0.2703125