2 0.05078125 0.31796875 0.1015625 0.1390625
2 0.34375 0.4078125 0.1359375 0.334375
2 0.75703125 0.4796875 0.3953125 0.2
2 0.7015625 0.325 0.284375 0.10625
2 0.66875 0.2171875 0.21875 0.11875
2 0.659375 0.134375 0.2 0.090625
5 0.26484375 0.80859375 0.09375 0.059375
5 0.43046875 0.96640625 0.0984375 0.0671875
5 0.5 0.65703125 0.0640625 0.0515625
5 0.4015625 0.66484375 0.0953125 0.053125
5 0.22421875 0.65546875 0.090625 0.0390625
5 0.06953125 0.65859375 0.075 0.03125
5 0.49453125 0.7546875 0.1203125 0.0390625
3 0.9765625 0.684375 0.046875 0.140625