2 0.46484375 0.51015625 0.1296875 0.2171875
2 0.25 0.38046875 0.1609375 0.1625
2 0.4390625 0.2609375 0.1140625 0.1265625
2 0.06328125 0.11875 0.1265625 0.153125
2 0.215625 0.10078125 0.1875 0.0921875
2 0.4296875 0.15625 0.0671875 0.05
5 0.9265625 0.23828125 0.146875 0.0859375
5 0.9140625 0.146875 0.171875 0.078125
5 0.7078125 0.22109375 0.2015625 0.15625
5 0.753125 0.34609375 0.0984375 0.103125
5 0.56796875 0.2671875 0.0765625 0.2375
5 0.85625 0.05546875 0.18125 0.0984375
5 0.66484375 0.09375 0.184375 0.1046875
1 0.43984375 0.92421875 0.1796875 0.1359375
1 0.275 0.94296875 0.3 0.1140625
1 0.38671875 0.8171875 0.228125 0.128125
4 0.73359375 0.671875 0.0625 0.0921875
4 0.87421875 0.65078125 0.0859375 0.0640625
4 0.940625 0.97734375 0.078125 0.0453125
4 0.77734375 0.84453125 0.06875 0.0921875