0 0.88203125 0.03046875 0.1203125 0.0609375
0 0.75703125 0.0234375 0.0640625 0.046875
0 0.52421875 0.0796875 0.0703125 0.159375
0 0.54375 0.39921875 0.1 0.0859375
0 0.5015625 0.303125 0.025 0.06875
0 0.88515625 0.0234375 0.0984375 0.046875
0 0.97734375 0.01171875 0.0453125 0.0234375
0 0.92734375 0.028125 0.0390625 0.05625
0 0.7890625 0.01796875 0.0375 0.0359375
0 0.753125 0.0171875 0.053125 0.034375
0 0.61640625 0.01484375 0.0640625 0.0296875
0 0.74375 0.0140625 0.03125 0.028125
5 0.04765625 0.52890625 0.0953125 0.0390625
5 0.16328125 0.525 0.1578125 0.03125
5 0.04921875 0.5578125 0.0984375 0.0875
5 0.18359375 0.571875 0.1875 0.0828125
5 0.10546875 0.68515625 0.0796875 0.1015625
5 0.1078125 0.796875 0.1078125 0.078125
5 0.0421875 0.7640625 0.084375 0.109375
5 0.03828125 0.66171875 0.0765625 0.0890625
5 0.0234375 0.52265625 0.046875 0.0265625
5 0.01796875 0.55546875 0.0359375 0.0390625
5 0.04765625 0.7046875 0.0953125 0.046875
5 0.01484375 0.57109375 0.0296875 0.0578125
5 0.33125 0.52109375 0.140625 0.0234375
5 0.415625 0.759375 0.140625 0.1375
5 0.36328125 0.61484375 0.1140625 0.1171875
5 0.25 0.7515625 0.1421875 0.153125
5 0.0203125 0.78984375 0.040625 0.1453125
5 0.04609375 0.6875 0.0921875 0.059375
5 0.03515625 0.51953125 0.0703125 0.0203125
5 0.4578125 0.6203125 0.0453125 0.1125
0 0.9859375 0.55546875 0.028125 0.0890625
0 0.91796875 0.60546875 0.0796875 0.065625