2 0.06953125 0.14453125 0.1390625 0.1609375
2 0.128125 0.33671875 0.25625 0.1671875
2 0.11875 0.53046875 0.2375 0.1390625
2 0.3609375 0.525 0.171875 0.15
2 0.52890625 0.3828125 0.23125 0.1765625
2 0.7265625 0.3515625 0.084375 0.1375
2 0.5984375 0.5578125 0.109375 0.084375
2 0.528125 0.14609375 0.2609375 0.234375
2 0.22890625 0.16328125 0.165625 0.1546875
2 0.7203125 0.1984375 0.096875 0.128125
2 0.32265625 0.35546875 0.115625 0.15625
4 0.884375 0.1234375 0.23125 0.23125
4 0.884375 0.36640625 0.23125 0.2484375
3 0.396875 0.88671875 0.290625 0.2265625
5 0.9515625 0.915625 0.096875 0.16875
5 0.9515625 0.84296875 0.096875 0.1328125
5 0.81953125 0.884375 0.1015625 0.23125
5 0.81015625 0.80234375 0.0828125 0.2359375
5 0.88203125 0.6921875 0.1375 0.175
5 0.82734375 0.95 0.1171875 0.1