2 0.1328125 0.0546875 0.265625 0.109375
2 0.03359375 0.25390625 0.0671875 0.2484375
2 0.690625 0.18046875 0.1625 0.2109375
2 0.84765625 0.0375 0.1640625 0.075
2 0.88046875 0.02265625 0.2390625 0.0453125
2 0.65703125 0.05390625 0.0953125 0.1078125
2 0.68203125 0.0203125 0.1453125 0.040625
2 0.64140625 0.109375 0.0640625 0.21875
0 0.5234375 0.625 0.0609375 0.0953125
0 0.5453125 0.47890625 0.109375 0.0390625
0 0.33359375 0.48671875 0.0796875 0.0546875
0 0.07734375 0.48125 0.1546875 0.04375
0 0.01328125 0.584375 0.0265625 0.0625
0 0.02265625 0.49375 0.0453125 0.06875
0 0.02265625 0.56015625 0.0453125 0.1578125
0 0.47578125 0.76953125 0.0328125 0.1140625
1 0.703125 0.5578125 0.1875 0.196875
1 0.7984375 0.7875 0.378125 0.425
1 0.8875 0.5625 0.225 0.20625
1 0.671875 0.50390625 0.125 0.0890625
1 0.67578125 0.50390625 0.1328125 0.0890625
1 0.81484375 0.50234375 0.2296875 0.0859375
1 0.9375 0.503125 0.125 0.0875