2 0.328125 0.0890625 0.14375 0.178125
2 0.04921875 0.18359375 0.0984375 0.1484375
2 0.1671875 0.2640625 0.290625 0.090625
1 0.45859375 0.2734375 0.1171875 0.071875
1 0.53359375 0.26484375 0.1515625 0.0890625
1 0.5484375 0.21796875 0.1453125 0.10625
1 0.6578125 0.2203125 0.1609375 0.1015625
1 0.740625 0.21796875 0.121875 0.0984375
1 0.87734375 0.2703125 0.1203125 0.078125
1 0.42421875 0.08828125 0.0484375 0.0640625
1 0.43203125 0.08359375 0.0640625 0.0859375
1 0.48125 0.08828125 0.1203125 0.0984375
1 0.5796875 0.08125 0.1171875 0.08125
3 0.371875 0.5234375 0.05625 0.290625
3 0.0796875 0.425 0.1015625 0.1703125
2 0.64296875 0.83125 0.46875 0.2296875
2 0.45546875 0.9453125 0.1109375 0.109375