2 0.4828125 0.2625 0.2046875 0.1125
2 0.515625 0.146875 0.1671875 0.0671875
2 0.5296875 0.0625 0.159375 0.05
2 0.25625 0.26171875 0.1234375 0.0890625
2 0.32421875 0.16640625 0.1109375 0.0703125
2 0.3640625 0.0875 0.1140625 0.0421875
2 0.071875 0.2765625 0.096875 0.040625
1 0.7953125 0.65078125 0.128125 0.0984375
1 0.88984375 0.65625 0.1390625 0.0875
1 0.73203125 0.67578125 0.1609375 0.0484375
1 0.9125 0.228125 0.1625 0.1125
1 0.95859375 0.2546875 0.0828125 0.134375
1 0.81171875 0.396875 0.3765625 0.215625
1 0.6390625 0.6109375 0.059375 0.125
1 0.65390625 0.4921875 0.0890625 0.11875
1 0.82578125 0.396875 0.140625 0.1125
1 0.709375 0.85 0.2 0.3
1 0.72890625 0.9203125 0.2390625 0.159375