2 0.31171875 0.78046875 0.253125 0.41875
2 0.609375 0.784375 0.3046875 0.4265625
2 0.88984375 0.78671875 0.21875 0.4265625
2 0.40859375 0.3484375 0.228125 0.3828125
2 0.64921875 0.3578125 0.23125 0.3953125
2 0.82421875 0.35859375 0.090625 0.3546875
2 0.90703125 0.46328125 0.0609375 0.209375
2 0.13828125 0.39140625 0.0921875 0.4203125
2 0.2109375 0.30390625 0.0515625 0.2796875
2 0.03984375 0.3921875 0.0796875 0.428125
2 0.5578125 0.08203125 0.4375 0.1546875
2 0.1484375 0.06875 0.2828125 0.1375
2 0.08203125 0.825 0.1546875 0.3140625