2 0.36328125 0.565625 0.2109375 0.0875
2 0.303125 0.35390625 0.33125 0.2453125
2 0.1015625 0.43984375 0.203125 0.3390625
2 0.1859375 0.56953125 0.115625 0.0796875
5 0.48515625 0.009375 0.0328125 0.01875
5 0.47734375 0.01015625 0.0171875 0.0203125
5 0.484375 0.01171875 0.03125 0.0234375
5 0.4859375 0.025 0.034375 0.05
5 0.4765625 0.08828125 0.015625 0.1359375
5 0.4828125 0.1984375 0.028125 0.115625
5 0.4828125 0.3109375 0.028125 0.134375
2 0.03046875 0.95078125 0.0609375 0.0984375
2 0.02578125 0.88125 0.0515625 0.1
2 0.01796875 0.69453125 0.0359375 0.1421875
2 0.015625 0.74609375 0.03125 0.1359375
2 0.02734375 0.62578125 0.0546875 0.0328125
2 0.2703125 0.80390625 0.1109375 0.146875
2 0.12578125 0.65390625 0.0859375 0.0890625
2 0.04765625 0.6390625 0.0953125 0.059375
2 0.015625 0.6390625 0.03125 0.059375
5 0.92421875 0.64453125 0.1515625 0.0703125
5 0.70078125 0.6515625 0.2203125 0.084375
5 0.54140625 0.6984375 0.1453125 0.103125
5 0.5453125 0.95234375 0.153125 0.0953125
5 0.74296875 0.9625 0.2015625 0.075