2 0.05078125 0.0171875 0.1015625 0.034375
2 0.059375 0.059375 0.11875 0.0625
2 0.07265625 0.140625 0.1453125 0.078125
2 0.0875 0.24296875 0.175 0.0734375
1 0.9140625 0.240625 0.171875 0.078125
1 0.240625 0.85078125 0.184375 0.1484375
1 0.3609375 0.84921875 0.078125 0.1421875
1 0.07265625 0.94140625 0.1453125 0.1171875
1 0.075 0.95390625 0.15 0.0921875
1 0.07578125 0.67890625 0.1515625 0.1484375
1 0.175 0.70625 0.1359375 0.1375
1 0.28984375 0.628125 0.1140625 0.1296875
1 0.34921875 0.66875 0.1 0.1296875
1 0.05859375 0.55 0.1171875 0.1125
1 0.1125 0.52265625 0.2171875 0.125
1 0.2609375 0.50625 0.21875 0.121875
1 0.33515625 0.49453125 0.1296875 0.1078125
1 0.3296875 0.60078125 0.140625 0.2234375
1 0.05078125 0.49140625 0.1015625 0.0953125
1 0.04765625 0.46953125 0.0953125 0.1078125
1 0.13046875 0.465625 0.1875 0.0984375
4 0.60625 0.30234375 0.0625 0.0453125
4 0.74765625 0.31171875 0.0859375 0.0640625
4 0.95 0.30234375 0.0625 0.0453125
4 0.97734375 0.29765625 0.0453125 0.0359375
4 0.95859375 0.64609375 0.0828125 0.0984375
4 0.8140625 0.60390625 0.078125 0.1765625
4 0.65078125 0.40546875 0.06875 0.0921875
4 0.6671875 0.9015625 0.109375 0.1578125