2 0.26484375 0.3125 0.1390625 0.2453125
2 0.128125 0.1015625 0.25625 0.125
5 0.67421875 0.05546875 0.1484375 0.06875
5 0.8859375 0.0265625 0.228125 0.053125
5 0.78125 0.13125 0.3890625 0.134375
5 0.6375 0.34296875 0.5015625 0.315625
0 0.8953125 0.9203125 0.0765625 0.08125
0 0.9546875 0.88125 0.034375 0.0484375
0 0.57109375 0.87265625 0.0703125 0.1484375
0 0.72421875 0.853125 0.0484375 0.05
0 0.69921875 0.959375 0.0453125 0.0578125
0 0.8046875 0.72109375 0.0421875 0.04375
0 0.7546875 0.61015625 0.0375 0.0203125
0 0.63203125 0.621875 0.0671875 0.04375
0 0.5328125 0.65 0.0328125 0.0671875
0 0.47265625 0.69765625 0.0578125 0.05
0 0.40234375 0.62265625 0.0453125 0.0453125
0 0.39140625 0.61484375 0.0234375 0.0296875
0 0.40625 0.621875 0.053125 0.04375
0 0.4203125 0.6140625 0.040625 0.028125
0 0.8609375 0.6234375 0.0625 0.046875
0 0.9484375 0.62578125 0.028125 0.0515625
0 0.9921875 0.628125 0.015625 0.05625