5 0.91328125 0.2578125 0.1734375 0.125
5 0.67109375 0.2328125 0.2421875 0.090625
5 0.759375 0.42109375 0.171875 0.1140625
5 0.58203125 0.42265625 0.1453125 0.1015625
5 0.9671875 0.36875 0.065625 0.1
5 0.71484375 0.5234375 0.1203125 0.0953125
5 0.56875 0.5296875 0.11875 0.090625
5 0.8921875 0.425 0.06875 0.11875
5 0.8625 0.24765625 0.275 0.0734375
5 0.53125 0.29609375 0.04375 0.1109375
5 0.14609375 0.83984375 0.2046875 0.146875
5 0.37265625 0.8703125 0.21875 0.1546875
5 0.3109375 0.96171875 0.190625 0.0765625
5 0.04140625 0.95625 0.0828125 0.084375
5 0.1328125 0.821875 0.2265625 0.1453125
5 0.04765625 0.9546875 0.0953125 0.084375
5 0.04765625 0.94375 0.0953125 0.1125
5 0.028125 0.8203125 0.05625 0.05625
5 0.01484375 0.84296875 0.0296875 0.0421875
5 0.0125 0.84921875 0.025 0.0671875
5 0.03046875 0.74140625 0.0609375 0.0296875
2 0.7546875 0.83125 0.490625 0.325
2 0.62421875 0.72421875 0.2296875 0.1109375
2 0.7375 0.70703125 0.28125 0.0765625
2 0.828125 0.7125 0.196875 0.0875