2 0.30390625 0.3671875 0.2296875 0.365625
5 0.93515625 0.02890625 0.1296875 0.0578125
5 0.815625 0.02890625 0.1 0.0578125
5 0.6984375 0.02109375 0.090625 0.0421875
5 0.709375 0.0328125 0.103125 0.065625
5 0.778125 0.0828125 0.09375 0.1109375
5 0.928125 0.29140625 0.14375 0.1390625
5 0.84765625 0.14609375 0.103125 0.1625
5 0.58984375 0.0234375 0.0921875 0.046875
5 0.4921875 0.025 0.090625 0.05
2 0.3828125 0.71015625 0.071875 0.2453125
2 0.2015625 0.70546875 0.403125 0.3109375
2 0.05546875 0.86796875 0.1109375 0.2234375
0 0.4515625 0.8734375 0.065625 0.2375
0 0.43515625 0.5828125 0.0328125 0.065625
0 0.440625 0.73359375 0.04375 0.0671875
0 0.43515625 0.67265625 0.0328125 0.0609375
0 0.44609375 0.77421875 0.053125 0.0921875
0 0.56875 0.6609375 0.040625 0.090625
0 0.4390625 0.56484375 0.040625 0.0296875
0 0.4390625 0.57109375 0.040625 0.0421875
0 0.43671875 0.56875 0.0359375 0.0375
0 0.44140625 0.57265625 0.0453125 0.0453125
0 0.43359375 0.72734375 0.0296875 0.1734375
0 0.43515625 0.8953125 0.0328125 0.121875
0 0.7265625 0.85390625 0.065625 0.0734375
0 0.77265625 0.64140625 0.03125 0.1015625
0 0.55859375 0.7796875 0.0578125 0.0875