2 0.02890625 0.30703125 0.0578125 0.1640625
2 0.0390625 0.3109375 0.078125 0.15625
2 0.0609375 0.2984375 0.121875 0.18125
2 0.21953125 0.30078125 0.1140625 0.1765625
2 0.2078125 0.09375 0.1375 0.1875
2 0.04921875 0.1125 0.0984375 0.184375
2 0.0375 0.0953125 0.075 0.190625
2 0.03515625 0.10390625 0.0703125 0.2046875
2 0.02578125 0.028125 0.0515625 0.05625
2 0.0375 0.03203125 0.075 0.0640625
2 0.18984375 0.02734375 0.1546875 0.0546875
2 0.02890625 0.03046875 0.0578125 0.0609375
2 0.01171875 0.03203125 0.0234375 0.0640625
2 0.0390625 0.028125 0.078125 0.05625
2 0.04765625 0.01953125 0.0953125 0.0390625
2 0.18203125 0.01796875 0.1734375 0.0359375
2 0.18046875 0.02265625 0.1890625 0.0453125
2 0.16875 0.01875 0.215625 0.0375
2 0.05625 0.0203125 0.1125 0.040625
2 0.0703125 0.02734375 0.140625 0.0546875
2 0.0296875 0.02578125 0.059375 0.0515625
0 0.65625 0.259375 0.034375 0.109375
0 0.6515625 0.1890625 0.025 0.1
0 0.66171875 0.203125 0.0453125 0.1125
5 0.6546875 0.8640625 0.03125 0.215625
5 0.72109375 0.9390625 0.1109375 0.121875
5 0.87578125 0.9546875 0.1796875 0.090625
5 0.6703125 0.928125 0.0625 0.103125
5 0.66171875 0.75234375 0.0453125 0.1515625
5 0.815625 0.47265625 0.146875 0.1671875
5 0.6765625 0.64765625 0.075 0.1734375
5 0.9359375 0.4171875 0.128125 0.05625