2 0.4515625 0.1328125 0.315625 0.153125
2 0.44453125 0.340625 0.31875 0.196875
2 0.43125 0.48515625 0.278125 0.1125
2 0.1015625 0.40234375 0.203125 0.1265625
2 0.1484375 0.28203125 0.2296875 0.1109375
2 0.22265625 0.171875 0.0859375 0.0859375
2 0.58203125 0.0359375 0.0546875 0.071875
0 0.346875 0.95234375 0.0765625 0.0484375
0 0.3703125 0.9890625 0.090625 0.021875
0 0.01328125 0.86953125 0.0265625 0.0765625
0 0.01484375 0.828125 0.0296875 0.053125
0 0.40390625 0.81953125 0.1109375 0.08125
0 0.22734375 0.796875 0.0859375 0.0796875
0 0.58984375 0.78046875 0.0390625 0.0453125
1 0.64140625 0.65078125 0.0640625 0.0421875
1 0.64765625 0.6734375 0.0765625 0.078125
1 0.64375 0.7265625 0.06875 0.090625
1 0.659375 0.840625 0.1 0.18125
1 0.66640625 0.921875 0.1140625 0.15625
1 0.65546875 0.89765625 0.0921875 0.1234375
1 0.659375 0.90234375 0.1 0.1234375
1 0.65390625 0.75390625 0.0890625 0.1265625
1 0.6296875 0.646875 0.040625 0.034375
1 0.64609375 0.65 0.0734375 0.040625
1 0.66484375 0.6859375 0.1109375 0.1125
1 0.6671875 0.8203125 0.115625 0.134375
1 0.69765625 0.8484375 0.16875 0.115625
1 0.71328125 0.96953125 0.2078125 0.0609375