2 0.2578125 0.26796875 0.1953125 0.159375
2 0.50546875 0.259375 0.1671875 0.134375
2 0.05 0.26328125 0.1 0.1515625
2 0.028125 0.25859375 0.05625 0.1640625
2 0.3296875 0.1171875 0.1421875 0.071875
2 0.52578125 0.11796875 0.1046875 0.0703125
2 0.13046875 0.12109375 0.1609375 0.0890625
2 0.0328125 0.11875 0.065625 0.075
2 0.01796875 0.125 0.0359375 0.06875
1 0.79453125 0.06015625 0.4109375 0.1203125
1 0.80390625 0.2 0.3921875 0.4
1 0.29453125 0.8828125 0.5890625 0.234375
1 0.340625 0.72890625 0.4515625 0.1515625
1 0.525 0.72578125 0.128125 0.1578125
2 0.67890625 0.5046875 0.1484375 0.209375
2 0.8421875 0.63359375 0.140625 0.4671875
2 0.9671875 0.63046875 0.065625 0.4484375
2 0.67109375 0.73984375 0.1328125 0.234375