2 0.00234375 0.00625 0.0046875 0.0125
2 0.003125 0.00703125 0.00625 0.0140625
2 0.009375 0.00703125 0.01875 0.0140625
2 0.00859375 0.00703125 0.0171875 0.0140625
2 0.0078125 0.00546875 0.015625 0.0109375
2 0.00625 0.00234375 0.0125 0.0046875
2 0.56796875 0.3578125 0.1359375 0.14375
2 0.775 0.353125 0.45 0.153125
2 0.75859375 0.1828125 0.3875 0.209375
2 0.58828125 0.18046875 0.1765625 0.1921875
2 0.740625 0.04296875 0.275 0.0859375
2 0.56015625 0.04609375 0.1203125 0.0921875
2 0.51875 0.0453125 0.0375 0.090625
2 0.75 0.00390625 0.5 0.0078125
0 0.0265625 0.43359375 0.034375 0.0078125
0 0.07734375 0.43671875 0.0359375 0.0140625
0 0.06171875 0.4328125 0.0453125 0.00625
0 0.16015625 0.434375 0.0265625 0.009375
0 0.10234375 0.4328125 0.0265625 0.00625
0 0.0421875 0.434375 0.046875 0.009375
0 0.01328125 0.434375 0.0265625 0.009375
0 0.01171875 0.4328125 0.0234375 0.00625
0 0.009375 0.43359375 0.01875 0.0078125
0 0.0265625 0.43359375 0.025 0.0078125
0 0.07109375 0.4328125 0.0296875 0.00625
0 0.1078125 0.4328125 0.034375 0.00625
0 0.11640625 0.43515625 0.0328125 0.0109375
0 0.159375 0.43359375 0.03125 0.0078125
0 0.00859375 0.4328125 0.0171875 0.00625
2 0.56953125 0.46953125 0.1390625 0.0796875
2 0.596875 0.49609375 0.19375 0.1328125
2 0.59375 0.69375 0.1875 0.18125
2 0.5515625 0.675 0.103125 0.165625
2 0.68515625 0.525 0.23125 0.1765625
2 0.9203125 0.49609375 0.159375 0.1328125
2 0.7546875 0.740625 0.109375 0.165625
2 0.89453125 0.928125 0.2109375 0.14375
2 0.68359375 0.4875 0.2609375 0.115625
2 0.54140625 0.46796875 0.0828125 0.0765625
2 0.8953125 0.46171875 0.134375 0.0640625
2 0.528125 0.50234375 0.05625 0.1453125