2 0.38984375 0.5953125 0.1609375 0.1765625
2 0.58828125 0.6265625 0.1796875 0.2296875
2 0.34296875 0.77890625 0.06875 0.0625
2 0.53125 0.86640625 0.23125 0.246875
2 0.6296875 0.40234375 0.1953125 0.159375
2 0.896875 0.39453125 0.20625 0.134375
2 0.37734375 0.3984375 0.1921875 0.153125
2 0.096875 0.39375 0.1140625 0.1640625
2 0.31171875 0.89453125 0.184375 0.178125
2 0.7015625 0.2515625 0.1421875 0.071875
2 0.89765625 0.25234375 0.1046875 0.0703125
2 0.50234375 0.25546875 0.1609375 0.0890625
2 0.31953125 0.253125 0.13125 0.075
2 0.12734375 0.26015625 0.0734375 0.0703125