2 0.20234375 0.32265625 0.0921875 0.2921875
2 0.08671875 0.4109375 0.1234375 0.115625
2 0.1203125 0.2921875 0.046875 0.128125
2 0.0546875 0.20859375 0.078125 0.15
2 0.14140625 0.1234375 0.0609375 0.0875
2 0.190625 0.0375 0.090625 0.075
2 0.09609375 0.028125 0.0546875 0.05625
2 0.015625 0.109375 0.03125 0.0875
2 0.0265625 0.01875 0.053125 0.0375
2 0.015625 0.32421875 0.03125 0.0796875
2 0.6328125 0.29375 0.10625 0.1625
2 0.62109375 0.14609375 0.0828125 0.0421875
1 0.03359375 0.58671875 0.0671875 0.2359375
2 0.8296875 0.8703125 0.109375 0.259375
2 0.6859375 0.8765625 0.15 0.246875
2 0.94609375 0.871875 0.1078125 0.25625
2 0.61484375 0.87265625 0.0703125 0.2546875