2 0.46796875 0.40859375 0.1859375 0.2828125
2 0.04296875 0.30234375 0.0859375 0.2703125
0 0.22109375 0.59140625 0.2890625 0.0828125
0 0.2578125 0.7609375 0.3265625 0.121875
0 0.67890625 0.80703125 0.1203125 0.1859375
0 0.334375 0.60234375 0.340625 0.1046875
0 0.6359375 0.61796875 0.2 0.1359375
0 0.04765625 0.6390625 0.0953125 0.178125
0 0.065625 0.93984375 0.13125 0.1203125
5 0.74453125 0.9453125 0.0109375 0.109375
5 0.89921875 0.79609375 0.2015625 0.2546875
5 0.76953125 0.6515625 0.0609375 0.203125