2 0.35546875 0.03828125 0.1390625 0.0765625
2 0.43046875 0.190625 0.1390625 0.23125
2 0.50234375 0.03828125 0.1234375 0.0765625
2 0.5734375 0.18203125 0.0921875 0.1765625
2 0.671875 0.040625 0.05625 0.08125
2 0.68671875 0.18984375 0.0265625 0.1296875
2 0.60546875 0.03671875 0.0671875 0.0734375
2 0.1859375 0.06875 0.2125 0.1375
2 0.04140625 0.0640625 0.0828125 0.128125
2 0.009375 0.05 0.01875 0.0875
1 0.85 0.2046875 0.3 0.409375
2 0.2921875 0.79765625 0.246875 0.3515625
2 0.628125 0.7609375 0.14375 0.290625
2 0.6296875 0.54453125 0.140625 0.1203125
2 0.64375 0.4546875 0.1125 0.040625
2 0.46171875 0.52578125 0.146875 0.175
2 0.48515625 0.8234375 0.128125 0.3359375
2 0.04921875 0.56328125 0.0890625 0.125
2 0.203125 0.45078125 0.296875 0.0828125
2 0.071875 0.815625 0.14375 0.25
0 0.71484375 0.975 0.0296875 0.05
0 0.715625 0.978125 0.03125 0.028125