2 0.178125 0.221875 0.228125 0.375
2 0.41875 0.2234375 0.23125 0.371875
2 0.57890625 0.234375 0.0609375 0.35
2 0.02265625 0.234375 0.0453125 0.35
2 0.0125 0.18203125 0.025 0.2796875
2 0.01953125 0.2328125 0.0390625 0.353125
2 0.328125 0.03828125 0.4375 0.0765625
2 0.0703125 0.034375 0.140625 0.06875
0 0.715625 0.3765625 0.103125 0.065625
0 0.65625 0.3796875 0.09375 0.059375
1 0.18671875 0.71640625 0.3734375 0.4140625
1 0.43515625 0.725 0.3484375 0.415625
1 0.5546875 0.753125 0.109375 0.428125
1 0.4328125 0.9296875 0.353125 0.140625
1 0.16796875 0.93125 0.3359375 0.1375
1 0.175 0.728125 0.3 0.428125
1 0.2265625 0.484375 0.234375 0.15
1 0.4171875 0.490625 0.25 0.1625
1 0.54140625 0.49296875 0.1359375 0.1671875
1 0.09296875 0.5109375 0.1859375 0.203125
5 0.93125 0.6140625 0.1375 0.15625
5 0.8984375 0.971875 0.096875 0.05625
5 0.6921875 0.91796875 0.1234375 0.15
5 0.64609375 0.89140625 0.0734375 0.0953125
5 0.77109375 0.5734375 0.1296875 0.109375
5 0.6625 0.54609375 0.10625 0.1421875
5 0.62890625 0.5390625 0.0390625 0.178125
5 0.7 0.70546875 0.18125 0.0828125