2 0.1328125 0.9109375 0.10625 0.178125
2 0.2875 0.9109375 0.1234375 0.171875
2 0.4328125 0.915625 0.115625 0.1640625
2 0.59140625 0.9140625 0.128125 0.1609375
2 0.73828125 0.909375 0.1046875 0.18125
2 0.90078125 0.91796875 0.128125 0.1640625
2 0.85078125 0.7125 0.153125 0.2296875
2 0.6125 0.7 0.2046875 0.2
2 0.3734375 0.69609375 0.196875 0.2109375
2 0.13125 0.69140625 0.2046875 0.2140625
2 0.8890625 0.4875 0.121875 0.184375
2 0.65390625 0.421875 0.221875 0.0515625
2 0.67890625 0.5296875 0.190625 0.096875
2 0.3875 0.41640625 0.284375 0.059375
2 0.1171875 0.4265625 0.2078125 0.0578125
2 0.39140625 0.53125 0.2515625 0.1
2 0.8359375 0.3171875 0.221875 0.121875
2 0.578125 0.27421875 0.2109375 0.15625
2 0.36328125 0.2640625 0.1140625 0.1859375
2 0.209375 0.25859375 0.1125 0.20625
2 0.05625 0.1890625 0.1109375 0.128125
2 0.9359375 0.19609375 0.1234375 0.0875
2 0.7515625 0.18671875 0.090625 0.08125