2 0.03125 0.140625 0.0625 0.1
2 0.01953125 0.071875 0.0390625 0.0375
2 0.0140625 0.03359375 0.028125 0.0421875
2 0.01953125 0.01015625 0.0390625 0.0203125
0 0.00546875 0.44453125 0.0109375 0.0296875
0 0.0046875 0.42421875 0.009375 0.0328125
0 0.003125 0.42421875 0.00625 0.0171875
0 0.00546875 0.42421875 0.0109375 0.0234375
0 0.0046875 0.40234375 0.009375 0.0046875
0 0.003125 0.40703125 0.00625 0.0140625
0 0.00859375 0.403125 0.0171875 0.00625
0 0.003125 0.41328125 0.00625 0.0078125
0 0.00234375 0.44375 0.0046875 0.015625
0 0.00234375 0.45078125 0.0046875 0.0078125
0 0.00390625 0.4453125 0.0078125 0.009375
0 0.00390625 0.403125 0.0078125 0.00625
1 0.8609375 0.5078125 0.278125 0.215625
1 0.76484375 0.79765625 0.4703125 0.4046875
1 0.64375 0.7046875 0.228125 0.425