2 0.021875 0.39375 0.04375 0.071875
2 0.08046875 0.37734375 0.1609375 0.1046875
2 0.26796875 0.2859375 0.24375 0.125
2 0.56875 0.2078125 0.18125 0.23125
2 0.50234375 0.40859375 0.2015625 0.0421875
5 0.590625 0.62421875 0.090625 0.0828125
5 0.46171875 0.6390625 0.1140625 0.078125
5 0.36015625 0.6328125 0.078125 0.1234375
5 0.265625 0.64765625 0.096875 0.0609375
5 0.16328125 0.6640625 0.078125 0.0890625
5 0.065625 0.66875 0.0875 0.08125
5 0.01484375 0.75859375 0.0296875 0.0828125
0 0.953125 0.83203125 0.09375 0.0890625
0 0.67734375 0.8359375 0.0359375 0.153125
0 0.6875 0.534375 0.05625 0.090625
0 0.675 0.496875 0.03125 0.053125
0 0.68046875 0.60390625 0.0421875 0.0859375
0 0.66953125 0.815625 0.0203125 0.084375
0 0.903125 0.72578125 0.0609375 0.0828125
0 0.84765625 0.6703125 0.0421875 0.0625
0 0.88359375 0.43671875 0.0703125 0.0140625
0 0.9015625 0.44140625 0.075 0.0234375
0 0.68125 0.44375 0.04375 0.028125
0 0.6703125 0.4453125 0.021875 0.03125
0 0.66640625 0.57421875 0.0140625 0.0453125
0 0.6765625 0.45 0.034375 0.040625
0 0.6828125 0.97890625 0.046875 0.0421875
0 0.8328125 0.496875 0.11875 0.0546875
0 0.73125 0.44765625 0.0875 0.0359375
0 0.6671875 0.44609375 0.015625 0.0328125
0 0.67265625 0.43671875 0.0265625 0.0140625
0 0.68515625 0.95390625 0.0515625 0.0921875
0 0.7 0.8890625 0.08125 0.1125
0 0.68203125 0.68671875 0.0453125 0.0921875