2 0.115625 0.22890625 0.23125 0.2421875
2 0.37265625 0.28203125 0.1921875 0.2140625
5 0.50859375 0.29296875 0.0796875 0.1609375
1 0.38671875 0.89140625 0.1640625 0.2171875
1 0.440625 0.69921875 0.05625 0.1984375
1 0.4265625 0.6171875 0.084375 0.121875
1 0.2203125 0.88046875 0.3171875 0.1921875
5 0.971875 0.95625 0.05625 0.0875
5 0.56953125 0.92890625 0.0859375 0.1203125
5 0.73828125 0.87265625 0.18125 0.0859375
5 0.93046875 0.85078125 0.1203125 0.0890625
5 0.8765625 0.95703125 0.084375 0.0859375
5 0.7234375 0.98515625 0.175 0.0296875
5 0.84609375 0.84921875 0.0375 0.10625