2 0.41796875 0.32578125 0.2421875 0.1609375
2 0.5109375 0.1265625 0.05625 0.184375
1 0.6390625 0.4296875 0.2 0.478125
1 0.67421875 0.50078125 0.2703125 0.3359375
0 0.94765625 0.95078125 0.0890625 0.0984375
0 0.5609375 0.90703125 0.04375 0.1734375
0 0.87578125 0.81875 0.1078125 0.140625
0 0.79453125 0.9609375 0.1703125 0.078125
0 0.83828125 0.69296875 0.0734375 0.0484375
0 0.7734375 0.684375 0.078125 0.03125
0 0.678125 0.7125 0.025 0.0875
0 0.57734375 0.78515625 0.0765625 0.1390625
0 0.60625 0.7515625 0.134375 0.1
0 0.61015625 0.9109375 0.1015625 0.178125
0 0.5671875 0.93984375 0.05625 0.1203125