2 0.115625 0.41015625 0.171875 0.1171875
2 0.3546875 0.353125 0.165625 0.0875
2 0.51015625 0.34296875 0.1125 0.1640625
0 0.640625 0.4171875 0.08125 0.103125
0 0.6296875 0.39140625 0.059375 0.1359375
0 0.64375 0.41875 0.0875 0.1
0 0.75625 0.42578125 0.125 0.0859375
0 0.8890625 0.18203125 0.221875 0.1296875
0 0.65078125 0.14296875 0.1015625 0.1015625
0 0.64375 0.02734375 0.0875 0.0546875
0 0.63125 0.15625 0.0625 0.1125
0 0.625 0.22265625 0.05 0.1671875
0 0.62265625 0.42265625 0.0453125 0.0921875
0 0.67265625 0.284375 0.1453125 0.13125
0 0.28828125 0.58984375 0.1171875 0.153125
0 0.178125 0.5734375 0.078125 0.1015625
0 0.2703125 0.49296875 0.075 0.0484375
0 0.40078125 0.4921875 0.0484375 0.046875
0 0.56171875 0.515625 0.0765625 0.09375
0 0.565625 0.5046875 0.06875 0.071875
0 0.56953125 0.88203125 0.0609375 0.0953125
0 0.0234375 0.94296875 0.046875 0.1140625
0 0.028125 0.609375 0.05625 0.15625
0 0.02734375 0.87734375 0.0546875 0.1203125
0 0.06484375 0.51015625 0.1296875 0.0828125
0 0.36953125 0.490625 0.0921875 0.04375
0 0.43203125 0.515625 0.0921875 0.09375
3 0.93046875 0.75546875 0.1359375 0.140625