2 0.08359375 0.24609375 0.1671875 0.1453125
2 0.0390625 0.24765625 0.078125 0.1421875
2 0.0140625 0.24921875 0.028125 0.1390625
2 0.23515625 0.1140625 0.1296875 0.040625
2 0.08515625 0.11015625 0.13125 0.06875
2 0.02578125 0.1125 0.0515625 0.084375
2 0.01484375 0.121875 0.0296875 0.0625
2 0.01640625 0.08828125 0.0328125 0.1109375
2 0.08515625 0.05234375 0.1703125 0.0453125
2 0.2296875 0.04609375 0.140625 0.0359375
2 0.34921875 0.06875 0.0984375 0.1375
2 0.53984375 0.06171875 0.3140625 0.1234375
2 0.71875 0.18203125 0.228125 0.246875
2 0.5921875 0.06328125 0.253125 0.1265625
2 0.86171875 0.07890625 0.2703125 0.1578125
3 0.034375 0.76953125 0.06875 0.4609375
3 0.7078125 0.4953125 0.2546875 0.3140625
3 0.33828125 0.7671875 0.0765625 0.465625
3 0.68984375 0.96953125 0.0828125 0.0609375
3 0.76875 0.959375 0.075 0.0671875
3 0.81875 0.896875 0.084375 0.0296875
3 0.8609375 0.9375 0.09375 0.03125
3 0.89140625 0.9796875 0.1015625 0.040625
3 0.57109375 0.94609375 0.1015625 0.1078125