2 0.03359375 0.059375 0.0671875 0.11875
2 0.034375 0.040625 0.06875 0.08125
2 0.12890625 0.0390625 0.2578125 0.078125
2 0.34375 0.078125 0.13125 0.15625
2 0.35078125 0.2546875 0.1171875 0.36875
2 0.1375 0.196875 0.275 0.39375
2 0.06875 0.21953125 0.1375 0.4390625
4 0.8015625 0.375 0.396875 0.128125
2 0.365625 0.77578125 0.0875 0.3078125
2 0.10625 0.81328125 0.2125 0.3734375
2 0.084375 0.81953125 0.16875 0.3609375
2 0.315625 0.54296875 0.1875 0.1734375
2 0.0703125 0.55234375 0.140625 0.1828125
2 0.0578125 0.55703125 0.115625 0.1921875
2 0.01796875 0.5546875 0.0359375 0.196875
2 0.2046875 0.44609375 0.409375 0.0140625