2 0.1015625 0.43671875 0.203125 0.3046875
2 0.3171875 0.484375 0.275 0.209375
2 0.084375 0.17109375 0.16875 0.1984375
2 0.2578125 0.26328125 0.2 0.1328125
2 0.21796875 0.0890625 0.2265625 0.178125
2 0.07578125 0.03984375 0.1515625 0.0796875
5 0.61015625 0.01875 0.1015625 0.0375
5 0.59765625 0.02109375 0.0765625 0.0421875
5 0.72109375 0.0234375 0.1328125 0.046875
5 0.89140625 0.0328125 0.1484375 0.065625
5 0.92890625 0.24296875 0.11875 0.2375
5 0.81640625 0.46171875 0.1234375 0.2546875
0 0.4 0.9578125 0.11875 0.084375
0 0.4078125 0.640625 0.0875 0.103125
0 0.17109375 0.6171875 0.0921875 0.05625
0 0.121875 0.8328125 0.2375 0.2109375
0 0.0546875 0.98515625 0.109375 0.0296875
0 0.528125 0.65 0.0625 0.10625
5 0.93671875 0.62109375 0.1265625 0.0640625
5 0.8234375 0.60859375 0.075 0.0390625
5 0.740625 0.60625 0.090625 0.034375
5 0.66484375 0.60546875 0.0890625 0.0328125
5 0.6125 0.60625 0.10625 0.034375
5 0.72109375 0.65625 0.0953125 0.134375
5 0.9421875 0.8484375 0.10625 0.11875
5 0.86953125 0.7734375 0.0703125 0.1015625
5 0.80625 0.71640625 0.0703125 0.0890625
5 0.8671875 0.88671875 0.215625 0.2265625
5 0.69375 0.7078125 0.1671875 0.1828125