2 0.42578125 0.078125 0.2203125 0.15625
2 0.1640625 0.0859375 0.19375 0.171875
2 0.13828125 0.13671875 0.2171875 0.196875
2 0.0921875 0.07578125 0.184375 0.1515625
2 0.08203125 0.13125 0.1640625 0.190625
5 0.6421875 0.36484375 0.025 0.1015625
5 0.7390625 0.31875 0.0546875 0.0609375
5 0.79375 0.3015625 0.0484375 0.0890625
5 0.8515625 0.30859375 0.0515625 0.071875
5 0.92421875 0.2890625 0.075 0.0640625
2 0.078125 0.86953125 0.15625 0.1171875
2 0.3609375 0.94453125 0.2328125 0.0765625
2 0.56640625 0.934375 0.1265625 0.13125
2 0.18203125 0.7203125 0.196875 0.1484375
2 0.3921875 0.78828125 0.1328125 0.1609375
2 0.053125 0.64453125 0.10625 0.0796875
2 0.05546875 0.740625 0.1109375 0.078125
2 0.03828125 0.67578125 0.0765625 0.0484375
2 0.02578125 0.84140625 0.0515625 0.1296875
5 0.6875 0.6125 0.115625 0.025
5 0.85 0.621875 0.3 0.04375
5 0.759375 0.66171875 0.259375 0.1234375
5 0.70703125 0.87109375 0.1546875 0.2296875