2 0.1703125 0.42109375 0.14375 0.0171875
2 0.23125 0.31796875 0.103125 0.1
2 0.34296875 0.35390625 0.090625 0.0953125
2 0.2640625 0.25078125 0.1546875 0.046875
2 0.428125 0.18828125 0.18125 0.0828125
2 0.27421875 0.17734375 0.0890625 0.084375
1 0.759375 0.21484375 0.48125 0.4296875
1 0.68203125 0.21484375 0.3265625 0.4296875
0 0.17421875 0.90546875 0.075 0.153125
0 0.44296875 0.603125 0.0734375 0.090625
0 0.2265625 0.56640625 0.0640625 0.053125
0 0.16484375 0.6734375 0.0859375 0.0875
0 0.26640625 0.884375 0.0421875 0.084375
0 0.34140625 0.48203125 0.0875 0.05625
0 0.2671875 0.4453125 0.046875 0.03125
0 0.2921875 0.64375 0.0296875 0.0453125
0 0.0734375 0.46953125 0.06875 0.0796875
0 0.48515625 0.46015625 0.0671875 0.0609375
0 0.2625 0.46640625 0.034375 0.0671875
0 0.18515625 0.4921875 0.0546875 0.028125
0 0.3046875 0.98828125 0.103125 0.0234375
0 0.4484375 0.95078125 0.1125 0.0984375
0 0.03828125 0.75546875 0.0765625 0.0921875