2 0.475 0.2078125 0.609375 0.415625
2 0.0796875 0.1828125 0.159375 0.365625
2 0.48359375 0.04140625 0.5828125 0.0828125
1 0.88984375 0.28515625 0.2203125 0.3890625
1 0.88984375 0.053125 0.2171875 0.10625
1 0.959375 0.04765625 0.08125 0.0953125
1 0.83125 0.05078125 0.103125 0.1015625
1 0.81015625 0.02421875 0.0609375 0.0484375
1 0.8125 0.025 0.065625 0.05
1 0.878125 0.01875 0.140625 0.0375
4 0.53984375 0.6734375 0.2171875 0.2
4 0.76328125 0.69296875 0.0328125 0.1578125
1 0.9828125 0.946875 0.034375 0.06875
1 0.9296875 0.95234375 0.134375 0.084375
1 0.90625 0.98125 0.153125 0.0375
1 0.9515625 0.6640625 0.096875 0.184375