2 0.44296875 0.50859375 0.2671875 0.1015625
2 0.33984375 0.03046875 0.3828125 0.0609375
2 0.36015625 0.15546875 0.3421875 0.3109375
2 0.07421875 0.20390625 0.1390625 0.4078125
2 0.359375 0.37421875 0.3484375 0.0734375
2 0.1484375 0.5140625 0.296875 0.090625
2 0.67890625 0.1734375 0.0984375 0.278125
2 0.7078125 0.47890625 0.15625 0.1609375
2 0.7109375 0.1875 0.1625 0.253125
2 0.9 0.38828125 0.2 0.3171875
1 0.434375 0.9140625 0.375 0.171875
1 0.1375 0.9078125 0.275 0.184375
1 0.17421875 0.75859375 0.2421875 0.325
1 0.05703125 0.6953125 0.1140625 0.203125
2 0.92109375 0.9234375 0.1578125 0.153125