2 0.04609375 0.0671875 0.0921875 0.134375
2 0.1546875 0.03984375 0.209375 0.0796875
2 0.06796875 0.04765625 0.1359375 0.0953125
2 0.04140625 0.02109375 0.0828125 0.0421875
2 0.05625 0.01953125 0.1125 0.0390625
2 0.04609375 0.03671875 0.0921875 0.0734375
0 0.946875 0.02890625 0.10625 0.0578125
0 0.896875 0.03671875 0.115625 0.0734375
0 0.971875 0.215625 0.05625 0.059375
0 0.33671875 0.26171875 0.0546875 0.0953125
0 0.32578125 0.22890625 0.0328125 0.0734375
0 0.37421875 0.0484375 0.1296875 0.096875
0 0.5875 0.0578125 0.096875 0.115625
0 0.3890625 0.0375 0.159375 0.075
0 0.771875 0.0484375 0.171875 0.096875
0 0.4609375 0.040625 0.14375 0.08125
0 0.9609375 0.034375 0.078125 0.06875
0 0.7875 0.03984375 0.096875 0.0796875
0 0.46875 0.275 0.05625 0.06875
0 0.49296875 0.14375 0.0375 0.0765625
0 0.62265625 0.22578125 0.1296875 0.15
0 0.33671875 0.015625 0.0546875 0.03125
0 0.75 0.01328125 0.109375 0.0265625
4 0.20546875 0.771875 0.2078125 0.45625
0 0.3953125 0.446875 0.15 0.1640625
0 0.475 0.69375 0.2421875 0.1953125
0 0.70703125 0.63125 0.1828125 0.2125
0 0.89140625 0.6671875 0.1359375 0.203125
0 0.9203125 0.91015625 0.1515625 0.1609375
0 0.67578125 0.9515625 0.1921875 0.096875
0 0.42734375 0.890625 0.2359375 0.13125
0 0.3390625 0.76015625 0.059375 0.1765625