2 0.8875 0.590625 0.209375 0.296875
2 0.6671875 0.58984375 0.1828125 0.2671875
2 0.478125 0.54609375 0.128125 0.221875
2 0.315625 0.52578125 0.1375 0.20625
2 0.1234375 0.496875 0.1453125 0.153125
2 0.903125 0.36171875 0.1375 0.090625
2 0.70234375 0.41171875 0.1140625 0.0734375
2 0.57109375 0.378125 0.0734375 0.0828125
2 0.42890625 0.37578125 0.165625 0.1078125
2 0.265625 0.3765625 0.1390625 0.096875
2 0.8765625 0.26484375 0.196875 0.084375
2 0.69609375 0.27265625 0.140625 0.0640625
2 0.5484375 0.2828125 0.0515625 0.0640625
2 0.36640625 0.28515625 0.159375 0.04375