2 0.04375 0.1125 0.0875 0.225
2 0.075 0.43203125 0.15 0.3359375
2 0.13203125 0.04765625 0.1984375 0.0953125
2 0.28671875 0.26484375 0.2765625 0.3421875
2 0.521875 0.23828125 0.165625 0.328125
2 0.30703125 0.05625 0.1015625 0.1125
5 0.98359375 0.290625 0.0328125 0.51875
5 0.871875 0.36484375 0.171875 0.303125
5 0.796875 0.0765625 0.19375 0.134375
5 0.7734375 0.25390625 0.146875 0.1796875
5 0.7484375 0.10078125 0.096875 0.0921875
5 0.73984375 0.259375 0.0796875 0.203125
5 0.85 0.540625 0.3 0.11875
5 0.81171875 0.4609375 0.2234375 0.153125
5 0.71875 0.38828125 0.0375 0.0765625
5 0.7359375 0.18828125 0.071875 0.1734375
5 0.921875 0.03671875 0.15625 0.0734375
5 0.75546875 0.03984375 0.1109375 0.0796875
5 0.740625 0.03984375 0.08125 0.0796875
5 0.75546875 0.03984375 0.1109375 0.0796875
4 0.26640625 0.9765625 0.2296875 0.046875
3 0.82734375 0.6546875 0.2546875 0.109375