2 0.6125 0.12734375 0.053125 0.1578125
2 0.38984375 0.13515625 0.290625 0.1625
2 0.10859375 0.15390625 0.2171875 0.1421875
2 0.046875 0.17109375 0.09375 0.1546875
2 0.9046875 0.2171875 0.190625 0.0875
2 0.77578125 0.10390625 0.259375 0.128125
2 0.88984375 0.3796875 0.2203125 0.14375
5 0.40703125 0.6046875 0.1078125 0.140625
5 0.5046875 0.5890625 0.0578125 0.128125
5 0.28984375 0.61015625 0.0765625 0.078125
5 0.5765625 0.85546875 0.0796875 0.09375
5 0.61015625 0.52265625 0.0578125 0.0671875
5 0.5734375 0.51171875 0.13125 0.0453125
5 0.45078125 0.51640625 0.1390625 0.0546875
5 0.3015625 0.51953125 0.165625 0.0609375
5 0.328125 0.51015625 0.140625 0.0421875
5 0.16328125 0.52578125 0.1484375 0.0734375
5 0.0453125 0.51640625 0.090625 0.0546875
5 0.03828125 0.52421875 0.0765625 0.0703125
5 0.08203125 0.53046875 0.1359375 0.0828125
2 0.90390625 0.61328125 0.1359375 0.2484375
2 0.7234375 0.81484375 0.16875 0.2390625