2 0.365625 0.315625 0.20625 0.171875
2 0.11484375 0.28359375 0.2296875 0.2234375
2 0.0984375 0.075 0.196875 0.15
2 0.3921875 0.07890625 0.153125 0.1578125
2 0.14765625 0.32265625 0.1984375 0.1765625
2 0.8953125 0.4375 0.13125 0.184375
2 0.74296875 0.44765625 0.1390625 0.1640625
2 0.56015625 0.43828125 0.1484375 0.1828125
2 0.98359375 0.278125 0.0328125 0.153125
2 0.83515625 0.26328125 0.1640625 0.1234375
2 0.64375 0.26328125 0.1484375 0.1234375
2 0.5078125 0.253125 0.078125 0.125
2 0.5 0.45078125 0.0625 0.1578125
5 0.015625 0.6265625 0.03125 0.19375
5 0.03125 0.75078125 0.0625 0.2421875
5 0.16171875 0.81953125 0.1796875 0.315625
5 0.35390625 0.884375 0.1328125 0.23125
5 0.446875 0.9328125 0.04375 0.134375
5 0.0421875 0.94609375 0.084375 0.1078125
5 0.03125 0.6796875 0.0625 0.103125
5 0.04921875 0.8203125 0.0984375 0.140625
5 0.04453125 0.95234375 0.0890625 0.0953125
5 0.02265625 0.5671875 0.0453125 0.075
5 0.1015625 0.57890625 0.146875 0.0984375
5 0.0234375 0.57265625 0.046875 0.0859375
5 0.24375 0.5578125 0.171875 0.05625
1 0.734375 0.76484375 0.53125 0.4703125