2 0.7015625 0.5703125 0.0890625 0.225
2 0.8140625 0.5203125 0.0859375 0.0953125
2 0.57109375 0.6546875 0.121875 0.1921875
2 0.41171875 0.78984375 0.1734375 0.15625
2 0.2375 0.8625 0.1171875 0.1078125
2 0.925 0.6703125 0.15 0.1375
2 0.85078125 0.7984375 0.2984375 0.121875
2 0.7765625 0.9296875 0.44375 0.140625
2 0.9609375 0.334375 0.078125 0.13125
2 0.86796875 0.403125 0.09375 0.1125
2 0.83046875 0.2109375 0.0796875 0.0984375
2 0.578125 0.325 0.19375 0.1640625
2 0.6734375 0.2015625 0.134375 0.0671875
2 0.73046875 0.2953125 0.0734375 0.06875
2 0.053125 0.53828125 0.10625 0.175
2 0.0546875 0.76171875 0.109375 0.14375
2 0.1625 0.47265625 0.0953125 0.159375
2 0.478125 0.19921875 0.2109375 0.053125
2 0.21015625 0.2390625 0.1515625 0.1375
2 0.06328125 0.2390625 0.121875 0.1375
2 0.33359375 0.2046875 0.0703125 0.05
2 0.45078125 0.3359375 0.046875 0.125
2 0.490625 0.48046875 0.075 0.08125