2 0.46875 0.2734375 0.140625 0.196875
0 0.95625 0.38125 0.065625 0.05625
0 0.85234375 0.321875 0.040625 0.0515625
0 0.78359375 0.31484375 0.0375 0.078125
0 0.63203125 0.3109375 0.028125 0.075
0 0.54921875 0.29765625 0.0203125 0.0546875
0 0.940625 0.1609375 0.05 0.059375
0 0.98515625 0.265625 0.0296875 0.096875
0 0.64765625 0.12421875 0.0890625 0.078125
0 0.734375 0.02890625 0.065625 0.0578125
2 0.52421875 0.915625 0.0296875 0.128125
2 0.41796875 0.915625 0.1578125 0.1546875
2 0.25390625 0.91171875 0.115625 0.1375
2 0.08046875 0.9046875 0.1546875 0.190625
1 0.70546875 0.71328125 0.3328125 0.5734375