2 0.12265625 0.69375 0.21875 0.184375
2 0.46015625 0.67109375 0.2890625 0.140625
2 0.13203125 0.46796875 0.2640625 0.203125
2 0.4125 0.46953125 0.1921875 0.215625
2 0.696875 0.54375 0.16875 0.2234375
2 0.90546875 0.55625 0.1890625 0.228125
2 0.79375 0.828125 0.16875 0.225
2 0.959375 0.915625 0.08125 0.146875
2 0.671875 0.32109375 0.25625 0.109375
2 0.1515625 0.2984375 0.25 0.1078125
2 0.4046875 0.30859375 0.1453125 0.0890625
2 0.575 0.203125 0.2046875 0.1234375
2 0.79453125 0.221875 0.109375 0.0859375
2 0.2125 0.11875 0.29375 0.1140625
2 0.5484375 0.08671875 0.2421875 0.090625