2 0.2640625 0.5734375 0.153125 0.071875
2 0.46953125 0.2203125 0.0609375 0.090625
5 0.78203125 0.28203125 0.2609375 0.2125
5 0.6125 0.084375 0.215625 0.16875
5 0.95234375 0.315625 0.0953125 0.11875
5 0.559375 0.04609375 0.11875 0.0921875
5 0.46953125 0.63671875 0.0609375 0.0546875
5 0.44375 0.7265625 0.0765625 0.04375
5 0.46640625 0.9265625 0.05625 0.0921875
5 0.41484375 0.89296875 0.05625 0.1375
5 0.3703125 0.88671875 0.075 0.0984375
5 0.30703125 0.88671875 0.0453125 0.04375
5 0.3015625 0.7265625 0.0546875 0.04375
5 0.3875 0.73046875 0.05 0.04375
5 0.40859375 0.6609375 0.0609375 0.0390625
5 0.178125 0.70546875 0.11875 0.0890625
5 0.065625 0.709375 0.0859375 0.0671875
5 0.0484375 0.7953125 0.096875 0.078125
5 0.1265625 0.8078125 0.05625 0.046875
5 0.1953125 0.84453125 0.0234375 0.028125
5 0.2375 0.83828125 0.0234375 0.0328125
5 0.0125 0.73046875 0.025 0.0703125
4 0.86953125 0.84453125 0.2609375 0.3109375
4 0.60078125 0.7171875 0.2015625 0.215625
4 0.890625 0.66171875 0.21875 0.1046875
4 0.5984375 0.9703125 0.196875 0.059375