2 0.0546875 0.03046875 0.109375 0.0609375
2 0.1015625 0.02578125 0.165625 0.0515625
2 0.17265625 0.07265625 0.1640625 0.1453125
2 0.37890625 0.14609375 0.171875 0.103125
1 0.50703125 0.0078125 0.0359375 0.015625
1 0.5109375 0.01328125 0.04375 0.0265625
1 0.50390625 0.01015625 0.0296875 0.0203125
1 0.5125 0.01171875 0.046875 0.0234375
1 0.51640625 0.0171875 0.0546875 0.034375
1 0.51953125 0.0109375 0.0609375 0.021875
1 0.5140625 0.01328125 0.05 0.0265625
1 0.5203125 0.01953125 0.0625 0.0390625
1 0.52890625 0.01328125 0.0796875 0.0265625
1 0.51171875 0.0078125 0.0453125 0.015625
1 0.509375 0.00703125 0.040625 0.0140625
1 0.50859375 0.00703125 0.0390625 0.0140625
1 0.50390625 0.00625 0.0296875 0.0125
1 0.50390625 0.00859375 0.0296875 0.0171875
1 0.50859375 0.00625 0.0390625 0.0125
1 0.534375 0.00625 0.06875 0.0125
1 0.52890625 0.0078125 0.0796875 0.015625
2 0.0875 0.4859375 0.115625 0.0125
2 0.10625 0.4828125 0.09375 0.00625
2 0.2578125 0.4828125 0.121875 0.00625
2 0.23984375 0.48359375 0.1203125 0.0078125
2 0.11796875 0.48203125 0.0953125 0.0046875
2 0.0171875 0.484375 0.034375 0.009375
2 0.01484375 0.48359375 0.0296875 0.0078125
2 0.0265625 0.48203125 0.053125 0.0046875
2 0.01328125 0.48203125 0.0265625 0.0046875
0 0.56015625 0.51796875 0.1421875 0.0765625
0 0.62109375 0.490625 0.0859375 0.021875
0 0.76015625 0.503125 0.1140625 0.046875
0 0.75546875 0.50703125 0.1296875 0.0546875
0 0.590625 0.49765625 0.1125 0.0359375
0 0.94296875 0.5109375 0.1140625 0.0625
0 0.93125 0.49765625 0.10625 0.0359375
0 0.84453125 0.48515625 0.1203125 0.0109375
0 0.97890625 0.6203125 0.0421875 0.13125
0 0.8328125 0.82890625 0.046875 0.128125