2 0.07421875 0.04921875 0.1484375 0.0609375
2 0.07109375 0.10703125 0.1421875 0.0515625
2 0.18046875 0.240625 0.309375 0.1765625
2 0.53359375 0.23203125 0.3296875 0.1515625
2 0.1796875 0.39765625 0.359375 0.0921875
2 0.54765625 0.3765625 0.3234375 0.090625
2 0.059375 0.409375 0.11875 0.10625
2 0.06171875 0.25078125 0.1234375 0.1671875
2 0.16953125 0.115625 0.275 0.0609375
2 0.4875 0.0984375 0.28125 0.0515625
2 0.059375 0.02265625 0.11875 0.0453125
2 0.18359375 0.02421875 0.2484375 0.0484375
2 0.43828125 0.01953125 0.2234375 0.0390625
2 0.6578125 0.021875 0.103125 0.04375
2 0.41875 0.03828125 0.2375 0.0765625
2 0.64296875 0.040625 0.1328125 0.08125
2 0.1734375 0.04453125 0.175 0.0890625
2 0.04140625 0.040625 0.0828125 0.08125
2 0.01875 0.04375 0.0375 0.0875
0 0.95546875 0.56640625 0.0890625 0.0671875
0 0.7390625 0.55390625 0.059375 0.0921875
0 0.8359375 0.01875 0.053125 0.0375
0 0.909375 0.01328125 0.059375 0.0265625
0 0.97109375 0.26796875 0.0578125 0.0984375
0 0.80859375 0.32734375 0.0796875 0.09375
0 0.821875 0.4921875 0.065625 0.0859375
1 0.41015625 0.65234375 0.5984375 0.1046875
1 0.43984375 0.66171875 0.5390625 0.1234375
1 0.46171875 0.8609375 0.4953125 0.265625
1 0.26796875 0.91640625 0.4078125 0.1671875
1 0.7640625 0.91640625 0.109375 0.1515625
1 0.76640625 0.95546875 0.1140625 0.0890625
1 0.77265625 0.90625 0.1265625 0.140625
1 0.8796875 0.90625 0.240625 0.1875
1 0.928125 0.7578125 0.14375 0.1125
1 0.765625 0.7078125 0.1125 0.13125
1 0.75078125 0.63203125 0.0828125 0.0640625
1 0.7484375 0.69765625 0.078125 0.1296875
1 0.75 0.7375 0.08125 0.14375