2 0.184375 0.31015625 0.36875 0.1390625
2 0.278125 0.1453125 0.2078125 0.1515625
2 0.43984375 0.2515625 0.0984375 0.18125
2 0.0765625 0.16953125 0.153125 0.0921875
2 0.04296875 0.0578125 0.0859375 0.115625
2 0.05390625 0.02890625 0.1078125 0.0578125
2 0.23203125 0.02109375 0.1859375 0.0421875
2 0.44140625 0.06171875 0.0953125 0.1234375
2 0.0796875 0.0265625 0.159375 0.053125
2 0.071875 0.03671875 0.14375 0.0734375
2 0.0484375 0.02109375 0.096875 0.0421875
2 0.02265625 0.04765625 0.0453125 0.0953125
1 0.74453125 0.18984375 0.5109375 0.3796875
1 0.24453125 0.68984375 0.4890625 0.6203125
5 0.634375 0.46640625 0.2125 0.1265625
5 0.709375 0.3953125 0.13125 0.03125
5 0.8625 0.39375 0.096875 0.028125
5 0.9515625 0.4953125 0.090625 0.071875
5 0.93984375 0.9375 0.1203125 0.125
5 0.82578125 0.98515625 0.1046875 0.0296875
5 0.59296875 0.959375 0.2078125 0.08125
5 0.5515625 0.4015625 0.125 0.04375
5 0.7234375 0.4125 0.3375 0.065625