2 0.01796875 0.340625 0.0359375 0.11875
2 0.034375 0.2328125 0.06875 0.096875
2 0.13203125 0.18125 0.0625 0.03125
2 0.21484375 0.1265625 0.09375 0.028125
2 0.01875 0.22578125 0.0375 0.0765625
2 0.01171875 0.2640625 0.0234375 0.096875
2 0.79375 0.3296875 0.1671875 0.165625
2 0.7078125 0.33984375 0.078125 0.1796875
2 0.6828125 0.3390625 0.028125 0.171875
2 0.93984375 0.1875 0.1203125 0.040625
2 0.79453125 0.18359375 0.13125 0.06875
2 0.69453125 0.1859375 0.0515625 0.084375
2 0.68359375 0.1953125 0.0296875 0.0625
2 0.68515625 0.16171875 0.0328125 0.1109375
2 0.75390625 0.12578125 0.1703125 0.0453125
2 0.934375 0.11953125 0.13125 0.0359375
3 0.3734375 0.77265625 0.21875 0.2671875