2 0.6921875 0.48203125 0.15 0.0953125
2 0.45390625 0.375 0.2484375 0.2109375
2 0.17578125 0.38359375 0.1953125 0.2921875
2 0.04140625 0.4375 0.0828125 0.184375
2 0.04765625 0.146875 0.0953125 0.25625
2 0.12421875 0.065625 0.1734375 0.13125
2 0.446875 0.1625 0.23125 0.16875
2 0.70390625 0.27109375 0.15 0.2359375
2 0.66015625 0.39765625 0.1078125 0.0890625
5 0.91953125 0.25859375 0.1609375 0.2109375
5 0.96953125 0.3828125 0.0609375 0.11875
5 0.88671875 0.45546875 0.1546875 0.1484375
5 0.83125 0.3140625 0.103125 0.0875
5 0.8 0.41484375 0.040625 0.0921875
5 0.79921875 0.3640625 0.0390625 0.140625
0 0.15859375 0.6453125 0.3171875 0.23125
4 0.815625 0.84921875 0.071875 0.1484375