2 0.10625 0.26953125 0.2125 0.2828125
2 0.378125 0.27578125 0.203125 0.2296875
2 0.08828125 0.05703125 0.1765625 0.1140625
2 0.08046875 0.02109375 0.1546875 0.0421875
3 0.68828125 0.31875 0.1859375 0.1828125
2 0.078125 0.8203125 0.15625 0.128125
2 0.03203125 0.934375 0.0640625 0.13125
2 0.403125 0.91015625 0.153125 0.1796875
2 0.85625 0.9890625 0.2875 0.021875
2 0.6671875 0.8734375 0.278125 0.178125
2 0.52578125 0.83984375 0.0921875 0.1828125
2 0.5140625 0.71640625 0.06875 0.1203125
2 0.50859375 0.9046875 0.0578125 0.140625