2 0.6484375 0.03046875 0.01875 0.0609375
2 0.65078125 0.0203125 0.0234375 0.040625
2 0.65 0.01171875 0.021875 0.0234375
2 0.64375 0.00625 0.009375 0.0125
2 0.65234375 0.01171875 0.0265625 0.0234375
2 0.64609375 0.01171875 0.0140625 0.0234375
2 0.64609375 0.01328125 0.0140625 0.0265625
2 0.64609375 0.01484375 0.0140625 0.0296875
2 0.64765625 0.015625 0.0171875 0.03125
2 0.65078125 0.01328125 0.0234375 0.0265625
2 0.65390625 0.01171875 0.0296875 0.0234375
2 0.64921875 0.0234375 0.0203125 0.046875
2 0.6484375 0.01875 0.01875 0.0375
2 0.64765625 0.0109375 0.0171875 0.021875
2 0.646875 0.0140625 0.015625 0.028125
2 0.653125 0.025 0.028125 0.05
2 0.646875 0.015625 0.015625 0.03125
2 0.07734375 0.71171875 0.1546875 0.2609375
2 0.55859375 0.871875 0.1609375 0.25625
2 0.371875 0.56171875 0.1984375 0.1484375
2 0.440625 0.3859375 0.2875 0.16875
2 0.0390625 0.34921875 0.078125 0.1390625
5 0.96953125 0.3953125 0.0609375 0.23125
5 0.75234375 0.61484375 0.2265625 0.3140625
5 0.70625 0.8125 0.134375 0.375
5 0.77734375 0.303125 0.2765625 0.046875
5 0.68359375 0.3453125 0.0890625 0.13125
5 0.6890625 0.37578125 0.1 0.1484375
5 0.7078125 0.77265625 0.1375 0.2046875
5 0.8796875 0.5859375 0.21875 0.1796875
5 0.965625 0.42578125 0.06875 0.2109375