1 0.90546875 0.16328125 0.1890625 0.3171875
1 0.74140625 0.3703125 0.5171875 0.1375
1 0.60078125 0.31875 0.4578125 0.240625
5 0.0421875 0.4828125 0.084375 0.0875
5 0.0140625 0.4796875 0.028125 0.08125
5 0.040625 0.47734375 0.08125 0.0765625
5 0.14296875 0.45859375 0.1296875 0.0390625
5 0.21328125 0.49375 0.1296875 0.1078125
5 0.24765625 0.596875 0.1296875 0.0859375
5 0.28046875 0.77578125 0.075 0.065625
5 0.025 0.45234375 0.05 0.0265625
1 0.83046875 0.8125 0.3390625 0.375
1 0.8921875 0.68203125 0.215625 0.3890625
1 0.95390625 0.56953125 0.0921875 0.2609375
1 0.57109375 0.56953125 0.4421875 0.2609375
1 0.71875 0.51484375 0.3 0.1515625
1 0.80390625 0.49453125 0.2421875 0.1109375
1 0.86875 0.4859375 0.228125 0.09375
1 0.9140625 0.4828125 0.171875 0.0875