2 0.5546875 0.953125 0.328125 0.0828125
2 0.5953125 0.87890625 0.18125 0.0671875
2 0.3046875 0.571875 0.26875 0.11875
2 0.64375 0.64609375 0.234375 0.075
2 0.77265625 0.81171875 0.2171875 0.078125
2 0.87421875 0.646875 0.1765625 0.153125
2 0.46484375 0.421875 0.196875 0.1484375
2 0.675 0.48984375 0.1328125 0.1625
2 0.12578125 0.346875 0.215625 0.078125
2 0.18125 0.44296875 0.2234375 0.078125
2 0.3078125 0.378125 0.1046875 0.0484375
2 0.78828125 0.88359375 0.1203125 0.0734375
2 0.053125 0.54375 0.10625 0.13125