2 0.14921875 0.20234375 0.2984375 0.2046875
2 0.50625 0.2296875 0.225 0.190625
2 0.06484375 0.1984375 0.1296875 0.153125
1 0.809375 0.2796875 0.38125 0.559375
0 0.409375 0.58828125 0.128125 0.0578125
0 0.1546875 0.58984375 0.11875 0.0609375
0 0.1625 0.5859375 0.0875 0.053125
0 0.02265625 0.5875 0.0453125 0.05625
0 0.05859375 0.61171875 0.1171875 0.1046875
0 0.040625 0.62734375 0.08125 0.0828125
0 0.09609375 0.7796875 0.1046875 0.1609375
0 0.415625 0.86953125 0.13125 0.0984375
0 0.21328125 0.9578125 0.1109375 0.084375
0 0.58671875 0.96015625 0.0640625 0.0796875
0 0.46328125 0.5765625 0.0859375 0.034375
0 0.3015625 0.5859375 0.1 0.053125
5 0.85078125 0.5953125 0.1671875 0.071875
5 0.7703125 0.603125 0.215625 0.0875
5 0.703125 0.68359375 0.16875 0.2484375
5 0.65390625 0.5875 0.0703125 0.05625
5 0.67109375 0.65703125 0.1046875 0.1046875
5 0.678125 0.88671875 0.11875 0.2265625
5 0.73828125 0.9390625 0.2390625 0.121875
5 0.6859375 0.79453125 0.134375 0.2578125
5 0.71015625 0.6625 0.1828125 0.190625
5 0.80078125 0.5875 0.1546875 0.05625
5 0.95078125 0.5921875 0.0984375 0.065625