2 0.37890625 0.48515625 0.2609375 0.1140625
2 0.33515625 0.3671875 0.3484375 0.08125
2 0.26796875 0.290625 0.3375 0.0625
2 0.1578125 0.20546875 0.2421875 0.0578125
0 0.82578125 0.34765625 0.3484375 0.2796875
0 0.0328125 0.62734375 0.065625 0.0953125
0 0.01875 0.609375 0.0375 0.059375
0 0.03203125 0.609375 0.0640625 0.059375
0 0.13203125 0.61328125 0.0828125 0.0671875
0 0.18515625 0.62578125 0.0609375 0.0921875
0 0.3421875 0.59765625 0.084375 0.0359375
0 0.31484375 0.6125 0.1359375 0.065625
0 0.4421875 0.6109375 0.103125 0.0625
0 0.48359375 0.784375 0.0515625 0.103125
0 0.0890625 0.825 0.0953125 0.1984375
0 0.0171875 0.7734375 0.034375 0.140625
0 0.13515625 0.97578125 0.1109375 0.0484375
0 0.45625 0.6046875 0.09375 0.05
0 0.2828125 0.93203125 0.09375 0.1359375
0 0.028125 0.9734375 0.05625 0.053125
0 0.0140625 0.63359375 0.028125 0.1078125
0 0.01484375 0.6125 0.0296875 0.065625
0 0.19765625 0.68359375 0.0796875 0.16875
3 0.65 0.62578125 0.23125 0.0921875
3 0.5828125 0.75625 0.146875 0.16875