2 0.3078125 0.29765625 0.0625 0.2703125
2 0.11171875 0.38125 0.1359375 0.15625
0 0.8671875 0.03984375 0.128125 0.0796875
0 0.96875 0.15 0.0625 0.128125
0 0.6625 0.22890625 0.184375 0.153125
0 0.690625 0.034375 0.15 0.06875
0 0.52890625 0.403125 0.1578125 0.1125
0 0.37578125 0.28984375 0.0734375 0.1046875
0 0.51953125 0.42109375 0.1828125 0.0765625
0 0.8984375 0.328125 0.203125 0.121875
0 0.40625 0.03828125 0.134375 0.0765625
0 0.5078125 0.034375 0.146875 0.06875
0 0.43125 0.12890625 0.153125 0.103125
2 0.75 0.65859375 0.5 0.1796875
2 0.7734375 0.496875 0.453125 0.075
2 0.41875 0.53984375 0.159375 0.1609375