2 0.54921875 0.4234375 0.2671875 0.109375
2 0.29296875 0.38828125 0.1796875 0.14375
2 0.5609375 0.28515625 0.14375 0.0734375
2 0.384375 0.26328125 0.1546875 0.0640625
2 0.1421875 0.478125 0.234375 0.021875
2 0.11796875 0.23359375 0.13125 0.0625
2 0.034375 0.31953125 0.06875 0.0578125
2 0.1453125 0.4 0.096875 0.09375
1 0.91484375 0.24453125 0.1703125 0.4890625
1 0.37578125 0.92890625 0.5515625 0.1421875
1 0.67734375 0.91015625 0.3046875 0.1796875
1 0.21484375 0.85390625 0.3859375 0.1984375
1 0.49375 0.8265625 0.3328125 0.1953125
1 0.7 0.80625 0.259375 0.1875
1 0.04453125 0.77265625 0.0890625 0.1265625
1 0.14765625 0.7609375 0.2953125 0.14375
1 0.35859375 0.7234375 0.25625 0.125
1 0.54453125 0.71015625 0.221875 0.1109375
1 0.91484375 0.74453125 0.1703125 0.5109375