2 0.13125 0.35390625 0.2625 0.0921875
2 0.5 0.33984375 0.178125 0.0765625
2 0.32265625 0.26015625 0.271875 0.0515625
2 0.10078125 0.23125 0.2015625 0.103125
0 0.71484375 0.06328125 0.1609375 0.1265625
2 0.7828125 0.30703125 0.29375 0.1859375
2 0.884375 0.096875 0.23125 0.19375
2 0.665625 0.06328125 0.153125 0.1265625
2 0.88671875 0.0234375 0.2265625 0.046875
2 0.61953125 0.3171875 0.0609375 0.165625
2 0.05703125 0.85859375 0.1140625 0.2828125
2 0.18203125 0.91875 0.2734375 0.1625
2 0.2640625 0.7625 0.2203125 0.15
2 0.4625 0.88046875 0.1171875 0.1609375
2 0.3625 0.91484375 0.059375 0.1140625
2 0.47265625 0.6625 0.2328125 0.10625
2 0.28828125 0.65859375 0.0734375 0.028125
5 0.6703125 0.4234375 0.1625 0.046875
5 0.63671875 0.52265625 0.0953125 0.2453125
5 0.67578125 0.5015625 0.1734375 0.134375
5 0.8828125 0.54609375 0.1875 0.1765625
5 0.98359375 0.79375 0.0328125 0.24375
5 0.81953125 0.98515625 0.3015625 0.0296875
5 0.6234375 0.965625 0.06875 0.06875
5 0.62578125 0.73359375 0.0734375 0.1265625
5 0.634375 0.91875 0.090625 0.1625