2 0.2953125 0.2046875 0.16875 0.390625
2 0.090625 0.19296875 0.18125 0.3859375
2 0.05234375 0.1734375 0.1046875 0.346875
0 0.9328125 0.4390625 0.071875 0.059375
0 0.73203125 0.21015625 0.0703125 0.146875
0 0.88515625 0.190625 0.0484375 0.05
0 0.86015625 0.296875 0.0453125 0.0578125
0 0.965625 0.05859375 0.0421875 0.04375
0 0.915625 0.01015625 0.0375 0.0203125
0 0.79296875 0.01171875 0.0671875 0.0234375
0 0.69296875 0.01640625 0.0328125 0.0328125
0 0.63359375 0.03515625 0.0578125 0.05
0 0.53046875 0.0140625 0.0921875 0.028125
0 0.43359375 0.01484375 0.0484375 0.0296875
0 0.5578125 0.021875 0.071875 0.04375
0 0.58125 0.0140625 0.040625 0.028125
3 0.084375 0.8609375 0.16875 0.278125
1 0.52421875 0.734375 0.2890625 0.53125
1 0.68984375 0.76953125 0.6203125 0.4609375
1 0.72109375 0.57421875 0.5578125 0.2109375
1 0.56953125 0.52890625 0.3796875 0.1203125
1 0.47890625 0.6484375 0.1984375 0.359375