2 0.4703125 0.4671875 0.1375 0.09375
2 0.27890625 0.45 0.16875 0.1046875
2 0.065625 0.46015625 0.13125 0.0703125
2 0.4921875 0.26328125 0.09375 0.2546875
2 0.296875 0.28359375 0.2265625 0.215625
2 0.0703125 0.2921875 0.140625 0.203125
5 0.58046875 0.81171875 0.0828125 0.2109375
5 0.59921875 0.80703125 0.1203125 0.2296875
5 0.72421875 0.81640625 0.14375 0.2140625
5 0.73125 0.9703125 0.19375 0.059375
5 0.88046875 0.82890625 0.1390625 0.2171875
5 0.9 0.975 0.1125 0.05
5 0.9828125 0.871875 0.034375 0.25625