2 0.43203125 0.39296875 0.2734375 0.1421875
2 0.4234375 0.26953125 0.259375 0.1140625
2 0.078125 0.05625 0.15625 0.1125
2 0.1203125 0.20546875 0.1296875 0.215625
2 0.03828125 0.28125 0.0765625 0.26875
2 0.11640625 0.4625 0.2328125 0.19375
2 0.67890625 0.1125 0.2203125 0.225
2 0.7578125 0.06640625 0.1875 0.1328125
2 0.93515625 0.078125 0.1296875 0.15625
2 0.95 0.22421875 0.1 0.2953125
2 0.77109375 0.20703125 0.215625 0.29375
2 0.75546875 0.5359375 0.2734375 0.046875
2 0.634375 0.35390625 0.13125 0.2765625
2 0.609375 0.39453125 0.08125 0.3296875
0 0.17890625 0.8734375 0.171875 0.0609375
0 0.03359375 0.9671875 0.0671875 0.065625
1 0.784375 0.79453125 0.43125 0.4109375
1 0.784375 0.92890625 0.43125 0.1421875
1 0.91640625 0.71484375 0.1671875 0.3046875