2 0.21640625 0.51328125 0.1390625 0.0734375
2 0.05390625 0.50390625 0.1078125 0.0921875
2 0.29765625 0.3734375 0.1421875 0.121875
2 0.1171875 0.37421875 0.15 0.1234375
2 0.0390625 0.3640625 0.078125 0.125
2 0.03125 0.51640625 0.0625 0.0671875
0 0.690625 0.1015625 0.0890625 0.1078125
0 0.46875 0.409375 0.13125 0.1390625
0 0.965625 0.290625 0.06875 0.096875
0 0.5515625 0.2890625 0.078125 0.065625
0 0.74375 0.43671875 0.078125 0.1203125
3 0.21953125 0.60703125 0.1328125 0.1140625
3 0.234375 0.92109375 0.26875 0.1578125
3 0.02890625 0.68984375 0.0578125 0.2796875
2 0.43671875 0.6875 0.1359375 0.275
2 0.44296875 0.92890625 0.1484375 0.1421875
2 0.43828125 0.740625 0.1390625 0.328125
2 0.6171875 0.85390625 0.159375 0.2921875
2 0.79765625 0.85859375 0.1390625 0.2828125
2 0.95390625 0.865625 0.0921875 0.26875
2 0.92421875 0.62890625 0.1515625 0.1578125
2 0.9015625 0.57421875 0.196875 0.0484375
2 0.86875 0.58671875 0.2625 0.0734375
2 0.865625 0.5671875 0.26875 0.034375
2 0.59453125 0.5828125 0.2953125 0.065625
2 0.5453125 0.59140625 0.30625 0.0828125
2 0.440625 0.596875 0.14375 0.09375
2 0.4515625 0.58671875 0.165625 0.0734375