2 0.39140625 0.3390625 0.1359375 0.240625
2 0.1515625 0.13515625 0.221875 0.21875
2 0.41015625 0.084375 0.0984375 0.16875
2 0.0890625 0.0359375 0.178125 0.071875
2 0.32109375 0.0359375 0.1796875 0.071875
2 0.13125 0.4109375 0.2625 0.196875
1 0.92265625 0.33046875 0.1546875 0.3578125
1 0.7296875 0.3390625 0.540625 0.340625
1 0.7546875 0.13203125 0.4515625 0.1515625
1 0.9375 0.12890625 0.125 0.1578125
2 0.10078125 0.6578125 0.2015625 0.275
2 0.11484375 0.5359375 0.2296875 0.053125
1 0.7296875 0.7546875 0.540625 0.490625