2 0.25234375 0.34609375 0.1640625 0.1078125
2 0.04921875 0.26015625 0.0984375 0.2796875
2 0.034375 0.14140625 0.06875 0.1859375
2 0.49921875 0.3203125 0.2171875 0.159375
2 0.48828125 0.9328125 0.2046875 0.134375
2 0.24921875 0.928125 0.1953125 0.14375
2 0.0546875 0.925 0.109375 0.15
2 0.53046875 0.6875 0.221875 0.0515625
2 0.5546875 0.79453125 0.190625 0.0953125
2 0.2640625 0.68203125 0.284375 0.059375
2 0.0515625 0.69140625 0.103125 0.0578125
2 0.26796875 0.796875 0.2515625 0.1
2 0.62578125 0.5828125 0.0484375 0.121875
2 0.4546875 0.53984375 0.2109375 0.15625
2 0.23984375 0.5296875 0.1140625 0.1859375
2 0.0859375 0.52421875 0.1125 0.20625
2 0.02734375 0.459375 0.0546875 0.11875
2 0.61640625 0.4515625 0.0671875 0.08125
0 0.75546875 0.671875 0.2109375 0.284375