2 0.31796875 0.27578125 0.2421875 0.3265625
2 0.33984375 0.04375 0.1984375 0.0875
2 0.134375 0.0453125 0.140625 0.090625
0 0.4640625 0.02578125 0.05 0.0515625
0 0.46171875 0.25625 0.0453125 0.109375
0 0.4734375 0.01796875 0.06875 0.0359375
0 0.45390625 0.0265625 0.0296875 0.053125
0 0.64453125 0.01796875 0.0671875 0.0359375
0 0.478125 0.0109375 0.05 0.021875
2 0.40546875 0.52109375 0.0671875 0.1234375
2 0.75 0.953125 0.34375 0.09375
2 0.85 0.6296875 0.3 0.38125
2 0.5421875 0.63515625 0.20625 0.3921875