2 0.28359375 0.06875 0.3109375 0.1375
2 0.31796875 0.0515625 0.2421875 0.103125
2 0.22734375 0.2984375 0.4234375 0.2875
2 0.09296875 0.02421875 0.1859375 0.0484375
2 0.11796875 0.14453125 0.2359375 0.1828125
2 0.06796875 0.071875 0.1359375 0.14375
2 0.87109375 0.3046875 0.2578125 0.290625
2 0.56953125 0.31171875 0.2609375 0.2765625
2 0.8953125 0.08984375 0.209375 0.1796875
2 0.578125 0.09609375 0.278125 0.1921875
2 0.46328125 0.09609375 0.0484375 0.1921875
2 0.71953125 0.00859375 0.5609375 0.0171875
1 0.27265625 0.74296875 0.278125 0.1015625
1 0.26015625 0.86484375 0.3578125 0.1765625
1 0.1078125 0.69921875 0.215625 0.0828125
1 0.39296875 0.74375 0.0921875 0.096875
1 0.3875 0.68359375 0.103125 0.0703125
1 0.26875 0.66015625 0.18125 0.0390625
2 0.47265625 0.8171875 0.0671875 0.365625
2 0.4640625 0.80703125 0.05 0.3859375
2 0.465625 0.8703125 0.053125 0.2375
2 0.55546875 0.61171875 0.1359375 0.165625
2 0.71953125 0.58046875 0.1359375 0.2015625
2 0.85859375 0.64140625 0.103125 0.15625
2 0.91171875 0.4859375 0.1765625 0.071875
2 0.50234375 0.48828125 0.1265625 0.0765625
2 0.46796875 0.546875 0.0578125 0.171875
2 0.74375 0.478125 0.15625 0.05625
2 0.9515625 0.46875 0.096875 0.0375
2 0.69140625 0.753125 0.1703125 0.1375