2 0.009375 0.03046875 0.01875 0.0609375
2 0.01171875 0.0203125 0.0234375 0.040625
2 0.0109375 0.01171875 0.021875 0.0234375
2 0.0046875 0.00625 0.009375 0.0125
2 0.01328125 0.01171875 0.0265625 0.0234375
2 0.00703125 0.01171875 0.0140625 0.0234375
2 0.00703125 0.01328125 0.0140625 0.0265625
2 0.00703125 0.01484375 0.0140625 0.0296875
2 0.00859375 0.015625 0.0171875 0.03125
2 0.01171875 0.01328125 0.0234375 0.0265625
2 0.01484375 0.01171875 0.0296875 0.0234375
2 0.01015625 0.0234375 0.0203125 0.046875
2 0.009375 0.01875 0.01875 0.0375
2 0.00859375 0.0109375 0.0171875 0.021875
2 0.0078125 0.0140625 0.015625 0.028125
2 0.0140625 0.025 0.028125 0.05
2 0.0078125 0.015625 0.015625 0.03125
5 0.50859375 0.06328125 0.0171875 0.0296875
5 0.509375 0.1 0.01875 0.0375
5 0.515625 0.14453125 0.03125 0.0390625
5 0.51484375 0.13984375 0.0296875 0.0453125
5 0.5703125 0.13984375 0.065625 0.0484375
1 0.0375 0.36796875 0.075 0.0984375
1 0.03515625 0.36796875 0.0703125 0.0984375
1 0.0171875 0.33828125 0.034375 0.0390625
1 0.0234375 0.3359375 0.046875 0.034375
1 0.02265625 0.33515625 0.0453125 0.0328125
5 0.8765625 0.7125 0.2359375 0.3140625
5 0.603125 0.8609375 0.20625 0.278125
5 0.8359375 0.35078125 0.328125 0.0640625
5 0.58359375 0.4171875 0.1671875 0.18125
5 0.55 0.47265625 0.1 0.1484375
5 0.73671875 0.8703125 0.278125 0.203125
5 0.94921875 0.68203125 0.1015625 0.1796875