2 0.1453125 0.484375 0.290625 0.23125
2 0.3375 0.48671875 0.059375 0.2265625
2 0.421875 0.29296875 0.19375 0.1703125
2 0.140625 0.31875 0.1015625 0.0546875
2 0.0328125 0.2515625 0.065625 0.159375
2 0.10078125 0.18046875 0.1734375 0.1359375
2 0.3390625 0.1140625 0.165625 0.0875
2 0.478125 0.103125 0.08125 0.1625
2 0.759375 0.50078125 0.48125 0.1984375
2 0.63984375 0.25078125 0.2421875 0.2234375
2 0.76875 0.05859375 0.28125 0.1171875
2 0.86015625 0.28984375 0.1984375 0.1765625
1 0.20234375 0.790625 0.4046875 0.10625
1 0.4125 0.890625 0.2125 0.21875
1 0.19296875 0.8875 0.3859375 0.175
1 0.4140625 0.73984375 0.209375 0.1453125
1 0.42890625 0.671875 0.1796875 0.09375
1 0.759375 0.9671875 0.48125 0.065625
1 0.74921875 0.9421875 0.4609375 0.115625
1 0.6390625 0.96796875 0.240625 0.0640625