2 0.071875 0.58515625 0.14375 0.2015625
2 0.1875 0.60234375 0.0609375 0.1375
2 0.30390625 0.5296875 0.1 0.1453125
2 0.45078125 0.47421875 0.0984375 0.1328125
2 0.571875 0.4515625 0.0828125 0.0765625
2 0.75625 0.35078125 0.08125 0.084375
2 0.3546875 0.68515625 0.1078125 0.090625
2 0.4328125 0.8015625 0.1140625 0.10625
2 0.61015625 0.70078125 0.1984375 0.2453125
2 0.80859375 0.8859375 0.128125 0.2265625
2 0.9453125 0.91328125 0.109375 0.1734375
2 0.503125 0.92734375 0.1234375 0.1453125
2 0.1375 0.76640625 0.275 0.16875
2 0.32421875 0.92734375 0.06875 0.1453125
2 0.1234375 0.9421875 0.246875 0.115625
2 0.859375 0.5609375 0.16875 0.25625