1 0.8734375 0.18828125 0.253125 0.3171875
1 0.7296875 0.49765625 0.540625 0.3421875
1 0.6125 0.4359375 0.30625 0.425
1 0.2296875 0.834375 0.459375 0.33125
0 0.56875 0.71640625 0.13125 0.0953125
0 0.63984375 0.6984375 0.0765625 0.059375
0 0.70859375 0.6984375 0.0921875 0.059375
0 0.82265625 0.70234375 0.0828125 0.0671875
0 0.87578125 0.71484375 0.0609375 0.0921875
0 0.96875 0.7015625 0.0625 0.065625
0 0.77890625 0.94296875 0.0953125 0.1140625
0 0.68671875 0.93203125 0.0703125 0.1359375
0 0.515625 0.73984375 0.059375 0.1421875
0 0.6484375 0.74296875 0.0609375 0.1296875
0 0.88828125 0.84453125 0.0796875 0.16875