2 0.0890625 0.26015625 0.178125 0.2734375
2 0.3265625 0.55 0.196875 0.2375
2 0.29453125 0.10625 0.190625 0.190625
2 0.0609375 0.40234375 0.121875 0.5234375
2 0.10625 0.54375 0.2125 0.25
2 0.09140625 0.06953125 0.1828125 0.1390625
2 0.22109375 0.06171875 0.3671875 0.1234375
3 0.6578125 0.20078125 0.3625 0.4015625
3 0.1578125 0.73125 0.315625 0.125
1 0.83515625 0.834375 0.3296875 0.33125
1 0.690625 0.834375 0.48125 0.33125
1 0.86328125 0.73125 0.2734375 0.125
1 0.6671875 0.7296875 0.375 0.121875
1 0.51328125 0.72890625 0.1265625 0.1203125