2 0.12734375 0.63359375 0.1859375 0.0703125
2 0.04296875 0.58359375 0.0859375 0.1703125
0 0.9703125 0.51484375 0.059375 0.1265625
0 0.36875 0.61171875 0.078125 0.1015625
0 0.59453125 0.21484375 0.159375 0.1625
0 0.95390625 0.13671875 0.0921875 0.1234375
0 0.57578125 0.02421875 0.1578125 0.0484375
0 0.734375 0.0234375 0.078125 0.046875
0 0.68359375 0.0234375 0.1328125 0.046875
0 0.3625 0.02578125 0.065625 0.0515625
0 0.42578125 0.034375 0.1015625 0.06875
0 0.375 0.2921875 0.090625 0.159375
0 0.4578125 0.5546875 0.1546875 0.121875
0 0.8140625 0.140625 0.0953125 0.11875
0 0.43984375 0.18984375 0.078125 0.05
1 0.66484375 0.89453125 0.6703125 0.2109375
1 0.70546875 0.86796875 0.5890625 0.2640625
1 0.80234375 0.8359375 0.3953125 0.25625
1 0.66484375 0.93046875 0.6703125 0.1390625
1 0.49140625 0.73046875 0.3234375 0.1234375
1 0.55078125 0.71875 0.4421875 0.1
1 0.63515625 0.7125 0.4484375 0.0875