2 0.23359375 0.07265625 0.03125 0.05625
2 0.18828125 0.07265625 0.04375 0.0578125
2 0.13671875 0.071875 0.05 0.059375
2 0.2109375 0.02265625 0.028125 0.0453125
2 0.165625 0.0203125 0.025 0.040625
2 0.13203125 0.02421875 0.0359375 0.0484375
2 0.1796875 0.00703125 0.0375 0.0140625
2 0.13046875 0.00625 0.0578125 0.0125
2 0.06875 0.00546875 0.053125 0.0109375
2 0.075 0.01875 0.05625 0.0375
2 0.02109375 0.021875 0.0421875 0.04375
2 0.07421875 0.059375 0.05625 0.0765625
2 0.0203125 0.0640625 0.040625 0.075
2 0.0046875 0.021875 0.009375 0.04375
2 0.0046875 0.065625 0.009375 0.071875
2 0.01875 0.00703125 0.0375 0.0140625
2 0.19296875 0.00859375 0.0421875 0.0171875
2 0.23984375 0.0078125 0.0234375 0.015625
2 0.1390625 0.00625 0.05 0.0125
5 0.5953125 0.028125 0.046875 0.0359375
5 0.584375 0.125 0.0671875 0.0671875
5 0.50390625 0.1625 0.075 0.075
5 0.44453125 0.1203125 0.0921875 0.0921875
5 0.42578125 0.07890625 0.053125 0.0484375
5 0.3453125 0.0984375 0.0734375 0.09375
5 0.3421875 0.24609375 0.084375 0.1859375
5 0.41796875 0.23203125 0.08125 0.05
5 0.5515625 0.3046875 0.0703125 0.06875
5 0.32109375 0.0640625 0.0421875 0.084375
5 0.3875 0.02734375 0.06875 0.0546875
5 0.315625 0.19375 0.03125 0.09375
5 0.3296875 0.12578125 0.059375 0.0546875
1 0.11875 0.66484375 0.2375 0.1109375
1 0.15 0.82890625 0.3 0.2640625
1 0.08984375 0.63984375 0.1796875 0.0609375
1 0.21875 0.66328125 0.1625 0.1078125
1 0.2109375 0.63515625 0.178125 0.0515625
1 0.07890625 0.6234375 0.1578125 0.028125
0 0.44140625 0.63515625 0.1109375 0.0515625
0 0.51953125 0.62578125 0.1109375 0.0328125
0 0.6203125 0.65078125 0.084375 0.0828125
0 0.36953125 0.6359375 0.1109375 0.053125
0 0.34296875 0.86484375 0.0859375 0.1796875
0 0.69296875 0.9046875 0.025 0.13125
0 0.8671875 0.775 0.10625 0.2015625
0 0.753125 0.64609375 0.034375 0.0734375
0 0.31796875 0.6375 0.0359375 0.05625
0 0.715625 0.63046875 0.01875 0.0421875
0 0.7921875 0.63515625 0.0875 0.0515625
0 0.93203125 0.6265625 0.0921875 0.034375