2 0.05703125 0.57109375 0.1140625 0.1765625
2 0.0546875 0.3984375 0.109375 0.21875
2 0.071875 0.3359375 0.14375 0.19375
2 0.275 0.3734375 0.0875 0.228125
2 0.06796875 0.1234375 0.1359375 0.14375
2 0.04453125 0.06640625 0.0890625 0.1328125
0 0.6203125 0.6375 0.121875 0.04375
0 0.871875 0.3234375 0.25625 0.1625
0 0.56015625 0.265625 0.1875 0.1828125
0 0.3640625 0.2015625 0.090625 0.2
0 0.89296875 0.1078125 0.2140625 0.13125
0 0.5984375 0.1046875 0.3296875 0.140625
0 0.42265625 0.43046875 0.2078125 0.1296875
0 0.34609375 0.37421875 0.0546875 0.1765625
0 0.13515625 0.95859375 0.2171875 0.0828125
1 0.659375 0.8296875 0.68125 0.340625