2 0.46953125 0.32265625 0.1609375 0.1640625
2 0.25 0.33125 0.15625 0.175
2 0.0140625 0.3328125 0.028125 0.171875
2 0.47421875 0.17734375 0.13125 0.06875
2 0.3140625 0.18046875 0.103125 0.084375
2 0.1390625 0.1890625 0.0609375 0.0625
2 0.01640625 0.15546875 0.0328125 0.1109375
2 0.33359375 0.1203125 0.3421875 0.0453125
2 0.775 0.30625 0.45 0.225
2 0.775 0.08828125 0.45 0.1671875
2 0.46171875 0.584375 0.1765625 0.14375
2 0.48671875 0.43046875 0.1265625 0.0234375
3 0.821875 0.740625 0.303125 0.3484375