2 0.42265625 0.04765625 0.1328125 0.0953125
2 0.415625 0.175 0.146875 0.16875
2 0.1890625 0.046875 0.190625 0.09375
0 0.51640625 0.28828125 0.0546875 0.1015625
0 0.51015625 0.2015625 0.0421875 0.165625
0 0.51640625 0.11015625 0.0546875 0.1078125
0 0.53046875 0.20703125 0.01875 0.084375
0 0.60703125 0.18203125 0.0890625 0.10625
0 0.74609375 0.33125 0.0921875 0.015625
2 0.3296875 0.68671875 0.31875 0.1296875
2 0.09765625 0.58671875 0.1953125 0.1140625
2 0.4234375 0.3859375 0.13125 0.09375
2 0.19765625 0.37734375 0.2890625 0.0765625
2 0.13515625 0.94453125 0.2703125 0.1109375
1 0.55703125 0.5765625 0.1359375 0.20625
1 0.6234375 0.58828125 0.26875 0.2265625
1 0.76796875 0.41328125 0.2703125 0.1484375
1 0.8578125 0.81640625 0.284375 0.2765625
1 0.63203125 0.8171875 0.2859375 0.26875
1 0.57421875 0.80703125 0.1703125 0.2671875
1 0.559375 0.4203125 0.140625 0.1625
1 0.59375 0.42578125 0.209375 0.1734375
1 0.5453125 0.80546875 0.1125 0.2546875
1 0.54375 0.5890625 0.109375 0.240625