2 0.46328125 0.08203125 0.2328125 0.1640625
2 0.48203125 0.015625 0.1953125 0.03125
2 0.51171875 0.015625 0.1359375 0.03125
2 0.53515625 0.01328125 0.0890625 0.0265625
2 0.1609375 0.1171875 0.321875 0.121875
2 0.21484375 0.015625 0.2140625 0.03125
2 0.29375 0.00859375 0.175 0.0171875
2 0.353125 0.00546875 0.16875 0.0109375
2 0.3921875 0.0140625 0.0875 0.028125
2 0.6453125 0.146875 0.13125 0.29375
2 0.86953125 0.1296875 0.2609375 0.259375
2 0.78828125 0.04140625 0.1171875 0.0828125
2 0.6375 0.03046875 0.115625 0.0609375
2 0.66015625 0.15625 0.1609375 0.309375
2 0.615625 0.04453125 0.071875 0.0890625
2 0.61953125 0.04765625 0.0796875 0.0953125
2 0.6578125 0.01953125 0.15625 0.0390625
3 0.3609375 0.721875 0.4375 0.55625
3 0.66171875 0.76171875 0.1171875 0.290625
3 0.6046875 0.66171875 0.05 0.1703125