2 0.34609375 0.35859375 0.2046875 0.0609375
2 0.3796875 0.26875 0.1671875 0.0671875
2 0.40078125 0.18515625 0.171875 0.0515625
2 0.11953125 0.3640625 0.1234375 0.05
2 0.18828125 0.28828125 0.1109375 0.0703125
2 0.228125 0.209375 0.1140625 0.0421875
4 0.740625 0.175 0.2046875 0.228125
4 0.11875 0.80546875 0.2375 0.2546875
1 0.509375 0.97890625 0.040625 0.0421875
1 0.50546875 0.96875 0.0328125 0.0625
1 0.50703125 0.96796875 0.0359375 0.0640625
1 0.55 0.8890625 0.121875 0.065625
1 0.59296875 0.8875 0.09375 0.0875
1 0.6453125 0.91953125 0.121875 0.090625
1 0.709375 0.953125 0.146875 0.09375
1 0.79296875 0.97578125 0.1203125 0.0484375
1 0.71953125 0.83984375 0.1015625 0.059375
1 0.765625 0.853125 0.0875 0.06875
1 0.8265625 0.8890625 0.090625 0.0703125
1 0.88359375 0.915625 0.0890625 0.0703125
1 0.51953125 0.75703125 0.0609375 0.0671875
1 0.509375 0.775 0.040625 0.103125
1 0.5109375 0.85390625 0.04375 0.1078125
1 0.5109375 0.73515625 0.04375 0.0515625