2 0.1640625 0.3546875 0.209375 0.278125
2 0.14609375 0.07109375 0.2453125 0.1421875
2 0.053125 0.04140625 0.10625 0.0828125
2 0.0828125 0.021875 0.165625 0.04375
2 0.05234375 0.16015625 0.1046875 0.1515625
3 0.49140625 0.20859375 0.215625 0.2390625
3 0.70546875 0.1328125 0.121875 0.146875
0 0.0125 0.66171875 0.025 0.0921875
0 0.1328125 0.54375 0.06875 0.0875
0 0.10625 0.50859375 0.06875 0.0171875
0 0.0265625 0.84609375 0.053125 0.1171875
0 0.01484375 0.8140625 0.0296875 0.134375
0 0.04296875 0.82578125 0.06875 0.0671875
0 0.24453125 0.5109375 0.0484375 0.021875
0 0.0234375 0.5140625 0.046875 0.028125
0 0.0140625 0.55390625 0.028125 0.0828125
0 0.009375 0.53984375 0.01875 0.0796875
0 0.01640625 0.52734375 0.0328125 0.0546875
0 0.01875 0.74609375 0.0375 0.1203125
0 0.24609375 0.68515625 0.0453125 0.1140625
0 0.078125 0.73046875 0.078125 0.0890625
0 0.04609375 0.51875 0.0578125 0.0375
5 0.8625 0.56875 0.071875 0.1375
5 0.9515625 0.5703125 0.096875 0.140625
5 0.7078125 0.70390625 0.115625 0.2609375
5 0.60859375 0.81015625 0.1015625 0.165625
5 0.71953125 0.934375 0.1140625 0.13125
5 0.89609375 0.9296875 0.2078125 0.140625
5 0.50859375 0.5890625 0.1015625 0.178125
5 0.48515625 0.52734375 0.1453125 0.0546875
5 0.9546875 0.7390625 0.0453125 0.09375