2 0.11484375 0.38046875 0.075 0.109375
2 0.2671875 0.41015625 0.075 0.0578125
2 0.190625 0.38515625 0.04375 0.1078125
2 0.04140625 0.25703125 0.0828125 0.1328125
2 0.03046875 0.23984375 0.0609375 0.0796875
2 0.109375 0.2890625 0.04375 0.04375
4 0.6375 0.23125 0.1375 0.165625
4 0.80703125 0.2484375 0.0640625 0.1296875
0 0.0125 0.44609375 0.025 0.0140625
0 0.0140625 0.4453125 0.028125 0.0125
0 0.01484375 0.45390625 0.0296875 0.0296875
0 0.0171875 0.49296875 0.034375 0.0546875
0 0.0734375 0.45546875 0.05 0.0328125
0 0.02109375 0.4546875 0.0421875 0.03125
0 0.07578125 0.4546875 0.0546875 0.03125
0 0.14609375 0.45546875 0.0421875 0.0328125
0 0.14140625 0.45390625 0.0484375 0.0296875
0 0.05234375 0.44765625 0.0296875 0.0171875
0 0.09375 0.44765625 0.03125 0.0171875
0 0.01328125 0.459375 0.0265625 0.040625
0 0.08125 0.44921875 0.028125 0.0203125
0 0.11328125 0.5515625 0.10625 0.065625
2 0.7578125 0.8234375 0.1625 0.353125
2 0.934375 0.87265625 0.13125 0.2546875
2 0.7625 0.5296875 0.253125 0.18125
2 0.95234375 0.66953125 0.0953125 0.2015625