2 0.3234375 0.32109375 0.171875 0.0578125
2 0.0875 0.30859375 0.175 0.0828125
2 0.22578125 0.12890625 0.196875 0.1328125
2 0.0734375 0.12109375 0.146875 0.1421875
0 0.80859375 0.25078125 0.0578125 0.0828125
0 0.81328125 0.321875 0.0609375 0.05625
0 0.70078125 0.28125 0.1328125 0.0921875
0 0.3140625 0.69921875 0.125 0.065625
0 0.221875 0.55859375 0.115625 0.0953125
0 0.1328125 0.70078125 0.1453125 0.071875
0 0.82734375 0.94140625 0.0578125 0.1171875
0 0.52890625 0.95390625 0.0609375 0.0921875
0 0.42734375 0.78359375 0.0359375 0.1421875
0 0.4265625 0.80703125 0.034375 0.1515625
0 0.43671875 0.73515625 0.0546875 0.1234375
0 0.65390625 0.8421875 0.075 0.1
0 0.971875 0.71953125 0.05625 0.1359375
0 0.86953125 0.74609375 0.08125 0.1609375
0 0.76484375 0.765625 0.090625 0.165625
0 0.53671875 0.775 0.0796875 0.1515625
0 0.44140625 0.565625 0.0640625 0.125
0 0.7390625 0.54921875 0.0828125 0.1140625
0 0.84765625 0.5859375 0.0703125 0.09375