2 0.11484375 0.24609375 0.2296875 0.0765625
2 0.11484375 0.31796875 0.2296875 0.0640625
2 0.11484375 0.49921875 0.2296875 0.2109375
2 0.12421875 0.10703125 0.2109375 0.1140625
2 0.17265625 0.05078125 0.1140625 0.1015625
2 0.0234375 0.0546875 0.046875 0.109375
4 0.51328125 0.3453125 0.1859375 0.203125
3 0.16875 0.90546875 0.121875 0.1890625
1 0.415625 0.809375 0.371875 0.38125
1 0.66640625 0.7984375 0.3515625 0.35625
1 0.38828125 0.6671875 0.2171875 0.096875
1 0.51953125 0.66484375 0.2046875 0.0921875
1 0.28125 0.66953125 0.103125 0.1015625
1 0.26015625 0.64296875 0.0609375 0.0484375
1 0.28671875 0.64375 0.1140625 0.05
1 0.8515625 0.809375 0.296875 0.38125
1 0.63984375 0.66484375 0.2203125 0.0921875
1 0.746875 0.6671875 0.20625 0.096875
1 0.3765625 0.6375 0.140625 0.0375