2 0.0359375 0.084375 0.071875 0.16875
2 0.17265625 0.071875 0.2515625 0.14375
2 0.384375 0.06875 0.13125 0.1375
2 0.37421875 0.11171875 0.1515625 0.2234375
2 0.1171875 0.13984375 0.234375 0.2796875
2 0.33828125 0.403125 0.2234375 0.2125
2 0.09765625 0.403125 0.1953125 0.2125
2 0.78828125 0.43828125 0.1890625 0.1421875
2 0.60234375 0.4390625 0.1328125 0.140625
2 0.49921875 0.44609375 0.0984375 0.1265625
2 0.47265625 0.4609375 0.0453125 0.096875
2 0.86171875 0.2921875 0.0953125 0.1046875
2 0.90234375 0.16953125 0.1625 0.13125
2 0.75078125 0.2015625 0.10625 0.1125
2 0.74765625 0.32890625 0.1171875 0.075
2 0.63046875 0.25234375 0.109375 0.065625
2 0.55 0.33515625 0.2 0.0609375
2 0.5296875 0.271875 0.0796875 0.059375
2 0.4625 0.35703125 0.025 0.0484375
5 0.36953125 0.74921875 0.1609375 0.0921875
5 0.18046875 0.75859375 0.2015625 0.125
5 0.06015625 0.73203125 0.1203125 0.0890625
5 0.04921875 0.92109375 0.0984375 0.1140625
5 0.0453125 0.92265625 0.090625 0.1015625
5 0.253125 0.86875 0.13125 0.1
5 0.3890625 0.87578125 0.121875 0.1109375
5 0.1453125 0.925 0.06875 0.11875
5 0.1421875 0.74765625 0.284375 0.0734375
5 0.01953125 0.79609375 0.0390625 0.1109375
1 0.725 0.7625 0.55 0.475
1 0.80859375 0.575 0.3828125 0.13125
1 0.56796875 0.5609375 0.2359375 0.103125