2 0.5078125 0.2640625 0.1625 0.103125
2 0.5421875 0.08046875 0.09375 0.1296875
2 0.1171875 0.02578125 0.14375 0.0515625
2 0.29765625 0.05546875 0.1703125 0.1109375
2 0.10078125 0.06015625 0.2015625 0.1203125
2 0.721875 0.4765625 0.265625 0.046875
2 0.934375 0.4703125 0.13125 0.059375
2 0.65234375 0.325 0.1265625 0.203125
2 0.82734375 0.3359375 0.2609375 0.1796875
2 0.875 0.11953125 0.25 0.1765625
2 0.64921875 0.09765625 0.1203125 0.1921875
0 0.16171875 0.91640625 0.1078125 0.1015625
0 0.14140625 0.909375 0.0515625 0.06875
0 0.1703125 0.98359375 0.05625 0.0328125
0 0.02109375 0.8859375 0.0421875 0.08125
0 0.35234375 0.9765625 0.0953125 0.046875
0 0.534375 0.9015625 0.0390625 0.0453125
0 0.79609375 0.76171875 0.10625 0.1015625
0 0.70546875 0.9796875 0.1234375 0.040625
0 0.6875 0.90234375 0.1078125 0.084375
0 0.77578125 0.7546875 0.0515625 0.0671875
0 0.80546875 0.834375 0.05625 0.0421875
0 0.8171875 0.934375 0.0765625 0.053125
0 0.6421875 0.73203125 0.06875 0.0828125
0 0.96953125 0.84375 0.0609375 0.090625