2 0.2171875 0.0859375 0.165625 0.125
2 0.1046875 0.23515625 0.209375 0.1234375
2 0.04375 0.09453125 0.0875 0.1109375
1 0.65 0.1796875 0.7 0.359375
1 0.15 0.79609375 0.3 0.4078125
1 0.15 0.709375 0.3 0.58125
1 0.17734375 0.81953125 0.2453125 0.3609375
1 0.15 0.56953125 0.3 0.4203125
2 0.8859375 0.809375 0.0890625 0.225
2 0.97734375 0.75859375 0.0453125 0.0953125
2 0.75546875 0.89375 0.121875 0.1921875
2 0.59609375 0.975 0.1734375 0.05
2 0.9875 0.44921875 0.025 0.0984375
2 0.7625 0.5640625 0.19375 0.1640625
2 0.8578125 0.440625 0.134375 0.0671875
2 0.91484375 0.534375 0.0734375 0.0671875
2 0.32578125 0.7765625 0.0515625 0.175
2 0.3265625 0.9640625 0.053125 0.071875
2 0.346875 0.7109375 0.09375 0.159375
2 0.6625 0.43828125 0.2109375 0.053125
2 0.39453125 0.478125 0.1515625 0.1375
2 0.33046875 0.47734375 0.0609375 0.1359375
2 0.51796875 0.44375 0.0703125 0.05
2 0.63515625 0.575 0.046875 0.125
2 0.675 0.71953125 0.075 0.08125