2 0.0546875 0.309375 0.109375 0.184375
2 0.10625 0.2859375 0.2125 0.140625
2 0.065625 0.0921875 0.13125 0.184375
2 0.05859375 0.09609375 0.1171875 0.1921875
2 0.30625 0.159375 0.16875 0.2234375
2 0.5 0.171875 0.159375 0.228125
2 0.40234375 0.440625 0.1671875 0.21875
2 0.55390625 0.50390625 0.0515625 0.0921875
2 0.28046875 0.02734375 0.2546875 0.0546875
2 0.0625 0.0265625 0.125 0.053125
2 0.04296875 0.021875 0.0859375 0.04375
2 0.18359375 0.03046875 0.2046875 0.0609375
2 0.403125 0.02109375 0.109375 0.0421875
2 0.0734375 0.028125 0.146875 0.05625
2 0.15703125 0.021875 0.2421875 0.04375
0 0.9640625 0.4015625 0.071875 0.1625
0 0.95546875 0.19609375 0.0890625 0.0796875
0 0.678125 0.0359375 0.13125 0.071875
0 0.840625 0.171875 0.1015625 0.1390625
0 0.625 0.475 0.090625 0.15
0 0.85390625 0.37734375 0.078125 0.05
2 0.03984375 0.775 0.0796875 0.45
2 0.09375 0.775 0.1875 0.45
2 0.4125 0.775 0.334375 0.45
2 0.11328125 0.571875 0.2265625 0.04375
2 0.340625 0.56953125 0.478125 0.0390625
1 0.78984375 0.775 0.4203125 0.45