2 0.45859375 0.21640625 0.1828125 0.1796875
2 0.17265625 0.396875 0.20625 0.1515625
2 0.09140625 0.56484375 0.1828125 0.1453125
2 0.51171875 0.05078125 0.0765625 0.1015625
2 0.3421875 0.10234375 0.140625 0.1421875
2 0.196875 0.18125 0.084375 0.065625
0 0.603125 0.28671875 0.10625 0.1734375
0 0.859375 0.3859375 0.2265625 0.1625
0 0.83125 0.2453125 0.2671875 0.075
0 0.91953125 0.54296875 0.1609375 0.1109375
0 0.69765625 0.06796875 0.2890625 0.1140625
1 0.275 0.825 0.55 0.35
2 0.6359375 0.97578125 0.16875 0.0484375
2 0.63046875 0.9703125 0.1609375 0.059375
2 0.88125 0.96015625 0.2375 0.0796875
2 0.66640625 0.928125 0.2328125 0.046875