2 0.06171875 0.45078125 0.1234375 0.3515625
2 0.209375 0.4140625 0.41875 0.290625
2 0.2390625 0.640625 0.359375 0.140625
2 0.209375 0.19765625 0.41875 0.1203125
2 0.20625 0.10859375 0.3640625 0.0390625
2 0.03671875 0.178125 0.0734375 0.175
2 0.03125 0.47578125 0.0625 0.3359375
2 0.021875 0.215625 0.04375 0.125
2 0.16796875 0.0296875 0.3171875 0.059375
2 0.0734375 0.090625 0.146875 0.109375
2 0.0359375 0.46875 0.071875 0.25
3 0.915625 0.43359375 0.16875 0.2296875
2 0.04140625 0.896875 0.0828125 0.184375
2 0.13046875 0.92734375 0.140625 0.1109375
5 0.4859375 0.86953125 0.134375 0.1609375