2 0.04453125 0.27421875 0.0890625 0.1890625
2 0.059375 0.26953125 0.11875 0.1984375
2 0.1953125 0.2828125 0.121875 0.171875
2 0.14453125 0.071875 0.2890625 0.11875
2 0.090625 0.07109375 0.18125 0.1171875
2 0.1078125 0.01328125 0.215625 0.0265625
2 0.06484375 0.01796875 0.1296875 0.0359375
0 0.35078125 0.09375 0.065625 0.040625
0 0.309375 0.015625 0.040625 0.03125
0 0.30234375 0.1046875 0.0265625 0.08125
0 0.3140625 0.20859375 0.05 0.0515625
0 0.30703125 0.275 0.0359375 0.0375
0 0.571875 0.01171875 0.078125 0.0234375
0 0.3890625 0.01484375 0.134375 0.0296875
0 0.0125 0.97265625 0.025 0.0546875
0 0.1 0.6453125 0.090625 0.08125
0 0.02578125 0.62890625 0.0515625 0.0828125
0 0.015625 0.621875 0.03125 0.1
0 0.02109375 0.7453125 0.0421875 0.103125
0 0.04140625 0.63828125 0.0828125 0.0546875
0 0.96171875 0.5046875 0.0765625 0.090625
0 0.8421875 0.5125 0.121875 0.078125
0 0.5046875 0.50703125 0.09375 0.115625
0 0.3734375 0.5171875 0.103125 0.0703125
0 0.29921875 0.50625 0.0203125 0.096875