2 0.40234375 0.1140625 0.1140625 0.1625
2 0.3953125 0.24765625 0.128125 0.0859375
2 0.25625 0.13515625 0.1484375 0.134375
2 0.20703125 0.26171875 0.1671875 0.0890625
2 0.05546875 0.25625 0.1015625 0.128125
2 0.39453125 0.03203125 0.1296875 0.0640625
2 0.12578125 0.12421875 0.071875 0.0859375
2 0.25 0.028125 0.109375 0.05625
5 0.8734375 0.06796875 0.078125 0.1359375
5 0.9703125 0.06171875 0.059375 0.1234375
5 0.93203125 0.06328125 0.0734375 0.1265625
5 0.959375 0.1953125 0.08125 0.10625
5 0.94609375 0.31171875 0.05 0.078125
5 0.99375 0.3078125 0.0125 0.1
5 0.890625 0.19453125 0.065625 0.0765625
5 0.834375 0.32734375 0.0453125 0.171875
5 0.7890625 0.2609375 0.115625 0.184375
5 0.6234375 0.3546875 0.1140625 0.2046875
5 0.47578125 0.221875 0.0328125 0.125
5 0.48828125 0.18515625 0.0578125 0.0671875
5 0.48046875 0.3296875 0.0421875 0.146875
5 0.4875 0.39609375 0.05625 0.1484375
5 0.47890625 0.28984375 0.0390625 0.0796875
5 0.5578125 0.17734375 0.078125 0.1140625
5 0.8046875 0.109375 0.1171875 0.1015625
2 0.02734375 0.85546875 0.0546875 0.2890625
2 0.04921875 0.8609375 0.0984375 0.259375
2 0.06171875 0.84921875 0.1234375 0.2078125
2 0.29453125 0.8171875 0.321875 0.1671875
2 0.303125 0.96875 0.3125 0.0625
2 0.89609375 0.53828125 0.2078125 0.0984375
2 0.921875 0.6375 0.15625 0.146875
2 0.85546875 0.8640625 0.2890625 0.20625
2 0.56015625 0.5578125 0.2015625 0.071875
2 0.584375 0.753125 0.25 0.13125
2 0.6453125 0.540625 0.2 0.103125