2 0.47265625 0.38359375 0.0921875 0.2703125
2 0.16640625 0.40390625 0.2671875 0.2296875
2 0.24453125 0.11015625 0.296875 0.128125
4 0.559375 0.31640625 0.08125 0.1984375
2 0.36796875 0.634375 0.3015625 0.153125
2 0.36328125 0.8421875 0.3109375 0.196875
2 0.3546875 0.96484375 0.278125 0.0703125
2 0.08203125 0.90390625 0.1640625 0.1265625
2 0.09296875 0.7828125 0.1859375 0.109375
2 0.14609375 0.6734375 0.0859375 0.0859375
5 0.940625 0.93828125 0.11875 0.1234375
5 0.7890625 0.921875 0.14375 0.15625
5 0.6203125 0.925 0.15625 0.15
5 0.534375 0.93515625 0.03125 0.1296875
5 0.828125 0.71171875 0.071875 0.3859375