2 0.0828125 0.346875 0.165625 0.184375
2 0.20859375 0.19609375 0.1484375 0.2234375
2 0.2484375 0.11328125 0.09375 0.215625
2 0.3234375 0.046875 0.090625 0.09375
0 0.80703125 0.31640625 0.3234375 0.2453125
0 0.4046875 0.21328125 0.071875 0.0734375
3 0.05234375 0.8890625 0.1046875 0.221875
5 0.95 0.4828125 0.1 0.0875
5 0.74765625 0.475 0.1671875 0.071875
5 0.66796875 0.62265625 0.2171875 0.175
5 0.53984375 0.809375 0.2921875 0.2984375
5 0.40390625 0.671875 0.0703125 0.1125
5 0.42109375 0.80703125 0.1046875 0.1046875
5 0.4359375 0.9078125 0.134375 0.184375
5 0.58671875 0.81328125 0.2234375 0.1921875
5 0.69765625 0.4921875 0.1546875 0.10625
5 0.8609375 0.471875 0.125 0.065625