2 0.2171875 0.5640625 0.165625 0.196875
2 0.0609375 0.4375 0.121875 0.1
2 0.27109375 0.38515625 0.0578125 0.0890625
2 0.0671875 0.3203125 0.134375 0.08125
2 0.12109375 0.22578125 0.1765625 0.0546875
1 0.7421875 0.35546875 0.40625 0.2828125
1 0.82421875 0.18046875 0.3515625 0.2078125
2 0.2390625 0.89140625 0.121875 0.1765625
2 0.07265625 0.89765625 0.140625 0.184375
2 0.38515625 0.82890625 0.1078125 0.1796875
2 0.5546875 0.87109375 0.08125 0.2578125
2 0.79375 0.86953125 0.0875 0.2609375
2 0.65078125 0.8140625 0.1203125 0.15
2 0.91875 0.85234375 0.1 0.2265625
2 0.78671875 0.80234375 0.0859375 0.1265625