2 0.375 0.1796875 0.103125 0.359375
2 0.2515625 0.0234375 0.1125 0.046875
2 0.26328125 0.04921875 0.0984375 0.0984375
2 0.26796875 0.0796875 0.0890625 0.159375
2 0.2703125 0.2859375 0.090625 0.146875
2 0.096875 0.02734375 0.19375 0.0546875
2 0.06484375 0.07890625 0.1296875 0.1578125
2 0.07890625 0.2578125 0.1578125 0.203125
0 0.784375 0.2484375 0.171875 0.1109375
0 0.68984375 0.3546875 0.0953125 0.009375
0 0.6328125 0.1328125 0.115625 0.06875
0 0.76015625 0.0625 0.1296875 0.0796875
0 0.58984375 0.03671875 0.1 0.059375
0 0.9484375 0.01640625 0.084375 0.0328125
2 0.46875 0.91328125 0.09375 0.1734375
2 0.31171875 0.87421875 0.0859375 0.2515625
2 0.19296875 0.87890625 0.1234375 0.2421875
2 0.36171875 0.55 0.1265625 0.1265625
2 0.1890625 0.5578125 0.1984375 0.1078125
2 0.04609375 0.53984375 0.0921875 0.0921875
2 0.0484375 0.78984375 0.096875 0.3171875
2 0.05 0.7921875 0.1 0.36875
2 0.01640625 0.7828125 0.0328125 0.365625
2 0.0640625 0.5265625 0.128125 0.121875
2 0.40703125 0.72421875 0.14375 0.153125
2 0.221875 0.68828125 0.175 0.1125
2 0.95390625 0.85859375 0.0921875 0.1546875
2 0.82265625 0.85546875 0.115625 0.1375
2 0.65 0.85390625 0.15625 0.2015625