2 0.44453125 0.384375 0.2703125 0.06875
2 0.13203125 0.39140625 0.2640625 0.0546875
2 0.48984375 0.22265625 0.1796875 0.2015625
2 0.2 0.2375 0.2546875 0.2015625
2 0.21953125 0.05390625 0.2890625 0.1078125
2 0.496875 0.04609375 0.165625 0.0921875
2 0.03359375 0.165625 0.0671875 0.296875
1 0.8125 0.053125 0.16875 0.10625
1 0.89453125 0.05703125 0.2109375 0.1140625
1 0.78984375 0.209375 0.4203125 0.41875
1 0.75390625 0.209375 0.3484375 0.41875
1 0.69453125 0.14765625 0.2296875 0.2953125
2 0.04609375 0.52265625 0.0921875 0.2078125
2 0.25546875 0.5046875 0.2515625 0.171875
2 0.490625 0.49296875 0.178125 0.1484375
2 0.46953125 0.76953125 0.175 0.2984375
2 0.178125 0.8109375 0.2796875 0.328125
0 0.73046875 0.4671875 0.0921875 0.096875
0 0.615625 0.46796875 0.071875 0.0703125
0 0.58984375 0.4625 0.0203125 0.0875