2 0.77890625 0.03828125 0.1390625 0.0765625
2 0.85390625 0.2046875 0.140625 0.23125
2 0.92578125 0.04296875 0.1234375 0.0859375
2 0.975 0.1953125 0.05 0.175
2 0.609375 0.07578125 0.2125 0.1515625
2 0.4640625 0.078125 0.0875 0.13125
2 0.40390625 0.06484375 0.0390625 0.0875
1 0.18359375 0.88515625 0.3109375 0.2296875
1 0.2078125 0.7203125 0.2625 0.203125
1 0.12578125 0.88359375 0.2515625 0.2328125
1 0.2640625 0.61640625 0.15 0.1046875
2 0.77265625 0.94296875 0.0859375 0.1140625
2 0.65390625 0.94765625 0.1234375 0.1046875
2 0.82265625 0.6875 0.1265625 0.1265625
2 0.65 0.6953125 0.1984375 0.1078125
2 0.440625 0.678125 0.184375 0.0921875
2 0.459375 0.884375 0.19375 0.23125
2 0.3890625 0.87265625 0.1 0.2546875
2 0.35546875 0.86875 0.0328125 0.2625
2 0.403125 0.6640625 0.128125 0.121875
2 0.86796875 0.86171875 0.14375 0.1546875
2 0.6828125 0.82578125 0.175 0.1125