2 0.0671875 0.40625 0.103125 0.30625
2 0.059375 0.13515625 0.11875 0.2046875
2 0.059375 0.04921875 0.11875 0.0984375
2 0.059375 0.034375 0.11875 0.06875
5 0.49609375 0.0515625 0.3296875 0.103125
5 0.84453125 0.0546875 0.3109375 0.109375
5 0.79921875 0.3375 0.4015625 0.1125
5 0.83125 0.5125 0.2875 0.09375
5 0.5828125 0.521875 0.1 0.075
5 0.30859375 0.35078125 0.2078125 0.096875
5 0.496875 0.40234375 0.1546875 0.171875
5 0.165625 0.290625 0.09375 0.1125
5 0.23203125 0.03828125 0.1328125 0.0765625
5 0.14375 0.03046875 0.05 0.0609375
5 0.25234375 0.184375 0.1234375 0.16875
5 0.19609375 0.48203125 0.11875 0.1359375
1 0.559375 0.7796875 0.88125 0.440625