2 0.07109375 0.815625 0.1421875 0.203125
2 0.28125 0.81171875 0.2265625 0.234375
2 0.4921875 0.79453125 0.1671875 0.21875
2 0.66796875 0.78984375 0.1421875 0.221875
2 0.81640625 0.73828125 0.1140625 0.178125
2 0.08203125 0.61328125 0.1640625 0.1703125
2 0.35546875 0.59375 0.315625 0.134375
2 0.65 0.575 0.246875 0.121875
2 0.9015625 0.61015625 0.1734375 0.2375
2 0.21015625 0.3984375 0.2546875 0.203125
2 0.48515625 0.409375 0.2609375 0.1796875
2 0.73515625 0.40234375 0.1984375 0.1609375
2 0.9015625 0.4125 0.0578125 0.1234375
2 0.54140625 0.19375 0.265625 0.1765625
2 0.240625 0.171875 0.2421875 0.19375