2 0.0765625 0.4359375 0.153125 0.2875
2 0.23515625 0.14375 0.18125 0.259375
2 0.06875 0.06640625 0.1375 0.1328125
2 0.03359375 0.25703125 0.0671875 0.2984375
2 0.046875 0.48359375 0.09375 0.2390625
2 0.390625 0.0640625 0.178125 0.128125
0 0.934375 0.15390625 0.125 0.128125
0 0.5328125 0.37421875 0.10625 0.1390625
0 0.5109375 0.428125 0.0625 0.15
0 0.53046875 0.56171875 0.1015625 0.1296875
0 0.60234375 0.0828125 0.109375 0.05625
0 0.521875 0.059375 0.084375 0.08125
0 0.51796875 0.21328125 0.0765625 0.0609375
0 0.9734375 0.02890625 0.053125 0.0546875
3 0.1953125 0.91484375 0.390625 0.1703125
2 0.81796875 0.91171875 0.1859375 0.1765625
2 0.92890625 0.72890625 0.0921875 0.0578125