2 0.153125 0.34140625 0.30625 0.1171875
2 0.40546875 0.3078125 0.1078125 0.221875
2 0.18828125 0.1375 0.25 0.2109375
2 0.0484375 0.14765625 0.096875 0.2953125
2 0.04140625 0.20625 0.0828125 0.196875
2 0.04765625 0.06328125 0.0953125 0.1265625
2 0.04296875 0.04140625 0.0859375 0.0828125
2 0.18046875 0.0421875 0.2296875 0.084375
2 0.4109375 0.075 0.096875 0.15
2 0.39453125 0.16015625 0.1078125 0.0890625
5 0.68984375 0.0125 0.2328125 0.025
5 0.89296875 0.021875 0.2140625 0.04375
5 0.77109375 0.03046875 0.4078125 0.0609375
5 0.7296875 0.24140625 0.540625 0.3546875
5 0.6515625 0.05703125 0.309375 0.1140625
4 0.42578125 0.93984375 0.0671875 0.1203125
1 0.95625 0.92421875 0.0875 0.1515625
1 0.82734375 0.92421875 0.3171875 0.1515625