2 0.240625 0.496875 0.09375 0.184375
2 0.0609375 0.490625 0.121875 0.196875
2 0.5046875 0.50703125 0.16875 0.1640625
2 0.32421875 0.2234375 0.109375 0.2734375
2 0.18046875 0.23671875 0.15 0.2765625
2 0.5 0.23984375 0.228125 0.2984375
2 0.0375 0.2265625 0.075 0.271875
2 0.628125 0.54140625 0.046875 0.0953125
5 0.75703125 0.409375 0.0359375 0.359375
5 0.7671875 0.365625 0.05625 0.446875
5 0.87421875 0.36640625 0.1203125 0.4453125
2 0.8703125 0.82890625 0.259375 0.1171875
2 0.90546875 0.6875 0.1890625 0.14375