2 0.07578125 0.0171875 0.1515625 0.034375
2 0.1046875 0.015625 0.209375 0.03125
2 0.140625 0.0390625 0.28125 0.078125
2 0.2046875 0.1765625 0.353125 0.14375
2 0.2734375 0.36796875 0.290625 0.1640625
1 0.709375 0.225 0.58125 0.45
1 0.6796875 0.27890625 0.521875 0.3421875
2 0.0734375 0.87734375 0.146875 0.2453125
2 0.09765625 0.66796875 0.1953125 0.1484375
2 0.26953125 0.803125 0.290625 0.1984375
0 0.4484375 0.884375 0.0390625 0.1625
0 0.590625 0.9234375 0.078125 0.153125
0 0.9671875 0.98828125 0.0375 0.0234375
0 0.9140625 0.98515625 0.040625 0.0296875
0 0.796875 0.7984375 0.0609375 0.128125
0 0.57265625 0.61015625 0.075 0.1421875
0 0.48203125 0.634375 0.06875 0.1515625
0 0.6953125 0.5625 0.071875 0.1234375
0 0.92109375 0.66875 0.075 0.1
0 0.80390625 0.6015625 0.0796875 0.1515625
0 0.7078125 0.48125 0.065625 0.0625
0 0.98203125 0.478125 0.0359375 0.05625