2 0.07890625 0.03203125 0.1578125 0.0640625
2 0.30390625 0.0296875 0.3890625 0.059375
2 0.52578125 0.0453125 0.1265625 0.090625
2 0.22578125 0.28984375 0.4515625 0.5796875
2 0.5484375 0.43203125 0.08125 0.2953125
2 0.02265625 0.44453125 0.0453125 0.2703125
2 0.65 0.09609375 0.121875 0.1921875
2 0.7703125 0.40546875 0.234375 0.3484375
2 0.86953125 0.04765625 0.1984375 0.0953125
2 0.94296875 0.23203125 0.1140625 0.3421875
0 0.015625 0.91484375 0.03125 0.1015625
0 0.178125 0.83359375 0.0890625 0.1
0 0.11875 0.95234375 0.059375 0.0953125
0 0.27578125 0.8390625 0.0765625 0.1375
0 0.40859375 0.9078125 0.0421875 0.184375
0 0.46328125 0.71875 0.0828125 0.0796875
0 0.55078125 0.81015625 0.0765625 0.0671875
0 0.30625 0.59140625 0.084375 0.0234375
0 0.021875 0.828125 0.04375 0.053125
0 0.0125 0.5859375 0.025 0.0125
0 0.6703125 0.7890625 0.1625 0.059375
0 0.85 0.825 0.1578125 0.0515625
0 0.9765625 0.84375 0.046875 0.0625
0 0.89609375 0.9203125 0.1171875 0.0734375
0 0.7171875 0.8859375 0.11875 0.075
0 0.62734375 0.86875 0.0765625 0.075
0 0.62734375 0.74609375 0.0765625 0.0734375
0 0.61484375 0.73046875 0.0515625 0.0578125
0 0.64921875 0.9765625 0.0921875 0.046875
0 0.6046875 0.94296875 0.03125 0.0390625