2 0.44140625 0.4171875 0.0359375 0.265625
2 0.275 0.3921875 0.153125 0.240625
2 0.396875 0.12734375 0.125 0.2546875
2 0.23359375 0.12109375 0.1421875 0.2421875
0 0.5375 0.3109375 0.15625 0.059375
0 0.7140625 0.346875 0.15625 0.0515625
0 0.875 0.36640625 0.1140625 0.0625
0 0.97265625 0.38203125 0.0546875 0.0609375
0 0.91953125 0.4609375 0.134375 0.090625
0 0.76015625 0.4421875 0.1171875 0.0734375
0 0.58125 0.4078125 0.11875 0.075
0 0.49765625 0.390625 0.0765625 0.075
0 0.49765625 0.26796875 0.0765625 0.0734375
0 0.48515625 0.25234375 0.0515625 0.0578125
0 0.5140625 0.5046875 0.09375 0.059375
0 0.475 0.46484375 0.03125 0.0390625
0 0.9046875 0.53359375 0.075 0.0328125
1 0.06875 0.69296875 0.1375 0.1515625
1 0.121875 0.815625 0.24375 0.196875
1 0.2140625 0.93984375 0.375 0.1203125
1 0.37734375 0.9359375 0.1640625 0.128125
1 0.3578125 0.784375 0.203125 0.19375
1 0.28203125 0.68359375 0.2546875 0.1421875
1 0.134375 0.5828125 0.225 0.065625
1 0.40859375 0.5703125 0.1015625 0.040625
1 0.22265625 0.58203125 0.1578125 0.0640625
1 0.04765625 0.5859375 0.0953125 0.071875
2 0.803125 0.88515625 0.39375 0.2296875
2 0.57578125 0.8859375 0.2328125 0.228125
2 0.8265625 0.6453125 0.346875 0.190625
2 0.5796875 0.62421875 0.240625 0.1484375