2 0.0734375 0.42421875 0.146875 0.4078125
2 0.24375 0.28671875 0.1828125 0.2671875
2 0.428125 0.134375 0.1671875 0.159375
2 0.57265625 0.09765625 0.0796875 0.0859375
2 0.7703125 0.1875 0.20625 0.15625
2 0.9453125 0.22265625 0.109375 0.153125
2 0.946875 0.421875 0.10625 0.1765625
2 0.94765625 0.6546875 0.1046875 0.203125
2 0.93515625 0.89453125 0.1296875 0.2109375
2 0.75078125 0.909375 0.1734375 0.18125
2 0.75859375 0.728125 0.2234375 0.1578125
2 0.471875 0.79609375 0.1546875 0.3125
2 0.57734375 0.44921875 0.146875 0.2484375
2 0.40703125 0.5453125 0.1328125 0.15
2 0.28671875 0.7203125 0.121875 0.184375
2 0.76796875 0.4640625 0.2109375 0.3296875
2 0.42578125 0.3609375 0.125 0.2109375