2 0.35078125 0.09921875 0.2171875 0.1984375
2 0.31484375 0.03984375 0.2890625 0.0796875
2 0.89609375 0.05546875 0.2078125 0.1109375
2 0.64921875 0.03046875 0.1796875 0.0609375
1 0.13125 0.8359375 0.2625 0.328125
1 0.38984375 0.675 0.1390625 0.15625
1 0.25859375 0.4921875 0.4015625 0.2375
1 0.1015625 0.584375 0.203125 0.25
5 0.67734375 0.828125 0.2484375 0.34375
5 0.7625 0.61640625 0.371875 0.0984375
5 0.51015625 0.5421875 0.1015625 0.228125
5 0.57734375 0.39765625 0.2359375 0.1265625
5 0.97734375 0.5859375 0.0453125 0.090625
5 0.89296875 0.44921875 0.2140625 0.0890625
5 0.73828125 0.4078125 0.0671875 0.071875
5 0.89453125 0.3453125 0.2109375 0.10625
5 0.66171875 0.2828125 0.2265625 0.065625
5 0.4953125 0.28125 0.071875 0.0625