1 0.61328125 0.53046875 0.0359375 0.0828125
1 0.640625 0.50859375 0.0359375 0.046875
1 0.67265625 0.509375 0.034375 0.053125
1 0.67734375 0.54375 0.0515625 0.0546875
1 0.703125 0.54140625 0.0390625 0.0609375
1 0.7015625 0.50390625 0.05 0.059375
1 0.6140625 0.47265625 0.0328125 0.0375
1 0.64375 0.4703125 0.0359375 0.0484375
1 0.61953125 0.4453125 0.0390625 0.0359375
1 0.64296875 0.44140625 0.0328125 0.0375
1 0.67109375 0.43828125 0.03125 0.0375
1 0.7 0.44140625 0.028125 0.0421875
1 0.72109375 0.4375 0.0359375 0.0484375
1 0.75078125 0.4421875 0.034375 0.0390625
1 0.75859375 0.50546875 0.0625 0.046875
1 0.77109375 0.53984375 0.053125 0.0546875
1 0.8140625 0.53984375 0.0453125 0.053125
1 0.8421875 0.534375 0.05 0.046875
1 0.87890625 0.53828125 0.05625 0.0609375
1 0.8015625 0.4984375 0.05 0.0484375
1 0.84375 0.49375 0.065625 0.0421875
1 0.54765625 0.375 0.0984375 0.1328125
1 0.475 0.26328125 0.0671875 0.0796875
1 0.57109375 0.28125 0.08125 0.0484375
1 0.6671875 0.26796875 0.0828125 0.0515625
1 0.7625 0.26015625 0.075 0.0546875
1 0.85703125 0.2484375 0.0640625 0.0609375
1 0.78515625 0.35390625 0.075 0.059375
1 0.66796875 0.37109375 0.075 0.0703125
1 0.4796875 0.521875 0.08125 0.078125
1 0.45390625 0.3765625 0.0296875 0.075
1 0.66796875 0.17421875 0.0796875 0.0484375
5 0.32734375 0.80078125 0.1140625 0.0640625
5 0.41328125 0.82421875 0.0515625 0.1109375
5 0.31640625 0.8 0.0703125 0.0625
5 0.26328125 0.79296875 0.0703125 0.0484375
5 0.21328125 0.82265625 0.1515625 0.1078125
5 0.19921875 0.7796875 0.0609375 0.021875
5 0.190625 0.78984375 0.05 0.0421875
5 0.08359375 0.7859375 0.0546875 0.034375
5 0.10703125 0.7765625 0.0234375 0.015625
5 0.10078125 0.7921875 0.0453125 0.046875
5 0.03046875 0.7890625 0.0609375 0.040625
5 0.03203125 0.79140625 0.0640625 0.0453125
5 0.02578125 0.7921875 0.0515625 0.046875
5 0.0140625 0.79453125 0.028125 0.0515625
5 0.021875 0.7890625 0.04375 0.040625
5 0.0859375 0.7859375 0.05625 0.034375
5 0.01171875 0.7921875 0.0234375 0.046875
5 0.00703125 0.7765625 0.0140625 0.015625
2 0.80859375 0.884375 0.2140625 0.23125
2 0.590625 0.89453125 0.115625 0.2109375