2 0.62421875 0.03515625 0.0890625 0.0703125
2 0.44453125 0.375 0.359375 0.1640625
2 0.46171875 0.22578125 0.31875 0.0640625
2 0.471875 0.12578125 0.2203125 0.0640625
2 0.4890625 0.04453125 0.1609375 0.05625
2 0.11953125 0.409375 0.2390625 0.121875
2 0.1328125 0.26875 0.2140625 0.065625
2 0.2109375 0.1875 0.175 0.0359375
2 0.27109375 0.13125 0.1671875 0.0234375
2 0.31015625 0.06640625 0.0875 0.0578125
2 0.71796875 0.41875 0.0984375 0.1625
2 0.72734375 0.25078125 0.1171875 0.1484375
2 0.85703125 0.38515625 0.2859375 0.1984375
1 0.24375 0.8375 0.45625 0.325
1 0.51484375 0.846875 0.3078125 0.30625
1 0.25859375 0.5953125 0.2171875 0.190625
1 0.38984375 0.58984375 0.2046875 0.1796875
1 0.09765625 0.5921875 0.1953125 0.184375
1 0.053125 0.52421875 0.10625 0.0484375
1 0.15390625 0.525 0.1203125 0.05
1 0.51015625 0.59765625 0.2203125 0.1875
1 0.59140625 0.5984375 0.1546875 0.19375
1 0.246875 0.51875 0.140625 0.0375
5 0.73671875 0.675 0.1359375 0.11875
5 0.68125 0.70078125 0.025 0.0828125
5 0.72109375 0.5375 0.1046875 0.075
5 0.75625 0.64296875 0.175 0.1140625
5 0.83125 0.5390625 0.20625 0.078125
5 0.94375 0.6703125 0.08125 0.075
5 0.6890625 0.63125 0.040625 0.140625
5 0.69765625 0.51015625 0.0578125 0.0203125