2 0.846875 0.83671875 0.234375 0.3203125
2 0.48671875 0.80390625 0.3484375 0.284375
2 0.1296875 0.82265625 0.259375 0.3546875
2 0.890625 0.51640625 0.1765625 0.2609375
2 0.584375 0.51640625 0.328125 0.2109375
2 0.21171875 0.528125 0.3296875 0.20625
2 0.934375 0.26328125 0.13125 0.228125
2 0.6625 0.284375 0.303125 0.2015625
2 0.3109375 0.2984375 0.2546875 0.2015625
2 0.33125 0.08828125 0.2890625 0.1609375
2 0.70078125 0.08046875 0.35 0.1453125
2 0.95234375 0.06796875 0.0953125 0.1359375
2 0.06796875 0.22734375 0.1359375 0.296875