2 0.4125 0.43671875 0.2578125 0.3109375
2 0.65546875 0.521875 0.1890625 0.19375
2 0.66640625 0.334375 0.1671875 0.134375
2 0.10625 0.26015625 0.1953125 0.146875
2 0.3015625 0.18125 0.1765625 0.0859375
2 0.50703125 0.23046875 0.0546875 0.096875
2 0.48515625 0.11640625 0.1765625 0.046875
5 0.9390625 0.1671875 0.121875 0.10625
5 0.91171875 0.3984375 0.11875 0.0875
5 0.81796875 0.24296875 0.1359375 0.1703125
5 0.940625 0.06796875 0.11875 0.1359375
5 0.80859375 0.0515625 0.1171875 0.103125
1 0.375 0.809375 0.75 0.38125
0 0.90859375 0.79609375 0.1234375 0.1015625
0 0.7828125 0.74609375 0.065625 0.1109375
0 0.7765625 0.75 0.053125 0.115625