2 0.4734375 0.18671875 0.253125 0.2421875
4 0.84453125 0.22890625 0.2453125 0.2515625
5 0.29375 0.77734375 0.171875 0.2484375
5 0.0890625 0.7921875 0.178125 0.203125
5 0.04375 0.81875 0.0875 0.159375
5 0.48046875 0.8046875 0.0875 0.196875
0 0.8125 0.890625 0.121875 0.09375
0 0.88125 0.64765625 0.1 0.109375
0 0.61875 0.8140625 0.0375 0.090625
0 0.625 0.97578125 0.05 0.0484375
0 0.61484375 0.78671875 0.0296875 0.0890625
0 0.61640625 0.92578125 0.0328125 0.1171875
0 0.6234375 0.615625 0.046875 0.09375
0 0.6609375 0.83828125 0.09375 0.1046875
0 0.81171875 0.7484375 0.0859375 0.103125
0 0.96875 0.58984375 0.0625 0.1015625
0 0.6953125 0.53203125 0.0890625 0.0640625
0 0.6375 0.7078125 0.075 0.1