2 0.29453125 0.67265625 0.0828125 0.0328125
2 0.2171875 0.46796875 0.24375 0.2421875
2 0.1125 0.64453125 0.225 0.0890625
2 0.04453125 0.62109375 0.0890625 0.0765625
2 0.06484375 0.46796875 0.1296875 0.1578125
2 0.12890625 0.20390625 0.2578125 0.0578125
2 0.27578125 0.19140625 0.1265625 0.0359375
2 0.1453125 0.0703125 0.2421875 0.025
2 0.046875 0.08046875 0.09375 0.0171875
1 0.66953125 0.50390625 0.6609375 0.3703125
1 0.66953125 0.15625 0.6609375 0.3125
4 0.30859375 0.71875 0.0609375 0.059375
4 0.30078125 0.85078125 0.0765625 0.2203125