2 0.27890625 0.275 0.0796875 0.321875
2 0.11875 0.25625 0.1890625 0.24375
2 0.0328125 0.2375 0.065625 0.203125
2 0.04921875 0.23359375 0.0984375 0.1671875
2 0.02265625 0.2453125 0.0453125 0.13125
2 0.19140625 0.059375 0.0953125 0.1046875
2 0.23125 0.0328125 0.1625 0.065625
2 0.0796875 0.02734375 0.10625 0.0546875
2 0.07734375 0.09609375 0.1171875 0.075
2 0.0265625 0.02578125 0.053125 0.0515625
2 0.05859375 0.10234375 0.1171875 0.0609375
2 0.01953125 0.0390625 0.0390625 0.059375
2 0.0125 0.12421875 0.025 0.0484375
5 0.396875 0.55234375 0.15625 0.0546875
5 0.5546875 0.55 0.140625 0.059375
5 0.7734375 0.54375 0.14375 0.071875
5 0.91640625 0.45703125 0.0953125 0.2296875
5 0.76328125 0.09296875 0.1578125 0.1375
5 0.5953125 0.06015625 0.153125 0.0796875
5 0.42265625 0.05546875 0.1671875 0.078125
5 0.346875 0.05703125 0.05625 0.0453125
5 0.33984375 0.35703125 0.0421875 0.4453125
2 0.21953125 0.684375 0.1484375 0.209375
2 0.2109375 0.88828125 0.134375 0.2234375