2 0.4203125 0.35625 0.275 0.20625
2 0.18046875 0.36328125 0.1515625 0.1921875
2 0.43046875 0.0796875 0.1296875 0.159375
2 0.60703125 0.0765625 0.1234375 0.153125
2 0.0484375 0.1203125 0.096875 0.13125
5 0.959375 0.0453125 0.08125 0.090625
5 0.86875 0.05390625 0.115625 0.0953125
5 0.77734375 0.06875 0.0953125 0.0859375
5 0.70625 0.05625 0.075 0.1125
5 0.70859375 0.20234375 0.0796875 0.0828125
5 0.83671875 0.19609375 0.121875 0.053125
5 0.96015625 0.20078125 0.0796875 0.0984375
5 0.8921875 0.3203125 0.215625 0.0875
5 0.77109375 0.33046875 0.2046875 0.1046875
5 0.1796875 0.94140625 0.165625 0.1171875
5 0.3421875 0.934375 0.140625 0.1125
5 0.5609375 0.9328125 0.14375 0.134375
5 0.55 0.49296875 0.15625 0.0671875
5 0.3828125 0.47890625 0.153125 0.0390625
5 0.21015625 0.47890625 0.1671875 0.0390625
5 0.053125 0.4703125 0.10625 0.021875
5 0.02109375 0.74140625 0.0421875 0.4984375
5 0.05234375 0.965625 0.1046875 0.06875