2 0.153125 0.4015625 0.053125 0.065625
2 0.07734375 0.403125 0.025 0.0390625
2 0.0734375 0.2703125 0.1125 0.1453125
2 0.1625 0.26328125 0.0546875 0.13125
2 0.028125 0.37890625 0.05625 0.0578125
2 0.01328125 0.36171875 0.0265625 0.0453125
2 0.01953125 0.26953125 0.0390625 0.0953125
2 0.03828125 0.1109375 0.0765625 0.034375
2 0.1171875 0.1046875 0.1296875 0.021875
2 0.13046875 0.01875 0.09375 0.021875
2 0.034375 0.03046875 0.06875 0.0140625
2 0.0140625 0.0375 0.028125 0.009375
5 0.55703125 0.009375 0.0140625 0.01875
5 0.5578125 0.0109375 0.015625 0.021875
5 0.55625 0.01171875 0.0125 0.0234375
5 0.55859375 0.0078125 0.0171875 0.015625
5 0.56328125 0.0046875 0.0265625 0.009375
5 0.5640625 0.01953125 0.028125 0.0328125
5 0.56015625 0.00546875 0.0203125 0.0109375
5 0.5609375 0.01875 0.021875 0.01875
5 0.55625 0.0046875 0.0125 0.009375
5 0.5609375 0.015625 0.021875 0.015625
0 0.01484375 0.66015625 0.0296875 0.0609375
0 0.15546875 0.6640625 0.1046875 0.06875
3 0.75703125 0.825 0.1859375 0.1828125