2 0.0703125 0.46328125 0.140625 0.1859375
2 0.12578125 0.23359375 0.1609375 0.240625
2 0.03203125 0.396875 0.0640625 0.2
5 0.89765625 0.02265625 0.2046875 0.0453125
5 0.8171875 0.065625 0.1125 0.13125
5 0.6390625 0.06640625 0.178125 0.075
5 0.534375 0.2234375 0.096875 0.2421875
5 0.46484375 0.38203125 0.1109375 0.1328125
5 0.44140625 0.546875 0.0640625 0.184375
5 0.53671875 0.53671875 0.1671875 0.2046875
5 0.7765625 0.39453125 0.2296875 0.178125
5 0.94765625 0.3625 0.1046875 0.190625
5 0.9828125 0.1578125 0.034375 0.190625
5 0.66484375 0.0171875 0.2046875 0.034375
5 0.46640625 0.015625 0.1140625 0.03125
1 0.20234375 0.83203125 0.4046875 0.3359375
1 0.1359375 0.69921875 0.271875 0.1203125
1 0.27265625 0.7515625 0.2734375 0.225
1 0.134375 0.709375 0.26875 0.140625
1 0.0921875 0.69140625 0.184375 0.1046875
1 0.075 0.678125 0.15 0.078125
3 0.97578125 0.86875 0.0484375 0.121875
3 0.96640625 0.696875 0.0671875 0.084375
3 0.81875 0.8375 0.121875 0.1