4 0.9265625 0.26953125 0.146875 0.4703125
4 0.8984375 0.5765625 0.203125 0.025
1 0.140625 0.721875 0.28125 0.24375
1 0.39140625 0.7484375 0.396875 0.28125
1 0.44453125 0.90234375 0.3890625 0.1953125
1 0.1515625 0.9078125 0.303125 0.184375
0 0.83515625 0.609375 0.0296875 0.040625
0 0.734375 0.61328125 0.1 0.0484375
0 0.6671875 0.6140625 0.05625 0.05
0 0.746875 0.6375 0.215625 0.096875
0 0.66015625 0.6078125 0.0421875 0.0375
0 0.64921875 0.60546875 0.0203125 0.0328125
0 0.65234375 0.6046875 0.0265625 0.03125
0 0.65546875 0.60625 0.0328125 0.034375