2 0.03671875 0.025 0.0734375 0.05
2 0.0890625 0.04375 0.10625 0.0875
2 0.21796875 0.034375 0.1359375 0.06875
2 0.05390625 0.03203125 0.1078125 0.0640625
2 0.02265625 0.02421875 0.0453125 0.0484375
2 0.02265625 0.03203125 0.0453125 0.0640625
2 0.0109375 0.0140625 0.021875 0.028125
2 0.06015625 0.015625 0.1203125 0.03125
2 0.0515625 0.009375 0.103125 0.01875
2 0.0328125 0.03359375 0.065625 0.0671875
2 0.040625 0.0140625 0.08125 0.028125
3 0.35078125 0.003125 0.0234375 0.00625
3 0.02890625 0.2484375 0.0578125 0.01875