2 0.046875 0.28046875 0.09375 0.2984375
2 0.1140625 0.25078125 0.15625 0.3078125
2 0.25546875 0.19609375 0.0859375 0.18125
2 0.48359375 0.053125 0.0921875 0.10625
2 0.31328125 0.0484375 0.1609375 0.096875
2 0.15546875 0.03359375 0.0578125 0.0671875
2 0.0375 0.05625 0.075 0.1125
2 0.41953125 0.01796875 0.1046875 0.0359375
2 0.11640625 0.03828125 0.0546875 0.0765625
2 0.0234375 0.05546875 0.046875 0.1109375
0 0.80390625 0.18046875 0.0828125 0.159375
0 0.81171875 0.3265625 0.0390625 0.090625
0 0.8703125 0.340625 0.0390625 0.0734375
0 0.56953125 0.1515625 0.075 0.0765625
3 0.26484375 0.85 0.5296875 0.3