2 0.1359375 0.5765625 0.271875 0.409375
2 0.1640625 0.90703125 0.2984375 0.1859375
2 0.34765625 0.69765625 0.171875 0.328125
2 0.5421875 0.83203125 0.159375 0.3359375
2 0.7234375 0.83671875 0.140625 0.3265625
2 0.91640625 0.84375 0.1671875 0.3125
2 0.8828125 0.5515625 0.21875 0.2265625
2 0.8640625 0.3515625 0.271875 0.0984375
2 0.83125 0.1734375 0.3375 0.146875
2 0.828125 0.0390625 0.34375 0.06875
2 0.51953125 0.26640625 0.2953125 0.134375
2 0.47109375 0.08984375 0.30625 0.16875
2 0.1453125 0.10078125 0.290625 0.1875
2 0.17265625 0.27734375 0.334375 0.1484375