5 0.478125 0.49296875 0.2375 0.1921875
5 0.90390625 0.49140625 0.1171875 0.0984375
5 0.5578125 0.35703125 0.3703125 0.1
5 0.39296875 0.2828125 0.0671875 0.228125
5 0.4265625 0.13828125 0.134375 0.1265625
5 0.84453125 0.32734375 0.1875 0.0921875
5 0.9765625 0.3203125 0.046875 0.0625
5 0.93359375 0.21484375 0.1328125 0.1171875
5 0.7140625 0.190625 0.2625 0.0890625
5 0.53359375 0.1484375 0.0671875 0.071875
5 0.69140625 0.08671875 0.2125 0.1078125
5 0.89140625 0.11796875 0.159375 0.1015625
5 0.46484375 0.0328125 0.2109375 0.065625
5 0.38515625 0.03125 0.0515625 0.0625
5 0.03203125 0.6078125 0.0640625 0.0375
5 0.03984375 0.60703125 0.0796875 0.0359375
5 0.0484375 0.625 0.096875 0.071875
5 0.03828125 0.6203125 0.0765625 0.0625
5 0.03984375 0.6375 0.0796875 0.096875
5 0.03515625 0.77421875 0.0703125 0.2609375
0 0.4875 0.6484375 0.25625 0.11875