2 0.2703125 0.02265625 0.184375 0.0453125
2 0.2890625 0.22265625 0.19375 0.3140625
2 0.0890625 0.2109375 0.178125 0.3375
2 0.01640625 0.20703125 0.0328125 0.3453125
2 0.07734375 0.03046875 0.1546875 0.0609375
1 0.63203125 0.31328125 0.4453125 0.1328125
1 0.8578125 0.2921875 0.284375 0.175
1 0.96796875 0.23671875 0.0640625 0.1671875
1 0.4953125 0.284375 0.171875 0.190625
1 0.6640625 0.25078125 0.31875 0.15625
1 0.8546875 0.20078125 0.2421875 0.134375
1 0.9484375 0.15234375 0.103125 0.1109375
1 0.51171875 0.1703125 0.2046875 0.06875
1 0.678125 0.13828125 0.221875 0.078125
1 0.83671875 0.121875 0.2046875 0.0703125
1 0.89296875 0.0796875 0.0015625 0.00625
1 0.91015625 0.05390625 0.1203125 0.071875
1 0.81640625 0.07734375 0.1796875 0.059375
2 0.2328125 0.8671875 0.240625 0.265625
2 0.0609375 0.87578125 0.121875 0.2484375
2 0.09140625 0.48984375 0.1828125 0.2203125
2 0.3109375 0.4734375 0.196875 0.1875
1 0.66953125 0.46015625 0.5203125 0.1609375
1 0.8203125 0.6890625 0.359375 0.61875
1 0.54921875 0.50859375 0.2796875 0.2578125
1 0.7046875 0.72578125 0.590625 0.5484375