2 0.1375 0.45390625 0.275 0.1390625
2 0.465625 0.42421875 0.16875 0.1453125
2 0.059375 0.27109375 0.11875 0.1515625
2 0.671875 0.321875 0.1859375 0.153125
2 0.828125 0.2015625 0.209375 0.0890625
2 0.64453125 0.115625 0.15625 0.0765625
2 0.6015625 0.2328125 0.103125 0.071875
2 0.9453125 0.115625 0.109375 0.109375
2 0.80625 0.10859375 0.1171875 0.059375
5 0.11953125 0.834375 0.2390625 0.128125
5 0.04140625 0.7921875 0.0828125 0.1
5 0.0453125 0.86875 0.090625 0.1375
4 0.79921875 0.76328125 0.3015625 0.3671875
4 0.6140625 0.65625 0.128125 0.153125
4 0.59453125 0.940625 0.0890625 0.11875
4 0.98125 0.78984375 0.0375 0.4203125