2 0.3671875 0.03515625 0.3125 0.0703125
2 0.41953125 0.01875 0.1765625 0.0375
2 0.11484375 0.0515625 0.0734375 0.0703125
2 0.165625 0.00859375 0.03125 0.0171875
2 0.0328125 0.140625 0.065625 0.109375
2 0.0109375 0.0484375 0.021875 0.053125
2 0.08984375 0.00625 0.0640625 0.0125
2 0.15078125 0.003125 0.0734375 0.00625
2 0.26484375 0.00703125 0.1109375 0.0140625
2 0.73203125 0.05390625 0.0640625 0.1078125
2 0.74140625 0.165625 0.0828125 0.10625
2 0.74765625 0.32734375 0.0953125 0.1953125
2 0.91640625 0.425 0.1671875 0.103125
0 0.0765625 0.678125 0.028125 0.0203125
0 0.23125 0.65078125 0.0375 0.0203125
0 0.2171875 0.634375 0.0375 0.009375
0 0.0140625 0.71953125 0.028125 0.0265625
0 0.04921875 0.7125 0.0328125 0.03125
0 0.1828125 0.71484375 0.0375 0.015625
0 0.353125 0.63984375 0.025 0.0234375
0 0.396875 0.65234375 0.05625 0.021875
0 0.4484375 0.653125 0.0390625 0.0234375
0 0.390625 0.6890625 0.0265625 0.028125
0 0.365625 0.70234375 0.03125 0.0140625
0 0.30546875 0.62734375 0.053125 0.0109375
0 0.1078125 0.6328125 0.053125 0.0140625
0 0.1046875 0.653125 0.03125 0.01875
0 0.04609375 0.6453125 0.0203125 0.028125
0 0.01484375 0.64140625 0.0296875 0.0234375
0 0.1125 0.696875 0.040625 0.028125
0 0.29296875 0.68359375 0.025 0.0265625
0 0.44375 0.63046875 0.053125 0.0125
0 0.45390625 0.67734375 0.04375 0.0203125
0 0.34609375 0.6765625 0.0515625 0.0234375
0 0.2015625 0.69296875 0.0421875 0.0203125
0 0.184375 0.640625 0.03125 0.0171875
0 0.78828125 0.59765625 0.1765625 0.0765625
0 0.86640625 0.5703125 0.0859375 0.021875
0 0.97421875 0.5828125 0.0515625 0.046875
0 0.96796875 0.58671875 0.0640625 0.0546875
0 0.83671875 0.59921875 0.1140625 0.071875