2 0.16328125 0.07890625 0.3109375 0.1578125
2 0.47890625 0.075 0.2203125 0.15
2 0.5171875 0.32578125 0.14375 0.2859375
2 0.29921875 0.31484375 0.2546875 0.3078125
2 0.078125 0.33203125 0.15 0.2734375
2 0.1765625 0.0375 0.184375 0.075
2 0.39921875 0.034375 0.2546875 0.06875
2 0.0359375 0.0234375 0.071875 0.046875
2 0.62578125 0.2265625 0.0734375 0.41875
2 0.62421875 0.315625 0.0703125 0.30625
2 0.8015625 0.3546875 0.246875 0.228125
2 0.50625 0.84765625 0.165625 0.3046875
2 0.303125 0.8375 0.1890625 0.24375
2 0.1171875 0.81953125 0.1328125 0.203125
2 0.04921875 0.81484375 0.0984375 0.1671875
2 0.02265625 0.8265625 0.0453125 0.13125
2 0.37578125 0.640625 0.0953125 0.1046875
2 0.415625 0.52578125 0.1625 0.1140625
2 0.26484375 0.55 0.10625 0.1125
2 0.26171875 0.67734375 0.1171875 0.075
2 0.14453125 0.60078125 0.109375 0.065625
2 0.08203125 0.68359375 0.1640625 0.0609375
2 0.04375 0.6203125 0.0796875 0.059375
2 0.0125 0.70546875 0.025 0.0484375
3 0.82109375 0.79375 0.34375 0.4109375
3 0.69453125 0.78984375 0.2109375 0.1640625