2 0.18984375 0.309375 0.3796875 0.28125
2 0.50390625 0.04140625 0.4046875 0.0828125
2 0.5765625 0.03203125 0.265625 0.0640625
2 0.2640625 0.021875 0.16875 0.04375
2 0.115625 0.03125 0.23125 0.0625
2 0.08359375 0.12265625 0.1671875 0.1234375
2 0.5515625 0.028125 0.3 0.05625
2 0.24375 0.02578125 0.19375 0.0515625
2 0.034375 0.02734375 0.06875 0.0546875
5 0.7609375 0.3703125 0.103125 0.31875
5 0.92734375 0.36640625 0.1453125 0.3265625
1 0.3546875 0.76484375 0.709375 0.4703125
2 0.84921875 0.9609375 0.2453125 0.078125