4 0.8734375 0.278125 0.23125 0.2546875
1 0.2140625 0.65859375 0.428125 0.1078125
1 0.21484375 0.78984375 0.4296875 0.1890625
1 0.21484375 0.93046875 0.4296875 0.1390625
1 0.11484375 0.628125 0.2296875 0.05625
1 0.365625 0.65859375 0.128125 0.1046875
1 0.35546875 0.61796875 0.1484375 0.0359375
1 0.16328125 0.61015625 0.3265625 0.0203125
2 0.5078125 0.66796875 0.15625 0.1359375
2 0.8046875 0.6796875 0.34375 0.159375
2 0.8984375 0.69296875 0.203125 0.1859375
2 0.55078125 0.6546875 0.2421875 0.109375
2 0.62734375 0.8421875 0.3203125 0.2375
2 0.9625 0.92890625 0.075 0.1421875