2 0.084375 0.24296875 0.16875 0.1984375
2 0.271875 0.33515625 0.2 0.134375
2 0.23203125 0.13046875 0.2265625 0.240625
2 0.07578125 0.03984375 0.1515625 0.0796875
4 0.84375 0.20703125 0.275 0.4140625
5 0.3875 0.53984375 0.084375 0.0859375
5 0.3078125 0.8203125 0.24375 0.221875
5 0.1390625 0.5609375 0.1671875 0.1671875
5 0.19609375 0.4921875 0.1640625 0.046875
5 0.359375 0.4984375 0.109375 0.059375
5 0.27734375 0.5453125 0.1296875 0.1265625
5 0.03359375 0.4921875 0.0671875 0.046875
5 0.0890625 0.4921875 0.0875 0.046875
3 0.80234375 0.64609375 0.3640625 0.3546875