2 0.1265625 0.840625 0.2265625 0.171875
2 0.4078125 0.8484375 0.25625 0.1640625
2 0.70234375 0.85390625 0.2421875 0.165625
2 0.165625 0.63203125 0.203125 0.2265625
2 0.553125 0.6421875 0.3375 0.2234375
2 0.825 0.44453125 0.3421875 0.1125
2 0.3265625 0.4421875 0.4140625 0.13125
2 0.6078125 0.32265625 0.325 0.0875
2 0.584375 0.2265625 0.2796875 0.08125
2 0.55859375 0.12890625 0.284375 0.08125
2 0.28125 0.3078125 0.23125 0.08125
2 0.82265625 0.0421875 0.2421875 0.084375
2 0.9015625 0.30390625 0.196875 0.159375
2 0.875 0.62578125 0.25 0.209375