2 0.19453125 0.6171875 0.3046875 0.14375
2 0.23046875 0.01875 0.1921875 0.0375
2 0.07265625 0.18515625 0.1453125 0.1734375
4 0.496875 0.534375 0.2046875 0.2265625
0 0.0171875 0.93203125 0.034375 0.1203125
0 0.10234375 0.975 0.0453125 0.05
0 0.01640625 0.97578125 0.0328125 0.0484375
0 0.21328125 0.8421875 0.0359375 0.053125
0 0.3515625 0.7359375 0.075 0.09375
0 0.12109375 0.7140625 0.0609375 0.05
0 0.03125 0.72109375 0.0625 0.0640625
0 0.0125 0.72578125 0.025 0.0734375
0 0.21796875 0.72265625 0.0421875 0.0671875
0 0.26171875 0.72265625 0.0265625 0.0671875
0 0.2390625 0.7203125 0.059375 0.0625
0 0.3421875 0.72109375 0.06875 0.0640625
0 0.35390625 0.8625 0.0390625 0.0796875
0 0.31015625 0.89140625 0.046875 0.05
0 0.16484375 0.91640625 0.0328125 0.065625
0 0.07109375 0.87890625 0.0390625 0.053125
0 0.1234375 0.75078125 0.0546875 0.1125
0 0.01796875 0.746875 0.0359375 0.115625
5 0.63828125 0.94609375 0.0828125 0.09375
5 0.553125 0.74375 0.059375 0.109375
5 0.43046875 0.7296875 0.0828125 0.08125
5 0.921875 0.8453125 0.15625 0.11875
5 0.825 0.74140625 0.225 0.1046875
5 0.53828125 0.71875 0.2984375 0.059375