2 0.403125 0.68203125 0.25625 0.1359375
2 0.14453125 0.678125 0.2203125 0.14375
2 0.059375 0.6703125 0.11875 0.159375
2 0.47265625 0.4765625 0.1328125 0.234375
2 0.315625 0.4796875 0.13125 0.2046875
2 0.16484375 0.4640625 0.13125 0.240625
2 0.040625 0.47265625 0.08125 0.2171875
2 0.03671875 0.4546875 0.0734375 0.21875
2 0.30546875 0.27734375 0.1390625 0.1546875
2 0.10390625 0.26171875 0.1640625 0.1234375
2 0.03671875 0.2609375 0.0734375 0.121875
2 0.0390625 0.2515625 0.078125 0.125
2 0.034375 0.66796875 0.06875 0.1640625
2 0.03125 0.44921875 0.0625 0.1578125
4 0.82265625 0.4515625 0.321875 0.3421875
4 0.1484375 0.8375 0.25 0.175
1 0.76953125 0.9453125 0.4609375 0.109375
1 0.84609375 0.91875 0.3078125 0.1625
1 0.73671875 0.821875 0.3953125 0.14375
1 0.76953125 0.80625 0.4609375 0.1125
1 0.84609375 0.79453125 0.3078125 0.0890625