2 0.453125 0.12109375 0.053125 0.0953125
2 0.4625 0.2734375 0.034375 0.196875
2 0.4671875 0.51640625 0.025 0.2390625
2 0.2046875 0.1546875 0.3875 0.1125
2 0.19921875 0.42421875 0.2625 0.3171875
2 0.27890625 0.6609375 0.2203125 0.05625
0 0.51171875 0.2171875 0.0640625 0.0625
0 0.76328125 0.29375 0.053125 0.0859375
0 0.64140625 0.3109375 0.0796875 0.0390625
0 0.53984375 0.4 0.0734375 0.0453125
0 0.50234375 0.309375 0.0453125 0.08125
0 0.496875 0.45625 0.034375 0.06875
0 0.52734375 0.11640625 0.0953125 0.0671875
0 0.50234375 0.09140625 0.0453125 0.0484375
0 0.58828125 0.140625 0.1140625 0.0578125
0 0.49140625 0.14375 0.0234375 0.05625
0 0.64296875 0.23984375 0.16875 0.065625
0 0.49609375 0.29921875 0.0328125 0.0453125
1 0.1890625 0.84453125 0.378125 0.3109375
1 0.23984375 0.84453125 0.4796875 0.3109375
3 0.72109375 0.95234375 0.4828125 0.0953125
3 0.76015625 0.81953125 0.4328125 0.2609375
3 0.759375 0.73515625 0.34375 0.0921875
3 0.7609375 0.71328125 0.26875 0.0484375
3 0.7734375 0.70546875 0.234375 0.0328125
3 0.76484375 0.72421875 0.1546875 0.0703125