2 0.43984375 0.22734375 0.0578125 0.3078125
2 0.15078125 0.25390625 0.3015625 0.3515625
2 0.084375 0.26015625 0.16875 0.3390625
2 0.38984375 0.04296875 0.1578125 0.0859375
2 0.11484375 0.04765625 0.2296875 0.0953125
2 0.0578125 0.05234375 0.115625 0.1046875
2 0.01796875 0.05234375 0.0359375 0.1046875
2 0.2265625 0.00703125 0.453125 0.0140625
5 0.225 0.53671875 0.090625 0.103125
5 0.35390625 0.5171875 0.0984375 0.11875
5 0.44296875 0.5234375 0.0515625 0.125
5 0.05 0.534375 0.1 0.0875
5 0.040625 0.53828125 0.08125 0.0546875
5 0.04375 0.634375 0.0875 0.0875
5 0.03125 0.55546875 0.0625 0.0578125
5 0.03359375 0.63203125 0.0671875 0.0484375
5 0.01953125 0.56171875 0.0390625 0.0515625
5 0.0328125 0.62421875 0.065625 0.0421875
1 0.734375 0.71484375 0.53125 0.5703125