0 0.0234375 0.296875 0.0171875 0.03125
0 0.003125 0.23046875 0.00625 0.0421875
0 0.0125 0.21796875 0.025 0.0734375
2 0.0234375 0.346875 0.046875 0.115625
2 0.05078125 0.21171875 0.0859375 0.0859375
2 0.025 0.1390625 0.05 0.05
1 0.82109375 0.08828125 0.1046875 0.1765625
1 0.81640625 0.0859375 0.0953125 0.171875
1 0.796875 0.0203125 0.05625 0.040625
1 0.80078125 0.0234375 0.0640625 0.046875
1 0.8015625 0.0203125 0.065625 0.040625
1 0.8015625 0.01640625 0.065625 0.0328125
0 0.10078125 0.65625 0.0234375 0.0125
0 0.175 0.653125 0.021875 0.00625
0 0.17265625 0.65625 0.0328125 0.0125
0 0.125 0.6546875 0.028125 0.009375
0 0.09140625 0.6609375 0.0234375 0.021875
0 0.01484375 0.659375 0.0296875 0.01875
0 0.01875 0.65625 0.025 0.0125
0 0.0609375 0.65546875 0.046875 0.0109375
0 0.05078125 0.6546875 0.0265625 0.009375
0 0.10625 0.6546875 0.0125 0.009375
0 0.1421875 0.6546875 0.01875 0.009375
0 0.053125 0.65390625 0.01875 0.0078125
0 0.15078125 0.653125 0.0140625 0.00625
0 0.18828125 0.65390625 0.0171875 0.0078125
0 0.1296875 0.65625 0.025 0.0125
0 0.82421875 0.6890625 0.1109375 0.078125
0 0.78828125 0.675 0.0390625 0.05
0 0.80546875 0.67421875 0.0734375 0.0484375
0 0.93515625 0.6734375 0.0484375 0.046875
0 0.796875 0.7 0.05625 0.1
0 0.79609375 0.93984375 0.0546875 0.1203125
0 0.80078125 0.69140625 0.0640625 0.0828125
0 0.90390625 0.671875 0.0921875 0.04375
0 0.96015625 0.67578125 0.0796875 0.0515625