2 0.2125 0.278125 0.246875 0.334375
2 0.196875 0.06171875 0.1875 0.0796875
2 0.3578125 0.05078125 0.103125 0.1015625
2 0.3828125 0.24375 0.053125 0.25625
2 0.2625 0.040625 0.29375 0.08125
2 0.03828125 0.04609375 0.0765625 0.0921875
0 0.578125 0.2640625 0.0890625 0.1078125
0 0.4421875 0.565625 0.065625 0.128125
0 0.85625 0.45390625 0.075 0.0984375
0 0.44375 0.4515625 0.06875 0.065625
0 0.63046875 0.584375 0.0765625 0.090625
1 0.18828125 0.76953125 0.3765625 0.2796875
5 0.5015625 0.684375 0.171875 0.109375
5 0.4234375 0.6921875 0.028125 0.125
5 0.8 0.66796875 0.1625 0.0765625
5 0.9546875 0.64921875 0.090625 0.0390625
5 0.64609375 0.64296875 0.1015625 0.0265625