2 0.2296875 0.13671875 0.1 0.1421875
2 0.07421875 0.15390625 0.1484375 0.1546875
1 0.63984375 0.23984375 0.7203125 0.4796875
2 0.23984375 0.95 0.0796875 0.1
2 0.109375 0.95859375 0.13125 0.0828125
2 0.0328125 0.9421875 0.065625 0.115625
2 0.034375 0.95234375 0.06875 0.0953125
2 0.03671875 0.94296875 0.0734375 0.1140625
2 0.09921875 0.81796875 0.1390625 0.153125
2 0.040625 0.8015625 0.08125 0.121875
2 0.03671875 0.8015625 0.0734375 0.121875
2 0.0390625 0.7921875 0.078125 0.125
2 0.03125 0.95546875 0.0625 0.0890625
2 0.78359375 0.92421875 0.3953125 0.1515625
2 0.45 0.959375 0.228125 0.08125
2 0.37578125 0.83828125 0.1921875 0.1296875
2 0.79765625 0.7671875 0.3015625 0.10625