2 0.46171875 0.26015625 0.15 0.190625
2 0.42421875 0.3984375 0.1765625 0.0625
2 0.26953125 0.29453125 0.175 0.1640625
2 0.246875 0.40703125 0.159375 0.0453125
2 0.0921875 0.31484375 0.1484375 0.134375
2 0.06328125 0.41328125 0.1265625 0.0328125
2 0.025 0.40078125 0.05 0.0578125
2 0.24765625 0.19453125 0.1640625 0.1
2 0.01796875 0.30390625 0.0359375 0.0859375
2 0.08671875 0.20078125 0.109375 0.0703125
2 0.459375 0.1125 0.159375 0.0625
1 0.70625 0.1703125 0.334375 0.340625
1 0.76953125 0.21484375 0.4609375 0.4296875
1 0.7953125 0.07578125 0.409375 0.1515625
1 0.89609375 0.13359375 0.2078125 0.2671875
1 0.22421875 0.61484375 0.4484375 0.3703125
1 0.2328125 0.81875 0.465625 0.3625
1 0.44375 0.84296875 0.190625 0.3140625
1 0.4265625 0.5984375 0.225 0.3375
1 0.43046875 0.46875 0.2171875 0.078125
1 0.08515625 0.6 0.1703125 0.340625
2 0.72890625 0.7765625 0.3796875 0.10625
2 0.8875 0.63359375 0.225 0.1765625
2 0.86796875 0.9203125 0.2640625 0.159375
2 0.58515625 0.60078125 0.0921875 0.1828125
2 0.68203125 0.48359375 0.1390625 0.1078125
2 0.63828125 0.66640625 0.115625 0.140625