2 0.621875 0.19921875 0.04375 0.1390625
2 0.64921875 0.25 0.0984375 0.30625
2 0.69296875 0.06015625 0.1859375 0.1203125
2 0.9375 0.0578125 0.125 0.115625
2 0.88203125 0.3703125 0.2328125 0.278125
2 0.6703125 0.38515625 0.140625 0.1828125
2 0.89921875 0.196875 0.2015625 0.0734375
2 0.32890625 0.853125 0.18125 0.259375
2 0.15078125 0.7453125 0.1625 0.19375
2 0.03359375 0.90859375 0.0671875 0.1828125
2 0.4859375 0.61796875 0.18125 0.2171875
3 0.65703125 0.684375 0.1140625 0.1875
3 0.6734375 0.875 0.146875 0.16875