2 0.1546875 0.1953125 0.309375 0.10625
2 0.49453125 0.1953125 0.2890625 0.075
2 0.3046875 0.0703125 0.278125 0.140625
2 0.315625 0.3625 0.3765625 0.20625
2 0.57734375 0.41875 0.1234375 0.2
2 0.04609375 0.05546875 0.0921875 0.1109375
2 0.0453125 0.4796875 0.090625 0.078125
2 0.07265625 0.0296875 0.1390625 0.059375
2 0.04296875 0.084375 0.0859375 0.140625
5 0.5796875 0.8390625 0.11875 0.1
5 0.509375 0.91015625 0.2078125 0.1171875
5 0.1140625 0.94609375 0.228125 0.1078125
5 0.2515625 0.971875 0.215625 0.05625
5 0.34296875 0.9015625 0.1890625 0.109375
5 0.43828125 0.83046875 0.1609375 0.1203125
5 0.1921875 0.84375 0.1109375 0.0875
5 0.31796875 0.80546875 0.0625 0.028125
5 0.07890625 0.8671875 0.128125 0.0828125
5 0.02734375 0.890625 0.0546875 0.1125
5 0.025 0.921875 0.05 0.125
0 0.66640625 0.85 0.0546875 0.134375
0 0.97890625 0.7375 0.0421875 0.19375
0 0.846875 0.90234375 0.096875 0.1515625
0 0.85703125 0.6515625 0.1421875 0.1515625
0 0.67578125 0.55078125 0.0734375 0.0640625
0 0.67265625 0.54609375 0.0671875 0.0546875
0 0.76640625 0.5375 0.0796875 0.0375
0 0.65859375 0.534375 0.0390625 0.03125
0 0.6546875 0.553125 0.03125 0.06875