2 0.325 0.3140625 0.409375 0.171875
2 0.5734375 0.04453125 0.0875 0.0890625
2 0.6375 0.13203125 0.215625 0.2640625
2 0.72734375 0.03515625 0.1984375 0.0703125
2 0.871875 0.0640625 0.25625 0.128125
2 0.90234375 0.0421875 0.1015625 0.084375
2 0.425 0.59296875 0.209375 0.0859375
2 0.45234375 0.5046875 0.1546875 0.05
2 0.4625 0.44140625 0.134375 0.0390625
2 0.18828125 0.59296875 0.13125 0.0671875
2 0.26015625 0.5203125 0.1171875 0.0546875
2 0.303125 0.46015625 0.121875 0.0328125
2 0.025 0.603125 0.05 0.03125
1 0.740625 0.825 0.421875 0.35
1 0.9203125 0.834375 0.159375 0.33125
1 0.7390625 0.56875 0.21875 0.1953125
1 0.8703125 0.56171875 0.20625 0.1859375
1 0.60234375 0.5578125 0.1453125 0.203125
1 0.56015625 0.44609375 0.0609375 0.0921875
1 0.63359375 0.45 0.1203125 0.1
1 0.93984375 0.571875 0.1203125 0.1875
1 0.72734375 0.46171875 0.140625 0.0765625