2 0.3 0.52109375 0.359375 0.1546875
2 0.2875 0.36171875 0.384375 0.0984375
2 0.0265625 0.51015625 0.053125 0.1515625
2 0.340625 0.22734375 0.271875 0.1234375
2 0.06171875 0.20078125 0.1234375 0.1203125
1 0.73984375 0.04609375 0.5203125 0.0921875
1 0.73984375 0.14375 0.5203125 0.2875
1 0.73984375 0.43125 0.5203125 0.475
2 0.14609375 0.97734375 0.0921875 0.0453125
2 0.23984375 0.89921875 0.125 0.1890625
2 0.8921875 0.7484375 0.096875 0.159375
2 0.99296875 0.7984375 0.0140625 0.15625
2 0.78125 0.92890625 0.203125 0.1421875
2 0.60546875 0.8296875 0.1171875 0.221875
2 0.5078125 0.89765625 0.05625 0.2046875
2 0.553125 0.73828125 0.146875 0.1390625
2 0.57265625 0.71875 0.1859375 0.1
2 0.73828125 0.7171875 0.1046875 0.096875
2 0.50546875 0.86875 0.0515625 0.196875