2 0.175 0.35625 0.35 0.2625
2 0.5484375 0.35859375 0.140625 0.2640625
2 0.525 0.1265625 0.1875 0.178125
2 0.16328125 0.1328125 0.303125 0.153125
2 0.03125 0.13984375 0.0625 0.1453125
2 0.16875 0.015625 0.3375 0.03125
3 0.75078125 0.23359375 0.2640625 0.2859375
1 0.16015625 0.62890625 0.3203125 0.1984375
1 0.309375 0.8640625 0.61875 0.271875
1 0.27421875 0.8921875 0.5484375 0.215625
1 0.39765625 0.76484375 0.4421875 0.4703125
1 0.47578125 0.671875 0.2859375 0.284375
1 0.1296875 0.69140625 0.259375 0.3234375
1 0.16484375 0.6328125 0.3296875 0.20625
1 0.22109375 0.60390625 0.4328125 0.1484375
1 0.809375 0.76484375 0.38125 0.4703125