1 0.6609375 0.209375 0.678125 0.41875
1 0.159375 0.85234375 0.31875 0.2953125
1 0.215625 0.8375 0.20625 0.325
1 0.09921875 0.64375 0.1984375 0.234375
1 0.15625 0.61640625 0.3125 0.2109375
1 0.2296875 0.61796875 0.178125 0.2203125
1 0.07734375 0.50546875 0.1546875 0.1734375
1 0.1453125 0.496875 0.259375 0.153125
1 0.22890625 0.50546875 0.1796875 0.1390625
0 0.946875 0.83515625 0.10625 0.0890625
0 0.39765625 0.83984375 0.075 0.153125
0 0.66640625 0.5375 0.0734375 0.090625
0 0.45 0.50078125 0.0640625 0.053125
0 0.38828125 0.6078125 0.0859375 0.0875
0 0.48984375 0.81875 0.0421875 0.084375
0 0.890625 0.72890625 0.0609375 0.0828125
0 0.83515625 0.6734375 0.0421875 0.0625
0 0.87109375 0.42578125 0.0703125 0.0140625
0 0.8890625 0.43046875 0.075 0.0234375
0 0.5640625 0.4328125 0.0875 0.028125
0 0.490625 0.434375 0.046875 0.03125
0 0.515625 0.578125 0.0296875 0.0453125
0 0.3359375 0.4390625 0.034375 0.040625
0 0.6703125 0.98046875 0.046875 0.0390625
0 0.8203125 0.5 0.11875 0.0546875
0 0.71875 0.43671875 0.0875 0.0359375
0 0.48515625 0.43515625 0.0328125 0.0328125
0 0.40859375 0.4296875 0.0546875 0.021875
0 0.528125 0.95546875 0.103125 0.0890625
0 0.67265625 0.89296875 0.1125 0.1125
0 0.34140625 0.68984375 0.0453125 0.0921875