2 0.153125 0.59453125 0.30625 0.1390625
2 0.43125 0.5484375 0.096875 0.0625
2 0.10625 0.38671875 0.190625 0.19375
2 0.125 0.18984375 0.1078125 0.159375
2 0.36796875 0.365625 0.2234375 0.203125
1 0.73984375 0.334375 0.5203125 0.66875
4 0.0265625 0.8796875 0.053125 0.121875
4 0.05703125 0.84609375 0.059375 0.0671875
4 0.1796875 0.88125 0.1375 0.08125
4 0.321875 0.8734375 0.1125 0.065625
4 0.33984375 0.96015625 0.1484375 0.0796875
4 0.015625 0.9625 0.03125 0.075
5 0.81796875 0.77890625 0.2328125 0.121875
5 0.90234375 0.9171875 0.1953125 0.165625
5 0.55 0.76796875 0.140625 0.0984375
5 0.61953125 0.88125 0.134375 0.078125