2 0.2015625 0.3234375 0.275 0.190625
2 0.5734375 0.209375 0.2125 0.146875
2 0.5875 0.059375 0.184375 0.11875
2 0.14375 0.05078125 0.175 0.1015625
2 0.734375 0.40234375 0.109375 0.0328125
2 0.75078125 0.39765625 0.1421875 0.0421875
2 0.73125 0.403125 0.103125 0.03125
2 0.85 0.3078125 0.221875 0.121875
2 0.73203125 0.2640625 0.1046875 0.15625
2 0.7078125 0.25390625 0.05625 0.1859375
2 0.70703125 0.2484375 0.0546875 0.20625
2 0.70703125 0.1796875 0.0546875 0.128125
2 0.94375 0.1859375 0.1125 0.0875
2 0.765625 0.17734375 0.090625 0.08125
2 0.47734375 0.58671875 0.15 0.190625
2 0.440625 0.75078125 0.1765625 0.1140625
2 0.28515625 0.62109375 0.175 0.1640625
2 0.2625 0.75390625 0.159375 0.0859375
2 0.1078125 0.64140625 0.1484375 0.1328125
2 0.07109375 0.7671875 0.1421875 0.0875
2 0.025 0.7625 0.05 0.128125
2 0.26328125 0.52109375 0.1640625 0.1
2 0.01796875 0.63046875 0.0359375 0.0859375
2 0.10234375 0.52734375 0.109375 0.0703125
2 0.48125 0.44453125 0.171875 0.0515625
3 0.83984375 0.60859375 0.3203125 0.3796875