2 0.1734375 0.4703125 0.31875 0.059375
2 0.13046875 0.2421875 0.2609375 0.109375
2 0.04453125 0.20625 0.0890625 0.14375
2 0.140625 0.10390625 0.14375 0.0734375
2 0.03828125 0.08203125 0.0765625 0.0640625
2 0.0578125 0.33828125 0.115625 0.1046875
2 0.03203125 0.0515625 0.0640625 0.0625
2 0.01875 0.13828125 0.0375 0.0578125
2 0.02421875 0.21796875 0.0484375 0.0921875
2 0.12265625 0.3765625 0.24375 0.1078125
2 0.578125 0.37578125 0.1078125 0.159375
2 0.8265625 0.475 0.234375 0.05
5 0.0328125 0.59140625 0.065625 0.1828125
5 0.2015625 0.93984375 0.184375 0.1203125
5 0.05390625 0.88046875 0.1078125 0.2390625
5 0.0359375 0.78828125 0.071875 0.2921875
5 0.02734375 0.621875 0.0546875 0.21875
1 0.87109375 0.67734375 0.2578125 0.3546875
1 0.5171875 0.6359375 0.096875 0.271875
1 0.57421875 0.64140625 0.2109375 0.2828125
1 0.69296875 0.63046875 0.2234375 0.2609375