2 0.51796875 0.4 0.1046875 0.0375
2 0.58125 0.27421875 0.05625 0.2296875
2 0.3921875 0.2625 0.2046875 0.2
2 0.153125 0.25859375 0.196875 0.2109375
2 0.05078125 0.253125 0.1015625 0.2125
2 0.4328125 0.0125 0.221875 0.025
2 0.45859375 0.0921875 0.190625 0.096875
2 0.1671875 0.0140625 0.284375 0.028125
2 0.0515625 0.0140625 0.103125 0.028125
2 0.17109375 0.09375 0.2515625 0.1
2 0.55703125 0.03046875 0.1046875 0.0609375
2 0.35703125 0.0390625 0.2109375 0.078125
2 0.1421875 0.04609375 0.1125 0.0921875
2 0.02734375 0.0515625 0.0546875 0.103125
2 0.02734375 0.03203125 0.0546875 0.0640625
2 0.53046875 0.0203125 0.0890625 0.040625
4 0.70546875 0.31015625 0.1921875 0.2171875
0 0.56484375 0.81875 0.0875 0.1171875
0 0.3390625 0.9640625 0.065625 0.071875
0 0.459375 0.959375 0.065625 0.08125
0 0.23515625 0.896875 0.040625 0.0515625
0 0.16640625 0.88984375 0.0375 0.078125
0 0.01484375 0.8859375 0.028125 0.075
0 0.01015625 0.87265625 0.0203125 0.0546875
0 0.3234375 0.7359375 0.05 0.059375
0 0.3796875 0.840625 0.0515625 0.096875
0 0.0375 0.6984375 0.075 0.078125
0 0.11796875 0.59609375 0.0671875 0.075
3 0.68359375 0.73125 0.1484375 0.296875