2 0.0546875 0.596875 0.109375 0.14375
2 0.10390625 0.59375 0.2078125 0.140625
2 0.065625 0.390625 0.13125 0.203125
2 0.05625 0.3921875 0.1125 0.215625
2 0.3015625 0.4671875 0.16875 0.2234375
2 0.4578125 0.4796875 0.084375 0.228125
2 0.2765625 0.24453125 0.25625 0.109375
2 0.0625 0.22109375 0.125 0.1078125
2 0.040625 0.23125 0.08125 0.0875
2 0.1796875 0.1265625 0.2046875 0.121875
2 0.39921875 0.1453125 0.109375 0.0859375
2 0.0734375 0.04921875 0.146875 0.0984375
2 0.15234375 0.02734375 0.2421875 0.0546875
2 0.68984375 0.52734375 0.3796875 0.2828125
2 0.80625 0.26796875 0.221875 0.171875
2 0.61484375 0.23515625 0.2296875 0.2234375
2 0.5703125 0.05078125 0.140625 0.1015625
2 0.86796875 0.0546875 0.2390625 0.109375
2 0.5890625 0.2734375 0.178125 0.175
1 0.25 0.90625 0.5 0.1875
1 0.85859375 0.91875 0.2828125 0.1625
1 0.93984375 0.76796875 0.1203125 0.1984375
1 0.91328125 0.73125 0.1734375 0.125
1 0.76328125 0.83828125 0.4453125 0.3234375
1 0.67734375 0.834375 0.3546875 0.33125