2 0.05 0.61328125 0.1 0.0734375
2 0.0328125 0.57265625 0.065625 0.1546875
2 0.296875 0.61171875 0.140625 0.0765625
2 0.1265625 0.51171875 0.1328125 0.1359375
2 0.0296875 0.3734375 0.059375 0.109375
2 0.0265625 0.42734375 0.053125 0.1234375
2 0.0421875 0.46484375 0.084375 0.1421875
2 0.02578125 0.51015625 0.0515625 0.1640625
2 0.07890625 0.2953125 0.1578125 0.09375
2 0.065625 0.184375 0.13125 0.121875
2 0.01953125 0.19609375 0.0390625 0.0828125
3 0.778125 0.44375 0.3265625 0.2859375
1 0.14453125 0.825 0.2890625 0.35
1 0.2296875 0.825 0.459375 0.35
1 0.228125 0.75546875 0.45625 0.2109375
1 0.11484375 0.71015625 0.2296875 0.1203125
1 0.09921875 0.775 0.1984375 0.25
3 0.7171875 0.94453125 0.515625 0.1109375
3 0.77578125 0.73046875 0.1984375 0.1609375
3 0.56171875 0.7515625 0.2046875 0.203125