2 0.13203125 0.1515625 0.2640625 0.303125
5 0.39609375 0.0203125 0.1546875 0.040625
5 0.5828125 0.0125 0.171875 0.025
5 0.37421875 0.2671875 0.1109375 0.20625
5 0.79296875 0.02890625 0.1859375 0.0578125
5 0.8109375 0.01171875 0.075 0.0234375
5 0.87265625 0.01328125 0.0734375 0.0265625
5 0.74375 0.0125 0.125 0.025
5 0.9359375 0.01640625 0.078125 0.0328125
5 0.98515625 0.0140625 0.0296875 0.028125
1 0.12421875 0.89765625 0.2484375 0.2046875
1 0.10859375 0.90546875 0.2171875 0.1890625
2 0.859375 0.93515625 0.28125 0.1296875
2 0.50390625 0.94921875 0.3046875 0.1015625
2 0.81875 0.73515625 0.3625 0.2140625
2 0.53984375 0.478125 0.1921875 0.0375
2 0.39140625 0.5421875 0.1453125 0.165625
2 0.8 0.54375 0.284375 0.16875