2 0.42265625 0.2265625 0.2734375 0.225
2 0.38671875 0.05 0.3453125 0.1
1 0.79375 0.471875 0.4125 0.19375
1 0.83125 0.29375 0.21875 0.1953125
1 0.9296875 0.28671875 0.140625 0.1859375
1 0.66484375 0.28359375 0.2078125 0.203125
1 0.61875 0.16875 0.11875 0.096875
1 0.7265625 0.17421875 0.121875 0.1015625
1 0.81953125 0.18671875 0.140625 0.0765625
2 0.36171875 0.778125 0.3953125 0.240625
2 0.4125 0.59296875 0.29375 0.0484375
2 0.0765625 0.6171875 0.153125 0.096875
2 0.0890625 0.76171875 0.178125 0.1453125
2 0.2796875 0.9390625 0.559375 0.0875
2 0.08671875 0.9265625 0.1734375 0.11875
2 0.93828125 0.8984375 0.1234375 0.203125
2 0.8578125 0.59921875 0.284375 0.0609375
2 0.878125 0.64921875 0.24375 0.1609375
2 0.64140625 0.67109375 0.1390625 0.2046875
2 0.87578125 0.71328125 0.2484375 0.0734375
2 0.71171875 0.90390625 0.3046875 0.1921875