2 0.38046875 0.11328125 0.0984375 0.2265625
2 0.52578125 0.0765625 0.1078125 0.153125
2 0.20078125 0.13203125 0.1578125 0.2640625
2 0.265625 0.046875 0.171875 0.09375
2 0.0921875 0.05078125 0.128125 0.1015625
2 0.2109375 0.0265625 0.125 0.053125
2 0.06015625 0.02421875 0.1203125 0.0484375
2 0.615625 0.08828125 0.071875 0.1765625
2 0.6421875 0.071875 0.125 0.14375
2 0.70625 0.06875 0.24375 0.1375
2 0.9109375 0.03359375 0.1125 0.0671875
2 0.659375 0.24453125 0.159375 0.1484375
1 0.125 0.48984375 0.25 0.3390625
1 0.3453125 0.49765625 0.46875 0.3578125
1 0.39609375 0.79921875 0.3671875 0.4015625
1 0.1734375 0.81015625 0.346875 0.3796875
1 0.07109375 0.3921875 0.1421875 0.146875
1 0.15078125 0.39375 0.3015625 0.15
1 0.35625 0.39375 0.340625 0.15
5 0.621875 0.6375 0.084375 0.175
5 0.59375 0.6578125 0.028125 0.165625
5 0.6203125 0.5875 0.08125 0.153125
5 0.703125 0.61484375 0.1296875 0.078125
5 0.77265625 0.7171875 0.1296875 0.10625
5 0.80703125 0.8203125 0.1296875 0.0859375
5 0.8390625 0.9828125 0.075 0.034375
5 0.6046875 0.4921875 0.05 0.05625