0 0.046875 0.02109375 0.08125 0.0421875
2 0.30390625 0.04921875 0.1359375 0.0984375
2 0.08203125 0.1640625 0.15 0.153125
2 0.28046875 0.1765625 0.1703125 0.1203125
2 0.14296875 0.04921875 0.1359375 0.0984375
2 0.32421875 0.0296875 0.1359375 0.059375
2 0.03046875 0.03203125 0.0609375 0.0640625
2 0.1515625 0.01171875 0.15 0.0234375
2 0.41484375 0.12890625 0.0546875 0.2578125
2 0.015625 0.18359375 0.03125 0.1734375
3 0.725 0.0328125 0.13125 0.065625
0 0.009375 0.6765625 0.01875 0.034375
0 0.00703125 0.67109375 0.0140625 0.0234375
0 0.0078125 0.66953125 0.015625 0.0203125
0 0.0109375 0.671875 0.021875 0.025
0 0.01171875 0.68125 0.0234375 0.04375
2 0.74296875 0.88046875 0.1671875 0.2390625
2 0.9265625 0.940625 0.146875 0.11875