2 0.09140625 0.340625 0.1828125 0.15625
2 0.05703125 0.3421875 0.1140625 0.1625
2 0.059375 0.18203125 0.11875 0.1234375
2 0.065625 0.17421875 0.13125 0.1796875
2 0.0359375 0.07109375 0.071875 0.0703125
2 0.02578125 0.02421875 0.0515625 0.0484375
2 0.03203125 0.0234375 0.0640625 0.046875
2 0.03828125 0.01171875 0.0765625 0.0234375
2 0.32109375 0.0171875 0.1203125 0.034375
2 0.146875 0.0203125 0.265625 0.040625
2 0.021875 0.0203125 0.04375 0.040625
4 0.75 0.034375 0.228125 0.06875
5 0.35859375 0.95703125 0.1015625 0.0859375
5 0.24765625 0.92890625 0.1703125 0.1421875
5 0.1234375 0.92265625 0.1265625 0.1171875
5 0.346875 0.7796875 0.125 0.121875
5 0.37734375 0.903125 0.0640625 0.0875
5 0.3625 0.66328125 0.09375 0.1171875
5 0.246875 0.8078125 0.1328125 0.1140625
5 0.15625 0.69453125 0.16875 0.0828125
5 0.1 0.81171875 0.1734375 0.1328125
5 0.0484375 0.921875 0.096875 0.071875
5 0.3046875 0.47734375 0.159375 0.0765625
5 0.13046875 0.475 0.1328125 0.071875
1 0.540625 0.6546875 0.2625 0.2875
1 0.54140625 0.58203125 0.2640625 0.2640625
1 0.5421875 0.55 0.265625 0.221875
1 0.58828125 0.53359375 0.2796875 0.1890625
1 0.7046875 0.89296875 0.590625 0.2140625
1 0.7671875 0.8375 0.465625 0.325
1 0.7984375 0.73984375 0.403125 0.2984375
1 0.78984375 0.65234375 0.375 0.265625
1 0.83984375 0.6171875 0.3203125 0.234375