2 0.2171875 0.26484375 0.1390625 0.153125
2 0.29140625 0.475 0.140625 0.23125
2 0.36328125 0.27890625 0.1234375 0.15625
2 0.434375 0.46640625 0.0921875 0.1765625
2 0.53671875 0.30703125 0.0640625 0.1171875
2 0.5515625 0.47421875 0.034375 0.1296875
2 0.4671875 0.30234375 0.0671875 0.1109375
2 0.0765625 0.34375 0.153125 0.15625
2 0.02109375 0.34765625 0.0421875 0.1296875
2 0.009375 0.334375 0.01875 0.0875
2 0.83203125 0.36953125 0.10625 0.28125
2 0.9203125 0.06875 0.1375 0.1375
2 0.7078125 0.03203125 0.15 0.0640625
2 0.60390625 0.59765625 0.0703125 0.1859375
2 0.73359375 0.6890625 0.0734375 0.1
2 0.61875 0.25078125 0.096875 0.2765625
5 0.425 0.86953125 0.2875 0.2609375
5 0.1046875 0.86953125 0.209375 0.2609375
5 0.05234375 0.86953125 0.1046875 0.2609375
5 0.065625 0.77265625 0.13125 0.0671875
5 0.14765625 0.77734375 0.2421875 0.0765625
5 0.04609375 0.7609375 0.0921875 0.04375
2 0.5953125 0.95390625 0.053125 0.0921875