2 0.17734375 0.15703125 0.1734375 0.15625
2 0.03046875 0.22890625 0.0609375 0.1078125
2 0.02578125 0.04375 0.0515625 0.0875
2 0.0265625 0.128125 0.053125 0.14375
2 0.0234375 0.03984375 0.046875 0.0796875
2 0.203125 0.01328125 0.13125 0.0265625
2 0.0375 0.03359375 0.075 0.0671875
2 0.03046875 0.03359375 0.0609375 0.0671875
2 0.09921875 0.0125 0.0703125 0.025
2 0.215625 0.03046875 0.046875 0.0609375
2 0.24375 0.01953125 0.05 0.0390625
2 0.46875 0.0296875 0.29375 0.059375
2 0.30234375 0.16953125 0.0671875 0.2484375
1 0.134375 0.66953125 0.26875 0.6609375
0 0.540625 0.66015625 0.1296875 0.0625
0 0.89453125 0.7359375 0.053125 0.0875
0 0.77265625 0.753125 0.0796875 0.0390625
0 0.67109375 0.8421875 0.0734375 0.0453125
0 0.4296875 0.7515625 0.0921875 0.08125
0 0.4640625 0.8984375 0.0703125 0.06875
0 0.41484375 0.559375 0.19375 0.0671875
0 0.56953125 0.534375 0.090625 0.05
0 0.71953125 0.5828125 0.1140625 0.0578125
0 0.28046875 0.5859375 0.0234375 0.05625
0 0.77421875 0.68203125 0.16875 0.065625
0 0.6078125 0.7421875 0.0671875 0.0453125