2 0.25 0.3875 0.253125 0.1625
2 0.07421875 0.1671875 0.1484375 0.128125
1 0.8203125 0.41953125 0.153125 0.0984375
1 0.92890625 0.4125 0.1421875 0.1125
1 0.98125 0.4171875 0.0375 0.103125
1 0.72265625 0.40859375 0.1421875 0.1203125
1 0.734375 0.34296875 0.128125 0.115625
1 0.7484375 0.2546875 0.1453125 0.103125
1 0.8375 0.26796875 0.153125 0.1625
1 0.8515625 0.18359375 0.1453125 0.10625
1 0.93984375 0.18515625 0.1203125 0.1015625
1 0.62109375 0.05390625 0.0984375 0.0640625
1 0.7015625 0.04921875 0.1296875 0.0859375
1 0.784375 0.05390625 0.1203125 0.0984375
1 0.8828125 0.046875 0.1171875 0.08125
1 0.54375 0.4203125 0.06875 0.096875
5 0.02734375 0.7015625 0.0546875 0.196875
5 0.03984375 0.54140625 0.0796875 0.0796875
5 0.04140625 0.4921875 0.0828125 0.046875
5 0.01875 0.765625 0.0375 0.078125
5 0.05234375 0.5359375 0.1046875 0.134375
5 0.04765625 0.55546875 0.0953125 0.1734375
5 0.10234375 0.6125 0.1375 0.1953125
5 0.0203125 0.7171875 0.040625 0.1
5 0.23359375 0.63984375 0.13125 0.1625
4 0.753125 0.66796875 0.2546875 0.3265625