2 0.39765625 0.1484375 0.1828125 0.296875
2 0.38671875 0.3875 0.2046875 0.1125
2 0.14296875 0.30625 0.234375 0.190625
0 0.73671875 0.16796875 0.1796875 0.078125
0 0.53125 0.15234375 0.084375 0.0453125
0 0.60078125 0.44765625 0.0734375 0.0046875
0 0.5171875 0.4328125 0.05625 0.03125
0 0.8375 0.3 0.2453125 0.121875
0 0.64140625 0.02109375 0.2421875 0.0421875
0 0.5609375 0.0421875 0.14375 0.05
0 0.10703125 0.7296875 0.0609375 0.0703125
0 0.22265625 0.75625 0.040625 0.10625
0 0.4140625 0.94296875 0.065625 0.0578125
0 0.29140625 0.721875 0.0625 0.028125
0 0.29140625 0.82421875 0.06875 0.084375
0 0.01171875 0.934375 0.0234375 0.03125
0 0.1203125 0.96953125 0.0359375 0.0546875
1 0.8296875 0.971875 0.2625 0.05625
1 0.903125 0.86015625 0.19375 0.1984375
1 0.959375 0.74453125 0.08125 0.1390625
1 0.85859375 0.77890625 0.1609375 0.121875
1 0.9125 0.684375 0.15 0.0953125
1 0.946875 0.61171875 0.10625 0.0828125
1 0.63046875 0.971875 0.2828125 0.05625