2 0.0265625 0.11953125 0.053125 0.2078125
2 0.07421875 0.30546875 0.1484375 0.2265625
2 0.24921875 0.084375 0.1234375 0.16875
2 0.40546875 0.27421875 0.140625 0.2171875
2 0.5328125 0.07265625 0.1375 0.1453125
2 0.59375 0.34765625 0.090625 0.1421875
2 0.33515625 0.4109375 0.2484375 0.015625
2 0.06484375 0.06875 0.1296875 0.1375
2 0.0671875 0.03984375 0.11875 0.0796875
2 0.75390625 0.17421875 0.2296875 0.1546875
2 0.75 0.03203125 0.221875 0.0640625
2 0.659375 0.16328125 0.040625 0.1515625
2 0.70625 0.03046875 0.134375 0.0609375
2 0.67734375 0.0296875 0.0765625 0.059375
2 0.31953125 0.9640625 0.6390625 0.071875
1 0.81953125 0.709375 0.3609375 0.58125