2 0.51015625 0.4984375 0.1796875 0.321875
2 0.3 0.4796875 0.1890625 0.24375
2 0.1140625 0.46171875 0.1328125 0.2015625
2 0.04921875 0.45703125 0.0984375 0.1671875
2 0.02265625 0.46875 0.0453125 0.13125
2 0.37265625 0.2828125 0.0953125 0.103125
2 0.41328125 0.16015625 0.1625 0.13125
2 0.575 0.10703125 0.05 0.0640625
2 0.26171875 0.1921875 0.10625 0.1109375
2 0.25859375 0.31953125 0.1171875 0.075
2 0.14140625 0.24296875 0.1078125 0.065625
2 0.08046875 0.32578125 0.1609375 0.0609375
2 0.040625 0.2625 0.0796875 0.059375
2 0.0125 0.34765625 0.025 0.0484375
5 0.709375 0.04453125 0.21875 0.0890625
5 0.9234375 0.04765625 0.153125 0.0953125
5 0.878125 0.3234375 0.24375 0.1125
5 0.92265625 0.5578125 0.1546875 0.2125
5 0.74140625 0.575 0.1015625 0.209375
5 0.64140625 0.5984375 0.0828125 0.153125
5 0.6515625 0.3359375 0.103125 0.096875
5 0.665625 0.3875 0.13125 0.171875
5 0.64296875 0.2765625 0.0859375 0.1125
5 0.6328125 0.03125 0.065625 0.0625
5 0.625 0.0234375 0.05 0.046875
5 0.63046875 0.16953125 0.0609375 0.1671875
5 0.62734375 0.58984375 0.0546875 0.1359375
5 0.6296875 0.46796875 0.059375 0.1359375
0 0.0234375 0.92109375 0.046875 0.0546875
0 0.140625 0.84609375 0.125 0.04375
0 0.5 0.79921875 0.1125 0.0203125
0 0.3140625 0.80390625 0.121875 0.0296875
0 0.54140625 0.8015625 0.0453125 0.025
0 0.40078125 0.80390625 0.1203125 0.0296875
0 0.28515625 0.9375 0.1328125 0.0671875
0 0.021875 0.86796875 0.04375 0.0390625
0 0.0203125 0.8 0.040625 0.021875
1 0.68046875 0.8515625 0.1609375 0.125
1 0.78203125 0.85859375 0.3640625 0.1390625
1 0.9046875 0.86015625 0.190625 0.1421875
1 0.8 0.89453125 0.4 0.2109375
1 0.715625 0.89453125 0.23125 0.2109375
1 0.6578125 0.82109375 0.115625 0.0640625
1 0.7046875 0.81796875 0.209375 0.0578125
1 0.86640625 0.825 0.2671875 0.071875
1 0.94375 0.82421875 0.1125 0.0703125