2 0.26875 0.23984375 0.33125 0.0796875
2 0.065625 0.1828125 0.13125 0.19375
2 0.0609375 0.16796875 0.121875 0.1859375
2 0.04453125 0.178125 0.0890625 0.13125
2 0.3984375 0.1390625 0.45 0.1671875
2 0.096875 0.0625 0.19375 0.046875
1 0.834375 0.0796875 0.33125 0.159375
1 0.81953125 0.059375 0.3609375 0.11875
1 0.81953125 0.040625 0.3609375 0.08125
1 0.81953125 0.03671875 0.3609375 0.0734375
2 0.0546875 0.92890625 0.109375 0.1421875
2 0.23984375 0.92734375 0.2890625 0.140625
2 0.065625 0.7234375 0.13125 0.203125
2 0.1921875 0.72578125 0.1921875 0.215625
2 0.4765625 0.8 0.16875 0.2234375
2 0.61484375 0.8125 0.0484375 0.228125
2 0.4515625 0.57734375 0.25625 0.109375
2 0.0625 0.55390625 0.125 0.1078125
2 0.184375 0.56484375 0.1453125 0.0890625
2 0.3546875 0.459375 0.2046875 0.121875
2 0.57421875 0.478125 0.109375 0.0859375
2 0.0734375 0.37421875 0.146875 0.1140625
2 0.328125 0.34296875 0.2421875 0.090625