2 0.0265625 0.4375 0.053125 0.325
2 0.034375 0.43359375 0.06875 0.3328125
2 0.02734375 0.43671875 0.0546875 0.3265625
2 0.18671875 0.4375 0.1796875 0.325
2 0.203125 0.1234375 0.19375 0.246875
2 0.0578125 0.12890625 0.115625 0.2578125
2 0.05078125 0.12734375 0.1015625 0.2546875
2 0.196875 0.02890625 0.20625 0.0578125
2 0.06953125 0.025 0.1390625 0.05
1 0.65 0.3 0.7 0.6
2 0.92109375 0.96328125 0.0859375 0.0734375
2 0.80234375 0.96796875 0.1234375 0.0640625
2 0.95390625 0.72734375 0.0921875 0.1265625
2 0.7984375 0.7359375 0.1984375 0.1078125
2 0.5890625 0.71875 0.184375 0.0921875
2 0.6078125 0.9046875 0.19375 0.190625
2 0.3984375 0.89296875 0.196875 0.2140625
2 0.31640625 0.8890625 0.0328125 0.221875
2 0.38671875 0.7046875 0.1734375 0.121875
2 0.971875 0.9015625 0.05625 0.153125
2 0.83125 0.86640625 0.175 0.1125