2 0.03359375 0.2984375 0.0671875 0.4625
2 0.03359375 0.26328125 0.0671875 0.4328125
2 0.128125 0.30390625 0.0921875 0.2390625
2 0.2359375 0.06328125 0.134375 0.1265625
2 0.40078125 0.05703125 0.1359375 0.1140625
2 0.51328125 0.07578125 0.0515625 0.1515625
2 0.171875 0.03203125 0.15 0.0640625
2 0.02890625 0.04296875 0.0578125 0.0859375
2 0.425 0.028125 0.15625 0.05625
2 0.37265625 0.1859375 0.1703125 0.1375
2 0.17109375 0.92265625 0.3421875 0.1546875
2 0.4015625 0.6703125 0.275 0.16875
2 0.47265625 0.56171875 0.1328125 0.0640625
2 0.2265625 0.5515625 0.16875 0.04375
2 0.096875 0.65 0.19375 0.125
2 0.08359375 0.79921875 0.1671875 0.1234375
2 0.4515625 0.5578125 0.175 0.05625
2 0.20625 0.55546875 0.19375 0.0515625
2 0.034375 0.65859375 0.06875 0.1109375