2 0.0609375 0.51640625 0.121875 0.1046875
2 0.1859375 0.4203125 0.209375 0.0890625
2 0.03984375 0.33359375 0.0796875 0.0765625
2 0.0515625 0.4515625 0.103125 0.071875
2 0.3203125 0.33515625 0.1421875 0.109375
2 0.46875 0.19296875 0.1015625 0.10625
2 0.375 0.23203125 0.0546875 0.0796875
2 0.1640625 0.32734375 0.1171875 0.059375
2 0.775 0.09453125 0.1390625 0.153125
2 0.84921875 0.3046875 0.140625 0.23125
2 0.92109375 0.10859375 0.1234375 0.15625
2 0.97265625 0.2953125 0.0546875 0.175
2 0.6453125 0.1734375 0.13125 0.15625
2 0.60078125 0.17734375 0.0421875 0.1296875
2 0.5890625 0.1640625 0.01875 0.0875
2 0.065625 0.6765625 0.13125 0.215625
2 0.215625 0.696875 0.1390625 0.1640625
2 0.4375 0.6859375 0.284375 0.15625
2 0.4296875 0.91328125 0.3 0.1734375
2 0.1375 0.903125 0.275 0.19375
2 0.7859375 0.76640625 0.246875 0.3515625
2 0.940625 0.61171875 0.11875 0.0859375
2 0.95703125 0.79140625 0.0859375 0.3359375
2 0.6015625 0.6 0.04375 0.0625
2 0.7125 0.5953125 0.265625 0.053125
2 0.615625 0.784375 0.071875 0.25