2 0.4546875 0.2734375 0.228125 0.490625
2 0.70625 0.2765625 0.25625 0.0625
2 0.9296875 0.27578125 0.140625 0.0453125
2 0.83203125 0.1921875 0.165625 0.1046875
2 0.83828125 0.375 0.2234375 0.121875
2 0.978125 0.43359375 0.04375 0.1703125
2 0.60078125 0.17109375 0.0640625 0.1078125
2 0.6 0.46953125 0.0625 0.0984375
2 0.69453125 0.09921875 0.0828125 0.071875
2 0.66796875 0.2109375 0.06875 0.0828125
3 0.04296875 0.55234375 0.0859375 0.0671875
3 0.03984375 0.57890625 0.0796875 0.1203125
0 0.5796875 0.88203125 0.021875 0.0953125
0 0.83203125 0.7796875 0.046875 0.103125