2 0.3125 0.3625 0.33125 0.1984375
2 0.090625 0.2546875 0.16875 0.2109375
2 0.0828125 0.23046875 0.165625 0.1859375
2 0.04453125 0.240625 0.0890625 0.13125
2 0.05 0.37109375 0.1 0.1578125
2 0.41796875 0.20078125 0.4015625 0.1671875
2 0.11875 0.125 0.2375 0.046875
2 0.85 0.36328125 0.16875 0.2734375
2 0.66875 0.515625 0.1 0.1875
2 0.94140625 0.090625 0.1171875 0.18125
2 0.67265625 0.1828125 0.1078125 0.29375
2 0.6921875 0.06953125 0.146875 0.1390625
2 0.8859375 0.04609375 0.228125 0.0921875
2 0.65390625 0.35703125 0.0703125 0.2515625
2 0.64453125 0.109375 0.0515625 0.196875
5 0.296875 0.9171875 0.259375 0.165625
5 0.128125 0.71875 0.215625 0.21875
5 0.51953125 0.9578125 0.1984375 0.084375
5 0.5640625 0.8578125 0.109375 0.125
5 0.0671875 0.65546875 0.134375 0.0921875
0 0.75390625 0.97421875 0.2703125 0.0515625
0 0.84375 0.80390625 0.3125 0.2109375
0 0.66640625 0.89921875 0.0953125 0.2015625