2 0.275 0.0859375 0.19375 0.171875
2 0.2484375 0.04921875 0.215625 0.0984375
2 0.0921875 0.07578125 0.184375 0.1515625
2 0.08203125 0.04765625 0.1640625 0.0953125
1 0.82109375 0.16953125 0.3578125 0.3390625
1 0.91171875 0.16953125 0.1765625 0.3390625
1 0.4875 0.21953125 0.096875 0.2390625
1 0.509375 0.20546875 0.140625 0.2671875
1 0.59296875 0.1984375 0.2234375 0.28125
5 0.1046875 0.58125 0.209375 0.128125
5 0.04140625 0.5390625 0.0828125 0.1
5 0.0453125 0.615625 0.090625 0.1375
5 0.0578125 0.77421875 0.115625 0.1703125
5 0.0859375 0.8765625 0.171875 0.128125
5 0.15625 0.95390625 0.2125 0.0921875