0 0.0234375 0.40625 0.046875 0.059375
0 0.01171875 0.2796875 0.0234375 0.078125
0 0.04140625 0.25703125 0.0828125 0.1390625
2 0.1265625 0.24453125 0.253125 0.1640625
2 0.08515625 0.10625 0.1703125 0.096875
0 0.49921875 0.3546875 0.3546875 0.228125
2 0.24921875 0.6984375 0.0984375 0.3484375
2 0.07421875 0.734375 0.1484375 0.35
2 0.134375 0.515625 0.171875 0.09375
2 0.03203125 0.51953125 0.0640625 0.1015625
2 0.0796875 0.4953125 0.125 0.053125
2 0.03359375 0.49296875 0.0671875 0.0484375
5 0.96015625 0.5296875 0.0796875 0.121875
5 0.9171875 0.6390625 0.165625 0.165625
5 0.8203125 0.8078125 0.1203125 0.240625
5 0.9421875 0.8625 0.115625 0.2625
5 0.7046875 0.83828125 0.10625 0.165625
5 0.75625 0.55078125 0.153125 0.1640625
5 0.5953125 0.559375 0.165625 0.1765625
5 0.5921875 0.74296875 0.1640625 0.1453125
5 0.45546875 0.86796875 0.196875 0.1546875
5 0.68125 0.946875 0.2125 0.10625
5 0.90546875 0.97109375 0.1890625 0.0578125
5 0.3421875 0.8171875 0.084375 0.165625
5 0.33125 0.7984375 0.0625 0.115625
5 0.40703125 0.65625 0.1484375 0.121875
5 0.4640625 0.78046875 0.1390625 0.0859375
5 0.44453125 0.540625 0.159375 0.1171875
5 0.3328125 0.68359375 0.065625 0.1140625
5 0.34140625 0.5703125 0.0828125 0.084375
5 0.34296875 0.6875 0.0859375 0.134375
5 0.3265625 0.7984375 0.053125 0.071875
5 0.88515625 0.49609375 0.2296875 0.0546875
5 0.690625 0.48515625 0.15625 0.0328125
5 0.52265625 0.5 0.1390625 0.0625
5 0.36640625 0.50703125 0.1328125 0.0765625
5 0.3328125 0.5046875 0.065625 0.071875
5 0.6890625 0.4890625 0.109375 0.040625
5 0.534375 0.4890625 0.14375 0.040625