2 0.04140625 0.37890625 0.0828125 0.1015625
2 0.02734375 0.284375 0.0546875 0.0625
2 0.015625 0.1484375 0.03125 0.134375
2 0.4515625 0.359375 0.1234375 0.090625
5 0.68203125 0.01875 0.0640625 0.0375
5 0.68984375 0.028125 0.0796875 0.05625
5 0.70390625 0.14453125 0.1078125 0.1453125
5 0.7140625 0.28671875 0.128125 0.1265625
5 0.784375 0.38515625 0.159375 0.0890625
0 0.61953125 0.60859375 0.0609375 0.1171875
0 0.45625 0.82578125 0.125 0.065625
0 0.3640625 0.68515625 0.115625 0.0953125
0 0.275 0.82734375 0.1453125 0.071875
2 0.93359375 0.93046875 0.121875 0.0875