2 0.12109375 0.31171875 0.2421875 0.0546875
2 0.36015625 0.3140625 0.1984375 0.05
2 0.4796875 0.24375 0.11875 0.146875
2 0.0546875 0.2125 0.109375 0.10625
2 0.18125 0.2203125 0.0875 0.109375
2 0.04921875 0.2578125 0.0984375 0.1625
2 0.0140625 0.3140625 0.028125 0.05
0 0.85078125 0.0265625 0.0734375 0.053125
0 0.7734375 0.1296875 0.1140625 0.0875
0 0.8734375 0.29375 0.046875 0.090625
0 0.55234375 0.3140625 0.0265625 0.05
0 0.55703125 0.1328125 0.0359375 0.153125
0 0.55703125 0.02265625 0.0359375 0.0453125
0 0.5546875 0.0125 0.03125 0.025
0 0.56015625 0.02109375 0.0421875 0.0421875
0 0.54921875 0.1125 0.0203125 0.084375
0 0.71171875 0.03203125 0.0609375 0.0640625
0 0.65625 0.015625 0.040625 0.03125
0 0.865625 0.0140625 0.040625 0.028125
0 0.96171875 0.01640625 0.0765625 0.0328125
0 0.94296875 0.009375 0.0484375 0.01875
0 0.69296875 0.00703125 0.0703125 0.0140625
0 0.7109375 0.01171875 0.075 0.0234375
0 0.5609375 0.0140625 0.04375 0.028125
0 0.55 0.015625 0.021875 0.03125
0 0.54609375 0.0109375 0.0140625 0.021875
0 0.55625 0.0203125 0.034375 0.040625
0 0.55078125 0.296875 0.0234375 0.084375
0 0.959375 0.11328125 0.08125 0.0734375
0 0.94609375 0.02890625 0.0578125 0.0578125
0 0.64140625 0.01328125 0.1171875 0.0265625
0 0.56171875 0.01796875 0.0453125 0.0359375
0 0.88828125 0.015625 0.0296875 0.03125
0 0.546875 0.01640625 0.015625 0.0328125
0 0.55234375 0.00703125 0.0265625 0.0140625
0 0.56484375 0.25078125 0.0515625 0.0921875
0 0.56640625 0.1859375 0.0546875 0.1125
0 0.56171875 0.02265625 0.0453125 0.0453125
5 0.021875 0.5140625 0.04375 0.065625
5 0.02265625 0.5859375 0.0453125 0.121875
5 0.01875 0.59921875 0.0375 0.0453125
5 0.0140625 0.68828125 0.028125 0.0828125
5 0.06796875 0.6671875 0.1359375 0.2125
5 0.04609375 0.55546875 0.0921875 0.0953125
5 0.1109375 0.55703125 0.1421875 0.096875
5 0.25859375 0.5453125 0.1078125 0.059375
5 0.396875 0.53046875 0.1359375 0.0515625
5 0.421875 0.63671875 0.1453125 0.1078125
5 0.25390625 0.66015625 0.1546875 0.1
5 0.08984375 0.66796875 0.1375 0.0578125
5 0.0453125 0.68359375 0.090625 0.0828125
5 0.5140625 0.528125 0.05 0.071875
5 0.51484375 0.68359375 0.0484375 0.0890625
5 0.496875 0.80859375 0.084375 0.0703125
5 0.4609375 0.98125 0.115625 0.0375
1 0.76953125 0.78828125 0.4609375 0.4234375
1 0.6640625 0.5359375 0.25 0.25625
1 0.83203125 0.51484375 0.3359375 0.2859375
1 0.63125 0.80546875 0.184375 0.3890625