2 0.02265625 0.33359375 0.0453125 0.0921875
2 0.87734375 0.428125 0.2015625 0.503125
2 0.5453125 0.5609375 0.33125 0.2375
2 0.5296875 0.3109375 0.3 0.16875
2 0.5578125 0.08203125 0.35625 0.0859375
2 0.13125 0.9609375 0.2625 0.078125
2 0.084375 0.8859375 0.16875 0.0625
2 0.06015625 0.80078125 0.1203125 0.0578125
2 0.8 0.90234375 0.2125 0.1953125
2 0.56796875 0.88359375 0.240625 0.2078125
2 0.43671875 0.89296875 0.1140625 0.2140625
2 0.60625 0.71953125 0.165625 0.0796875
2 0.80078125 0.72265625 0.1390625 0.0859375
2 0.965625 0.721875 0.06875 0.084375
2 0.44453125 0.7234375 0.1296875 0.0875
2 0.39921875 0.721875 0.0390625 0.084375
2 0.4421875 0.71015625 0.125 0.0609375
2 0.703125 0.70078125 0.309375 0.0421875
2 0.92265625 0.69921875 0.1546875 0.0390625
2 0.62421875 0.70078125 0.3640625 0.0421875
2 0.6 0.70859375 0.440625 0.0578125
2 0.42734375 0.70703125 0.0953125 0.0546875