2 0.059375 0.42890625 0.11875 0.4796875
2 0.2828125 0.45390625 0.2734375 0.2875
2 0.21640625 0.64609375 0.1609375 0.0453125
2 0.3640625 0.234375 0.221875 0.15
2 0.52109375 0.35234375 0.0359375 0.1609375
2 0.4625 0.38671875 0.059375 0.1140625
2 0.49765625 0.134375 0.0828125 0.10625
2 0.38828125 0.13046875 0.071875 0.028125
1 0.76953125 0.334375 0.4609375 0.66875
5 0.015625 0.7875 0.03125 0.215625
5 0.02734375 0.90078125 0.0546875 0.1984375
5 0.07109375 0.91640625 0.1421875 0.1671875
5 0.24453125 0.9703125 0.1328125 0.059375
5 0.03125 0.8515625 0.0625 0.103125
5 0.04921875 0.9609375 0.0984375 0.078125
5 0.02265625 0.71015625 0.0453125 0.0828125
5 0.03671875 0.71796875 0.0734375 0.0984375
5 0.0234375 0.71171875 0.046875 0.0859375
5 0.134375 0.696875 0.171875 0.05625
0 0.6828125 0.9609375 0.075 0.078125
0 0.95234375 0.70546875 0.0734375 0.0734375
0 0.73515625 0.68125 0.0640625 0.025
0 0.67421875 0.7671875 0.0859375 0.0875
0 0.77578125 0.96796875 0.0421875 0.0640625
0 0.85 0.6828125 0.0875 0.028125
0 0.7765625 0.684375 0.046875 0.03125
0 0.8015625 0.7375 0.0296875 0.0453125
0 0.5828125 0.6890625 0.06875 0.040625
0 0.98046875 0.68671875 0.0390625 0.0359375
0 0.77109375 0.68515625 0.0328125 0.0328125
0 0.69453125 0.67578125 0.0546875 0.0140625
0 0.5625 0.84921875 0.046875 0.0921875