2 0.4890625 0.084375 0.08125 0.16875
2 0.36484375 0.06875 0.1109375 0.1375
3 0.8921875 0.084375 0.215625 0.16875
5 0.0515625 0.7859375 0.103125 0.26875
5 0.2640625 0.88828125 0.384375 0.2234375
5 0.440625 0.62890625 0.196875 0.1265625
5 0.23515625 0.55 0.2015625 0.1046875
5 0.05546875 0.4984375 0.1109375 0.109375
1 0.56171875 0.7109375 0.0453125 0.1375
1 0.68984375 0.96015625 0.2296875 0.0796875
1 0.81171875 0.7421875 0.1359375 0.190625
1 0.90546875 0.75859375 0.1890625 0.2203125
1 0.6015625 0.9390625 0.125 0.121875
1 0.75234375 0.5984375 0.2890625 0.2609375