2 0.19609375 0.61328125 0.3859375 0.0515625
2 0.29765625 0.41875 0.1828125 0.053125
2 0.034375 0.38203125 0.06875 0.2453125
2 0.0921875 0.171875 0.184375 0.125
2 0.1109375 0.2515625 0.221875 0.175
2 0.81171875 0.50703125 0.1640625 0.2640625
2 0.5578125 0.55625 0.175 0.09375
2 0.43828125 0.34453125 0.0984375 0.2828125
2 0.5765625 0.225 0.1046875 0.1875
2 0.975 0.40703125 0.05 0.1671875
0 0.23984375 0.88203125 0.0609375 0.0859375
0 0.01640625 0.65703125 0.0328125 0.0359375
1 0.5703125 0.703125 0.3625 0.128125
1 0.69453125 0.7890625 0.6109375 0.3
1 0.684375 0.81953125 0.590625 0.3609375
1 0.80390625 0.77109375 0.3921875 0.2640625
1 0.88203125 0.7140625 0.2359375 0.15
1 0.51875 0.73046875 0.259375 0.1828125
1 0.575 0.7140625 0.371875 0.15
1 0.65234375 0.70546875 0.4328125 0.1328125