2 0.1609375 0.27578125 0.2625 0.2859375
2 0.05234375 0.275 0.1046875 0.2875
2 0.71953125 0.065625 0.1640625 0.13125
2 0.85625 0.11484375 0.11875 0.2296875
2 0.96171875 0.15390625 0.0765625 0.3078125
2 0.6546875 0.1109375 0.240625 0.221875
2 0.5765625 0.06484375 0.1 0.1296875
2 0.46953125 0.10390625 0.1015625 0.2078125
2 0.37734375 0.05 0.0515625 0.1
2 0.75625 0.3515625 0.265625 0.134375
2 0.36640625 0.26328125 0.0734375 0.3109375
2 0.5109375 0.334375 0.1828125 0.153125
4 0.16484375 0.5078125 0.3296875 0.178125
4 0.16484375 0.72421875 0.3296875 0.2484375
2 0.53203125 0.940625 0.35625 0.078125
2 0.9015625 0.9296875 0.196875 0.140625
2 0.37109375 0.778125 0.0828125 0.184375
2 0.51015625 0.80859375 0.140625 0.1109375