2 0.36015625 0.02734375 0.2765625 0.0546875
2 0.1734375 0.0359375 0.346875 0.071875
2 0.42421875 0.0734375 0.2109375 0.0875
2 0.15625 0.0609375 0.3125 0.11875
1 0.875 0.13515625 0.25 0.2703125
1 0.03125 0.94375 0.0625 0.1125
1 0.06328125 0.93515625 0.1265625 0.1296875
1 0.15625 0.9234375 0.16875 0.128125
1 0.04921875 0.940625 0.0984375 0.11875
1 0.0453125 0.8546875 0.090625 0.090625
1 0.046875 0.85 0.09375 0.096875
1 0.06015625 0.84609375 0.1203125 0.1015625
1 0.1484375 0.84921875 0.1453125 0.1140625
1 0.26640625 0.9203125 0.153125 0.13125
1 0.23359375 0.83671875 0.134375 0.090625
1 0.06171875 0.784375 0.1234375 0.08125
1 0.02890625 0.7828125 0.0578125 0.1125
1 0.03125 0.7265625 0.0625 0.06875
1 0.0328125 0.73125 0.065625 0.084375
1 0.03828125 0.7875 0.0765625 0.090625
1 0.2890625 0.44375 0.353125 0.15
1 0.109375 0.45234375 0.21875 0.1671875
1 0.3421875 0.58125 0.375 0.178125
1 0.3875 0.69609375 0.284375 0.1953125
1 0.42421875 0.8421875 0.2109375 0.25625
3 0.5671875 0.5234375 0.075 0.309375