2 0.1609375 0.61015625 0.321875 0.1578125
2 0.51328125 0.609375 0.3328125 0.159375
2 0.525 0.4296875 0.309375 0.196875
2 0.159375 0.45 0.31875 0.21875
2 0.1328125 0.253125 0.265625 0.1625
2 0.48515625 0.23984375 0.3890625 0.1328125
2 0.1171875 0.08203125 0.234375 0.1515625
2 0.47421875 0.0953125 0.3984375 0.1421875
2 0.1953125 0.01484375 0.390625 0.0296875
1 0.83984375 0.45546875 0.3203125 0.4671875
1 0.91171875 0.184375 0.1765625 0.15
0 0.53046875 0.88984375 0.146875 0.1734375
0 0.6546875 0.821875 0.05 0.09375
0 0.075 0.81015625 0.0890625 0.1046875
1 0.83984375 0.934375 0.3203125 0.13125
1 0.86875 0.79375 0.228125 0.209375
1 0.7921875 0.75703125 0.18125 0.1359375
1 0.790625 0.85390625 0.221875 0.2921875
1 0.78046875 0.84453125 0.2015625 0.3109375