5 0.72578125 0.1484375 0.0140625 0.05
5 0.73125 0.14296875 0.025 0.0515625
5 0.73203125 0.1609375 0.0265625 0.06875
5 0.734375 0.05234375 0.03125 0.0359375
5 0.72578125 0.0125 0.0140625 0.025
5 0.72265625 0.01953125 0.0078125 0.0390625
5 0.72890625 0.0140625 0.0203125 0.028125
5 0.72578125 0.04140625 0.0140625 0.0484375
5 0.728125 0.13671875 0.01875 0.0578125
5 0.72890625 0.11484375 0.0203125 0.1140625
5 0.73125 0.01796875 0.025 0.0359375
5 0.73515625 0.0203125 0.0328125 0.040625
5 0.7265625 0.02421875 0.015625 0.0484375
5 0.7265625 0.04375 0.015625 0.0875
5 0.73203125 0.025 0.0265625 0.05
5 0.7234375 0.01015625 0.009375 0.0203125
5 0.725 0.02578125 0.0125 0.0515625
1 0.01796875 0.77734375 0.0359375 0.1765625
1 0.01796875 0.69609375 0.0359375 0.0734375
5 0.9109375 0.7375 0.146875 0.15625
5 0.896875 0.73515625 0.090625 0.1515625
5 0.8296875 0.90546875 0.090625 0.1890625
5 0.790625 0.78984375 0.14375 0.2609375
5 0.75234375 0.6859375 0.0671875 0.053125
5 0.74296875 0.709375 0.0484375 0.1
5 0.7359375 0.7015625 0.034375 0.084375
5 0.72578125 0.7359375 0.0140625 0.075
5 0.7328125 0.90859375 0.028125 0.1828125
5 0.75390625 0.70859375 0.0703125 0.0984375
5 0.7421875 0.73984375 0.046875 0.1609375
5 0.7515625 0.9046875 0.065625 0.190625
5 0.73671875 0.7359375 0.0359375 0.153125
5 0.746875 0.709375 0.05625 0.1
5 0.73671875 0.70078125 0.0359375 0.0828125
5 0.73359375 0.715625 0.0296875 0.1125
5 0.72734375 0.678125 0.0171875 0.0375