2 0.10546875 0.19765625 0.2109375 0.3953125
2 0.2859375 0.278125 0.171875 0.2625
2 0.48125 0.34375 0.159375 0.13125
2 0.45 0.0328125 0.278125 0.065625
2 0.409375 0.04140625 0.30625 0.0828125
2 0.1140625 0.046875 0.228125 0.09375
2 0.1390625 0.03671875 0.278125 0.0734375
2 0.62109375 0.31484375 0.0640625 0.1890625
2 0.77421875 0.3 0.1640625 0.21875
2 0.94609375 0.29375 0.1078125 0.23125
2 0.6203125 0.3703125 0.0625 0.078125
3 0.07265625 0.95625 0.1453125 0.0875
3 0.01875 0.4765625 0.0375 0.084375
1 0.934375 0.86640625 0.13125 0.2671875
1 0.90625 0.840625 0.18125 0.2484375
1 0.78203125 0.9234375 0.3859375 0.153125
1 0.71640625 0.89140625 0.2546875 0.2171875