2 0.065625 0.07578125 0.13125 0.1515625
2 0.0734375 0.084375 0.146875 0.16875
2 0.0671875 0.328125 0.134375 0.28125
2 0.2546875 0.32265625 0.46875 0.2921875
2 0.2921875 0.08359375 0.39375 0.1671875
2 0.2953125 0.04140625 0.3875 0.0828125
2 0.309375 0.02734375 0.359375 0.0546875
2 0.63515625 0.43046875 0.1890625 0.0765625
2 0.6546875 0.29296875 0.10625 0.159375
2 0.89296875 0.41796875 0.2140625 0.1015625
4 0.25703125 0.73125 0.1453125 0.15
2 0.60234375 0.878125 0.1640625 0.24375
2 0.5328125 0.9375 0.0875 0.09375
2 0.53828125 0.72578125 0.0984375 0.2828125
2 0.51484375 0.60546875 0.0515625 0.1859375
2 0.84921875 0.78828125 0.2171875 0.1671875