2 0.1796875 0.16015625 0.115625 0.1984375
2 0.259375 0.02421875 0.046875 0.0484375
2 0.05078125 0.41015625 0.1015625 0.3078125
2 0.015625 0.15390625 0.03125 0.1453125
2 0.14140625 0.01875 0.1015625 0.0375
2 0.23671875 0.00859375 0.1140625 0.0171875
2 0.3890625 0.0203125 0.121875 0.040625
0 0.7953125 0.13203125 0.196875 0.2640625
0 0.67421875 0.34765625 0.1265625 0.1
0 0.6921875 0.49453125 0.184375 0.1703125
0 0.840625 0.47421875 0.0875 0.2078125
0 0.52890625 0.32890625 0.134375 0.1546875
0 0.05390625 0.98125 0.1078125 0.0375
0 0.03828125 0.94921875 0.0765625 0.0734375
0 0.02578125 0.93359375 0.0515625 0.0578125
1 0.5859375 0.95234375 0.159375 0.0953125
1 0.71484375 0.62109375 0.4703125 0.0828125
1 0.73359375 0.62578125 0.5328125 0.0921875
1 0.73671875 0.68046875 0.5265625 0.2015625
1 0.740625 0.86953125 0.51875 0.2609375