2 0.35625 0.27109375 0.2875 0.2109375
2 0.08359375 0.2828125 0.1671875 0.20625
2 0.4015625 0.06953125 0.196875 0.1390625
2 0.11484375 0.0765625 0.2296875 0.153125
2 0.13359375 0.03984375 0.2671875 0.0796875
2 0.40859375 0.0359375 0.1828125 0.071875
2 0.03359375 0.07421875 0.0671875 0.1484375
0 0.7 0.06328125 0.290625 0.0859375
0 0.7359375 0.2328125 0.3265625 0.121875
0 0.8125 0.05234375 0.340625 0.1046875
0 0.54765625 0.1 0.0953125 0.2
0 0.56171875 0.3953125 0.1234375 0.0875
2 0.021875 0.81484375 0.04375 0.1390625
2 0.04921875 0.85625 0.0984375 0.2875
2 0.14609375 0.6734375 0.2453125 0.125
2 0.428125 0.5953125 0.14375 0.23125
2 0.36328125 0.9234375 0.2328125 0.153125
2 0.13359375 0.9546875 0.1765625 0.090625
2 0.38046875 0.8125 0.2015625 0.0734375
2 0.953125 0.62265625 0.09375 0.1640625
2 0.84375 0.8671875 0.203125 0.265625
2 0.58046875 0.93125 0.1609375 0.1375
2 0.66796875 0.70625 0.1171875 0.221875
2 0.528125 0.81875 0.05625 0.29375
2 0.5734375 0.525 0.146875 0.171875
2 0.6140625 0.55234375 0.228125 0.1859375
2 0.80078125 0.57734375 0.1046875 0.13125
2 0.53515625 0.93359375 0.0703125 0.1328125
2 0.52578125 0.7453125 0.0515625 0.196875