2 0.3125 0.5015625 0.2125 0.234375
2 0.3140625 0.33515625 0.1859375 0.078125
2 0.32578125 0.18203125 0.1859375 0.1640625
2 0.13046875 0.20703125 0.128125 0.1875
5 0.93203125 0.04375 0.1359375 0.0875
5 0.71171875 0.0359375 0.1671875 0.071875
5 0.63125 0.06484375 0.215625 0.1296875
5 0.53359375 0.22890625 0.2296875 0.2984375
5 0.45390625 0.0921875 0.0703125 0.1125
5 0.47109375 0.22734375 0.1046875 0.1046875
5 0.478125 0.48125 0.11875 0.275
5 0.5796875 0.53359375 0.278125 0.1703125
5 0.4640625 0.553125 0.090625 0.13125
5 0.4859375 0.36484375 0.134375 0.2578125
5 0.55078125 0.23359375 0.2234375 0.1921875
5 0.66171875 0.028125 0.1546875 0.05625
5 0.825 0.0328125 0.125 0.065625
1 0.209375 0.809375 0.41875 0.38125
0 0.78125 0.93671875 0.375 0.1265625
0 0.71484375 0.80859375 0.296875 0.0875
0 0.51953125 0.65625 0.2015625 0.075
0 0.87890625 0.65234375 0.2421875 0.0671875
0 0.97421875 0.82265625 0.0515625 0.2265625