2 0.04375 0.13359375 0.0875 0.2390625
2 0.0578125 0.4609375 0.115625 0.3375
2 0.04921875 0.04765625 0.0984375 0.0953125
2 0.1265625 0.29296875 0.253125 0.3421875
2 0.35 0.26640625 0.165625 0.328125
2 0.13515625 0.05625 0.1015625 0.1125
1 0.66953125 0.3859375 0.2203125 0.190625
1 0.6296875 0.26328125 0.140625 0.1234375
1 0.640625 0.26328125 0.1625 0.1328125
1 0.73359375 0.26484375 0.309375 0.1390625
1 0.7796875 0.390625 0.440625 0.2
2 0.06796875 0.91640625 0.1359375 0.1671875
2 0.278125 0.93125 0.2375 0.1375
2 0.815625 0.79609375 0.265625 0.2859375
2 0.93125 0.66171875 0.1375 0.0640625
2 0.63671875 0.67109375 0.1546875 0.0828125
2 0.684375 0.6515625 0.25 0.04375
2 0.62421875 0.97109375 0.1296875 0.0578125