2 0.3625 0.121875 0.13125 0.215625
2 0.5078125 0.11171875 0.0625 0.2234375
2 0.03125 0.190625 0.0625 0.13125
3 0.79765625 0.134375 0.1984375 0.26875
1 0.26953125 0.66953125 0.5390625 0.6609375
3 0.578125 0.8890625 0.078125 0.184375
3 0.584375 0.69609375 0.090625 0.1421875
3 0.59140625 0.52734375 0.1046875 0.1359375
3 0.590625 0.525 0.103125 0.140625
3 0.59140625 0.696875 0.1046875 0.178125
3 0.5953125 0.8953125 0.1125 0.190625
3 0.72578125 0.890625 0.215625 0.1828125
3 0.725 0.696875 0.2109375 0.1609375
3 0.72265625 0.521875 0.2078125 0.1640625
3 0.91796875 0.53046875 0.1640625 0.1359375
3 0.92421875 0.7 0.1515625 0.1875
3 0.9265625 0.90625 0.146875 0.1875