2 0.03984375 0.234375 0.0796875 0.46875
2 0.29140625 0.234375 0.3765625 0.46875
2 0.18515625 0.021875 0.3703125 0.04375
5 0.634375 0.43125 0.090625 0.075
5 0.9328125 0.17421875 0.134375 0.1984375
5 0.790625 0.36484375 0.0953125 0.1734375
0 0.47265625 0.72421875 0.1171875 0.153125
0 0.3625 0.7078125 0.078125 0.1015625
0 0.4546875 0.50234375 0.075 0.0671875
0 0.575 0.4921875 0.028125 0.046875
0 0.14296875 0.74453125 0.1125 0.15625
0 0.24921875 0.51015625 0.1296875 0.0828125
0 0.5484375 0.490625 0.08125 0.04375
0 0.5796875 0.64453125 0.01875 0.1046875
3 0.6671875 0.81875 0.15625 0.3625
3 0.73203125 0.7359375 0.2109375 0.528125