2 0.078125 0.1609375 0.15625 0.271875
2 0.30078125 0.18515625 0.34375 0.321875
5 0.534375 0.0953125 0.109375 0.140625
5 0.6984375 0.1078125 0.2 0.1078125
5 0.865625 0.08671875 0.115625 0.1671875
5 0.9703125 0.06171875 0.059375 0.1234375
5 0.96640625 0.296875 0.0671875 0.121875
5 0.88125 0.22890625 0.121875 0.096875
5 0.759375 0.234375 0.146875 0.0859375
5 0.6328125 0.24140625 0.1421875 0.08125
5 0.5125 0.23984375 0.065625 0.0921875
2 0.37421875 0.55234375 0.2109375 0.2421875
2 0.4234375 0.8453125 0.1125 0.228125
1 0.75078125 0.48203125 0.3765625 0.1046875
1 0.9375 0.5578125 0.125 0.165625
1 0.95703125 0.6171875 0.0859375 0.1625
1 0.73984375 0.921875 0.5203125 0.15625
1 0.73984375 0.83125 0.5203125 0.315625
1 0.73671875 0.69375 0.4703125 0.25
1 0.72890625 0.58203125 0.4296875 0.1984375