2 0.27578125 0.12265625 0.4 0.2171875
2 0.07265625 0.078125 0.1453125 0.15625
2 0.26015625 0.03046875 0.2578125 0.0609375
0 0.68359375 0.3546875 0.1296875 0.14375
0 0.95 0.19921875 0.1 0.1203125
0 0.9109375 0.32109375 0.1703125 0.0421875
0 0.84921875 0.3890625 0.25 0.053125
0 0.665625 0.27109375 0.09375 0.0640625
0 0.6703125 0.16796875 0.103125 0.0921875
0 0.93984375 0.01796875 0.1203125 0.0359375
0 0.63984375 0.01953125 0.0421875 0.0390625
0 0.78828125 0.14921875 0.1375 0.128125
0 0.6484375 0.39375 0.059375 0.103125
0 0.659375 0.44140625 0.08125 0.0640625
1 0.309375 0.74453125 0.61875 0.5109375
0 0.67109375 0.525 0.1046875 0.071875