2 0.07890625 0.159375 0.1578125 0.278125
2 0.35390625 0.45703125 0.3140625 0.1453125
2 0.40703125 0.17421875 0.2546875 0.2546875
2 0.58984375 0.37265625 0.0984375 0.3140625
2 0.7578125 0.32890625 0.2375 0.3078125
2 0.8 0.0421875 0.321875 0.084375
2 0.7015625 0.06796875 0.125 0.1359375
1 0.21953125 0.76484375 0.4390625 0.4703125
1 0.3734375 0.76484375 0.53125 0.4703125
5 0.8359375 0.90703125 0.209375 0.1859375
5 0.975 0.96328125 0.05 0.0734375
5 0.77890625 0.696875 0.1671875 0.2109375
5 0.9375 0.69140625 0.125 0.2296875