2 0.365625 0.34609375 0.296875 0.2890625
2 0.09375 0.5875 0.1875 0.103125
2 0.41953125 0.0671875 0.2390625 0.134375
2 0.0921875 0.03359375 0.184375 0.0671875
2 0.3296875 0.015625 0.31875 0.03125
2 0.0765625 0.21640625 0.153125 0.2171875
1 0.41015625 0.8171875 0.3984375 0.35625
1 0.3046875 0.92421875 0.609375 0.1515625
1 0.20859375 0.809375 0.4171875 0.340625
1 0.75625 0.8265625 0.29375 0.346875
1 0.8140625 0.81953125 0.371875 0.3609375
1 0.89453125 0.84140625 0.2109375 0.2859375
1 0.92421875 0.81640625 0.1515625 0.2765625