2 0.44453125 0.4421875 0.0890625 0.175
2 0.09140625 0.29609375 0.1828125 0.1828125
2 0.40859375 0.13203125 0.1609375 0.0828125
2 0.30234375 0.35234375 0.13125 0.2953125
3 0.825 0.196875 0.35 0.39375
2 0.07421875 0.56953125 0.1484375 0.0796875
2 0.13671875 0.69609375 0.2734375 0.1671875
2 0.12734375 0.91015625 0.2546875 0.1796875
2 0.37890625 0.89296875 0.1734375 0.165625
2 0.459375 0.74140625 0.059375 0.1765625
2 0.2453125 0.56796875 0.165625 0.0765625
2 0.33984375 0.71484375 0.115625 0.15625
5 0.640625 0.73359375 0.171875 0.246875
5 0.5375 0.7484375 0.096875 0.203125
5 0.5328125 0.775 0.0875 0.159375
5 0.82734375 0.7609375 0.0875 0.1953125