2 0.83359375 0.6359375 0.259375 0.321875
2 0.5828125 0.6171875 0.1890625 0.24375
2 0.396875 0.59921875 0.1328125 0.203125
2 0.2140625 0.5953125 0.1984375 0.1671875
2 0.0578125 0.60703125 0.0921875 0.1296875
2 0.65546875 0.4203125 0.0953125 0.1046875
2 0.69609375 0.29765625 0.1625 0.13125
2 0.88828125 0.2453125 0.109375 0.065625
2 0.54453125 0.3296875 0.10625 0.1109375
2 0.54140625 0.45703125 0.1171875 0.075
2 0.42421875 0.38046875 0.109375 0.065625
2 0.3265625 0.4640625 0.2359375 0.0625
2 0.3234375 0.4 0.0796875 0.059375
2 0.16484375 0.48515625 0.05 0.0484375