2 0.7921875 0.86953125 0.25625 0.2609375
2 0.53359375 0.865625 0.2203125 0.26875
2 0.28203125 0.8578125 0.2390625 0.284375
2 0.8671875 0.6015625 0.1421875 0.234375
2 0.7046875 0.6046875 0.13125 0.203125
2 0.55390625 0.5890625 0.13125 0.240625
2 0.4015625 0.5984375 0.1390625 0.2171875
2 0.21875 0.58046875 0.1484375 0.21875
2 0.69453125 0.40234375 0.1390625 0.1546875
2 0.49296875 0.38671875 0.1640625 0.1234375
2 0.3015625 0.38671875 0.15 0.1234375
2 0.11171875 0.37734375 0.159375 0.125
2 0.06875 0.81328125 0.1375 0.2046875
2 0.0640625 0.575 0.128125 0.1578125