2 0.37890625 0.4578125 0.2953125 0.0625
2 0.64921875 0.36328125 0.0796875 0.2515625
2 0.434375 0.23046875 0.2390625 0.2609375
2 0.09296875 0.0765625 0.1859375 0.134375
2 0.34453125 0.06796875 0.3203125 0.0640625
2 0.08203125 0.4109375 0.1640625 0.15625
2 0.19765625 0.9625 0.2265625 0.075
2 0.50234375 0.92890625 0.2390625 0.1421875
2 0.15546875 0.8125 0.3109375 0.121875
2 0.1359375 0.6953125 0.271875 0.078125
2 0.496875 0.684375 0.2609375 0.140625
2 0.64609375 0.83125 0.0859375 0.065625
2 0.04140625 0.55703125 0.0828125 0.1359375
2 0.07265625 0.56328125 0.140625 0.109375
0 0.8875 0.5078125 0.034375 0.0375
0 0.87890625 0.96171875 0.1390625 0.0765625
0 0.70078125 0.97109375 0.0234375 0.0578125
0 0.69921875 0.86796875 0.0203125 0.0609375
0 0.6953125 0.7171875 0.0125 0.075
0 0.69921875 0.8625 0.0203125 0.065625
0 0.70390625 0.70234375 0.0296875 0.1140625
0 0.69921875 0.73671875 0.0203125 0.0609375
0 0.70390625 0.71796875 0.0296875 0.0359375
0 0.82890625 0.6734375 0.0375 0.075
0 0.69609375 0.56484375 0.0140625 0.0421875