2 0.12109375 0.3890625 0.18125 0.259375
2 0.040625 0.28125 0.08125 0.19375
2 0.03359375 0.49609375 0.0671875 0.2859375
2 0.23828125 0.13359375 0.1015625 0.2578125
0 0.59765625 0.50078125 0.0921875 0.1046875
0 0.87734375 0.43515625 0.0859375 0.0484375
0 0.32734375 0.51171875 0.0765625 0.1421875
0 0.31328125 0.3734375 0.0484375 0.103125
0 0.4484375 0.40390625 0.1734375 0.0859375
0 0.409375 0.29375 0.0984375 0.0765625
0 0.61875 0.178125 0.0515625 0.078125
0 0.753125 0.18828125 0.075 0.071875
0 0.41953125 0.11015625 0.0703125 0.06875
0 0.78671875 0.06640625 0.05 0.0546875
0 0.928125 0.13515625 0.0625 0.059375
0 0.703125 0.4203125 0.09375 0.0953125
1 0.14453125 0.81953125 0.2890625 0.3609375
1 0.64453125 0.81953125 0.7109375 0.3609375