0 0.4984375 0.3171875 0.0984375 0.1625
0 0.64140625 0.41171875 0.1390625 0.1140625
0 0.36171875 0.015625 0.0234375 0.03125
0 0.48203125 0.02109375 0.0484375 0.0421875
0 0.3609375 0.03671875 0.021875 0.0640625
0 0.37734375 0.16796875 0.0546875 0.0734375
0 0.9796875 0.25390625 0.040625 0.1203125
0 0.80234375 0.32578125 0.0828125 0.1578125
0 0.396875 0.35546875 0.09375 0.0703125
0 0.38671875 0.43671875 0.0734375 0.0640625
0 0.6375 0.01953125 0.059375 0.0390625
1 0.10546875 0.76484375 0.2109375 0.4703125
1 0.1859375 0.8359375 0.328125 0.328125
5 0.503125 0.75703125 0.1109375 0.1953125
5 0.39296875 0.59609375 0.0859375 0.0796875
5 0.39140625 0.4921875 0.0828125 0.046875
5 0.3921875 0.82109375 0.0765625 0.078125
5 0.4125 0.5359375 0.125 0.134375
5 0.5859375 0.5828125 0.190625 0.228125
5 0.76953125 0.6671875 0.1375 0.1953125
5 0.6421875 0.77265625 0.0828125 0.1015625
5 0.90078125 0.69453125 0.13125 0.1625