2 0.0703125 0.603125 0.140625 0.2125
2 0.04140625 0.39375 0.0828125 0.153125
2 0.02734375 0.2734375 0.0546875 0.0625
2 0.015625 0.1375 0.03125 0.134375
2 0.4265625 0.3484375 0.1234375 0.090625
1 0.5625 0.55703125 0.0875 0.1609375
1 0.5671875 0.54609375 0.096875 0.1953125
1 0.609375 0.55546875 0.18125 0.2078125
1 0.62578125 0.6484375 0.2140625 0.121875
1 0.58359375 0.65703125 0.1296875 0.1046875
1 0.56875 0.66484375 0.1 0.0890625
1 0.5640625 0.4234375 0.090625 0.153125
1 0.55859375 0.428125 0.0796875 0.140625
1 0.5984375 0.43515625 0.159375 0.1859375
1 0.7234375 0.4421875 0.1921875 0.1453125
1 0.696875 0.32421875 0.1921875 0.1203125
1 0.6 0.34296875 0.1625 0.1640625
1 0.5578125 0.3234375 0.078125 0.11875
1 0.559375 0.33125 0.08125 0.121875
1 0.553125 0.24296875 0.06875 0.1046875
0 0.41015625 0.971875 0.06875 0.0375
0 0.2078125 0.965625 0.0953125 0.0578125
0 0.0921875 0.98046875 0.0375 0.0390625
0 0.03203125 0.9765625 0.0640625 0.046875
0 0.34921875 0.98125 0.0578125 0.0375
1 0.8546875 0.97734375 0.1 0.0453125
1 0.90078125 0.98203125 0.0859375 0.0359375
1 0.54921875 0.90234375 0.0609375 0.0671875
1 0.5390625 0.9203125 0.040625 0.103125
1 0.540625 0.97265625 0.04375 0.0546875
1 0.571875 0.88125 0.090625 0.053125