2 0.10859375 0.80625 0.2171875 0.2765625
2 0.33515625 0.7671875 0.2046875 0.228125
2 0.3421875 0.9546875 0.2328125 0.090625
2 0.92109375 0.8234375 0.1546875 0.0984375
2 0.8421875 0.9515625 0.2171875 0.0859375
2 0.6578125 0.81328125 0.3140625 0.1296875
2 0.63515625 0.64921875 0.3140625 0.1171875
2 0.91171875 0.6171875 0.15 0.225
2 0.67265625 0.4453125 0.25 0.2109375
2 0.3953125 0.45625 0.196875 0.2953125
2 0.165625 0.5140625 0.165625 0.196875
2 0.11875 0.21796875 0.1921875 0.25625
2 0.34375 0.11796875 0.1734375 0.16875
2 0.665625 0.2328125 0.23125 0.16875
2 0.92265625 0.34140625 0.15 0.2359375
2 0.87890625 0.46796875 0.1078125 0.0890625