2 0.3203125 0.48359375 0.1171875 0.1453125
2 0.471875 0.4046875 0.09375 0.046875
2 0.14453125 0.4734375 0.115625 0.115625
2 0.02265625 0.52265625 0.0453125 0.1328125
2 0.60859375 0.38828125 0.1796875 0.4015625
2 0.86328125 0.39140625 0.2734375 0.3953125
2 0.7765625 0.10390625 0.1171875 0.165625
2 0.59921875 0.090625 0.1609375 0.121875
2 0.59921875 0.46015625 0.1609375 0.2578125
2 0.5546875 0.2125 0.071875 0.178125
2 0.55859375 0.20546875 0.0796875 0.1921875
2 0.596875 0.05390625 0.15625 0.0796875
2 0.61875 0.7078125 0.2 0.221875