2 0.31015625 0.3390625 0.1578125 0.140625
2 0.1453125 0.34140625 0.115625 0.1359375
2 0.03828125 0.325 0.0765625 0.16875
5 0.85625 0.21171875 0.090625 0.103125
5 0.96796875 0.1921875 0.0640625 0.11875
5 0.67734375 0.21015625 0.1109375 0.0890625
5 0.55078125 0.2140625 0.1640625 0.0546875
5 0.5453125 0.31015625 0.175 0.0875
5 0.43671875 0.23046875 0.0734375 0.0578125
5 0.43359375 0.30703125 0.0671875 0.0484375
5 0.41953125 0.23671875 0.0390625 0.0515625
5 0.4328125 0.29921875 0.065625 0.0421875
0 0.08125 0.87578125 0.1625 0.1453125
0 0.21171875 0.98203125 0.1921875 0.0359375
0 0.028125 0.534375 0.05625 0.103125
0 0.02578125 0.72734375 0.0515625 0.1703125
0 0.3796875 0.5125 0.040625 0.059375
0 0.0171875 0.81953125 0.034375 0.0609375
0 0.2546875 0.76328125 0.1609375 0.0703125
1 0.68515625 0.7046875 0.5703125 0.590625
1 0.825 0.7046875 0.35 0.590625