2 0.2015625 0.28125 0.10625 0.1375
2 0.03984375 0.3390625 0.0796875 0.1375
2 0.8046875 0.13125 0.23125 0.2625
2 0.76796875 0.059375 0.1953125 0.11875
2 0.54765625 0.1140625 0.1359375 0.228125
2 0.5421875 0.16640625 0.125 0.3328125
2 0.1890625 0.678125 0.2046875 0.1125
2 0.221875 0.5625 0.1671875 0.0671875
2 0.43046875 0.5375 0.0984375 0.059375
2 0.41640625 0.45859375 0.1265625 0.0796875
2 0.24296875 0.47890625 0.1703125 0.0515625
2 0.03046875 0.6765625 0.0609375 0.0875
2 0.0421875 0.58203125 0.084375 0.0703125
2 0.0703125 0.503125 0.1140625 0.0421875
2 0.0234375 0.6921875 0.046875 0.040625
2 0.85703125 0.790625 0.2859375 0.2
2 0.56171875 0.84609375 0.1640625 0.2453125