2 0.15546875 0.37734375 0.296875 0.0609375
2 0.1546875 0.43515625 0.2859375 0.0515625
2 0.45703125 0.56875 0.309375 0.1765625
2 0.81015625 0.56015625 0.3296875 0.1515625
2 0.45234375 0.7265625 0.3671875 0.0921875
2 0.83125 0.7046875 0.3375 0.090625
2 0.1265625 0.73828125 0.2390625 0.1078125
2 0.128125 0.5796875 0.2484375 0.16875
2 0.44609375 0.44375 0.275 0.0609375
2 0.7640625 0.4265625 0.28125 0.0515625
2 0.19765625 0.26640625 0.2390625 0.0921875
2 0.4609375 0.284375 0.2484375 0.096875
2 0.715625 0.271875 0.2234375 0.0796875
2 0.94140625 0.2640625 0.1171875 0.0875
2 0.6953125 0.12109375 0.2375 0.153125
2 0.9234375 0.11796875 0.1390625 0.1640625
2 0.45078125 0.11328125 0.175 0.18125
2 0.23828125 0.1265625 0.165625 0.1640625
2 0.0453125 0.12421875 0.0765625 0.1765625