2 0.34609375 0.1015625 0.3453125 0.203125
2 0.08203125 0.03203125 0.1640625 0.0640625
2 0.06796875 0.028125 0.1359375 0.05625
2 0.43125 0.07734375 0.175 0.1546875
2 0.16953125 0.046875 0.2828125 0.09375
2 0.071875 0.03828125 0.14375 0.0765625
2 0.075 0.2484375 0.15 0.203125
0 0.79375 0.0359375 0.14375 0.071875
0 0.959375 0.19765625 0.08125 0.0984375
0 0.91171875 0.34140625 0.0578125 0.0171875
0 0.8484375 0.2671875 0.1015625 0.103125
0 0.9578125 0.08828125 0.084375 0.0984375
0 0.54609375 0.290625 0.0546875 0.06875
0 0.72734375 0.0953125 0.065625 0.0859375
0 0.8375 0.0359375 0.05 0.071875
0 0.9546875 0.01875 0.071875 0.0375
0 0.54765625 0.0953125 0.0578125 0.05
2 0.0625 0.94375 0.125 0.1125
2 0.19296875 0.91796875 0.1890625 0.153125
2 0.42265625 0.8234375 0.1921875 0.1625
3 0.759375 0.4640625 0.48125 0.228125
3 0.759375 0.803125 0.48125 0.39375