2 0.06953125 0.03984375 0.1390625 0.0796875
2 0.096875 0.04140625 0.19375 0.0828125
2 0.09375 0.209375 0.1875 0.18125
2 0.04296875 0.190625 0.0859375 0.165625
2 0.10625 0.0640625 0.2125 0.128125
2 0.33515625 0.0390625 0.1640625 0.078125
2 0.1671875 0.25625 0.109375 0.165625
2 0.3078125 0.43046875 0.2125 0.1171875
2 0.11328125 0.0578125 0.2265625 0.115625
2 0.04140625 0.03828125 0.0828125 0.0765625
2 0.3078125 0.03203125 0.134375 0.0640625
2 0.028125 0.0453125 0.05625 0.090625
5 0.45078125 0.03515625 0.0640625 0.0703125
5 0.46875 0.0265625 0.1 0.053125
5 0.53828125 0.04140625 0.1140625 0.0828125
5 0.67890625 0.0390625 0.1296875 0.078125
5 0.68125 0.03046875 0.15 0.0609375
5 0.8546875 0.03203125 0.178125 0.0640625
5 0.9734375 0.0421875 0.053125 0.084375
5 0.9484375 0.3328125 0.103125 0.3125
5 0.84140625 0.340625 0.1171875 0.296875
5 0.7328125 0.33671875 0.103125 0.3046875
5 0.63359375 0.346875 0.0890625 0.284375
5 0.50703125 0.3109375 0.1578125 0.1453125
5 0.4546875 0.40859375 0.071875 0.1609375
5 0.5546875 0.0234375 0.121875 0.046875
5 0.4625 0.02109375 0.0875 0.0421875
5 0.45390625 0.0203125 0.0703125 0.040625
5 0.440625 0.02265625 0.04375 0.0453125
1 0.209375 0.74453125 0.41875 0.5109375
1 0.54765625 0.8296875 0.2578125 0.20625
1 0.790625 0.8421875 0.3421875 0.228125
1 0.91796875 0.65 0.1640625 0.18125
1 0.81953125 0.96796875 0.3171875 0.0640625
1 0.575 0.96328125 0.3125 0.0734375
1 0.54375 0.65 0.25 0.209375
1 0.75 0.65859375 0.3046875 0.215625
1 0.4734375 0.8421875 0.109375 0.240625