2 0.2015625 0.3296875 0.05625 0.159375
2 0.12890625 0.09453125 0.2015625 0.1890625
2 0.02890625 0.3171875 0.0578125 0.184375
5 0.71640625 0.2296875 0.1078125 0.140625
5 0.8140625 0.2140625 0.0578125 0.128125
5 0.59921875 0.23515625 0.0765625 0.078125
5 0.9453125 0.14140625 0.109375 0.0796875
5 0.89765625 0.0421875 0.1609375 0.084375
5 0.76015625 0.04296875 0.1390625 0.0859375
5 0.6109375 0.03046875 0.165625 0.0609375
5 0.63828125 0.09296875 0.1421875 0.0859375
5 0.47265625 0.06796875 0.1484375 0.1359375
5 0.2828125 0.04296875 0.10625 0.0859375
5 0.26953125 0.03515625 0.0796875 0.0703125
5 0.39140625 0.04140625 0.1359375 0.0828125
5 0.0421875 0.46328125 0.084375 0.1078125
5 0.05 0.52890625 0.1 0.1859375
5 0.0453125 0.6671875 0.090625 0.15
5 0.20546875 0.80625 0.0484375 0.075
5 0.1859375 0.93828125 0.0875 0.1234375
2 0.50546875 0.6015625 0.1609375 0.1765625
2 0.70390625 0.6328125 0.1796875 0.2296875
2 0.45859375 0.78515625 0.06875 0.0625
2 0.646875 0.87265625 0.23125 0.246875
2 0.74453125 0.44921875 0.1953125 0.0796875
2 0.9546875 0.44296875 0.090625 0.0671875
2 0.4921875 0.446875 0.190625 0.075
2 0.2578125 0.45 0.05625 0.08125
2 0.42734375 0.90078125 0.184375 0.178125
2 0.81640625 0.4265625 0.1421875 0.034375
2 0.61796875 0.43125 0.1609375 0.04375
2 0.434375 0.428125 0.13125 0.0375
2 0.25390625 0.4265625 0.0484375 0.034375