2 0.0265625 0.22421875 0.053125 0.4484375
2 0.04921875 0.2296875 0.0984375 0.459375
2 0.19296875 0.21640625 0.0703125 0.4328125
2 0.36015625 0.22109375 0.1796875 0.4421875
2 0.37421875 0.075 0.1890625 0.15
2 0.13203125 0.0796875 0.2328125 0.159375
2 0.05078125 0.0765625 0.1015625 0.153125
2 0.36796875 0.02890625 0.2015625 0.0578125
2 0.0859375 0.025 0.171875 0.05
0 0.9703125 0.48671875 0.059375 0.0453125
0 0.77265625 0.48671875 0.1296875 0.0453125
0 0.8796875 0.2046875 0.240625 0.08125
0 0.55234375 0.26328125 0.1671875 0.0453125
0 0.8640625 0.36015625 0.1296875 0.03125
0 0.76640625 0.48671875 0.1359375 0.0453125
2 0.0578125 0.96015625 0.10625 0.0796875
2 0.21171875 0.96171875 0.1234375 0.0765625
2 0.3578125 0.965625 0.115625 0.06875
2 0.2984375 0.79453125 0.196875 0.2109375
2 0.07890625 0.7890625 0.1578125 0.2125
2 0.3125 0.5265625 0.284375 0.034375
2 0.07265625 0.53125 0.1453125 0.04375
2 0.31640625 0.6296875 0.2515625 0.1
2 0.2875 0.55546875 0.1125 0.0921875
2 0.13359375 0.5609375 0.1109375 0.103125
2 0.02734375 0.54140625 0.0546875 0.0640625
1 0.734375 0.7546875 0.53125 0.490625