2 0.0890625 0.165625 0.178125 0.33125
2 0.2953125 0.19765625 0.146875 0.3953125
2 0.2125 0.55703125 0.3125 0.1859375
1 0.490625 0.37109375 0.1953125 0.1171875
1 0.715625 0.16171875 0.3125 0.1296875
1 0.50078125 0.528125 0.2640625 0.1625
1 0.68203125 0.5921875 0.3046875 0.115625
1 0.7125 0.4359375 0.2421875 0.140625
1 0.765625 0.04765625 0.328125 0.0953125
1 0.75234375 0.02421875 0.2296875 0.0484375
0 0.11640625 0.69296875 0.1609375 0.0859375
0 0.02734375 0.68984375 0.0546875 0.0796875
5 0.96015625 0.73671875 0.0796875 0.1734375