2 0.1265625 0.18125 0.184375 0.1078125
2 0.384375 0.1734375 0.146875 0.1265625
2 0.15078125 0.04296875 0.3015625 0.0859375
2 0.0984375 0.028125 0.196875 0.05625
2 0.0453125 0.0328125 0.090625 0.065625
2 0.7140625 0.29921875 0.228125 0.1796875
2 0.93515625 0.2625 0.1296875 0.134375
2 0.6484375 0.1875 0.096875 0.146875
2 0.64375 0.10859375 0.0875 0.0859375
2 0.79453125 0.15859375 0.0546875 0.096875
2 0.77265625 0.04453125 0.1765625 0.0484375
4 0.25546875 0.71796875 0.3328125 0.41875
4 0.5046875 0.94921875 0.178125 0.1015625
4 0.2203125 0.97421875 0.3015625 0.05
0 0.61484375 0.79921875 0.0296875 0.0703125
0 0.68515625 0.8265625 0.040625 0.10625
0 0.97890625 0.8203125 0.0390625 0.0421875
0 0.87578125 0.9921875 0.0640625 0.015625
0 0.75390625 0.7921875 0.0640625 0.028125
0 0.75390625 0.89453125 0.06875 0.084375