2 0.06640625 0.39375 0.1328125 0.35
2 0.31796875 0.38515625 0.2015625 0.3671875
2 0.32578125 0.11015625 0.1859375 0.2203125
2 0.1 0.1 0.2 0.2
2 0.34375 0.0453125 0.15 0.090625
2 0.10703125 0.04765625 0.2140625 0.0953125
2 0.01796875 0.04921875 0.0359375 0.0984375
2 0.209375 0.00703125 0.41875 0.0140625
0 0.50234375 0.434375 0.1671875 0.075
0 0.52734375 0.32734375 0.1734375 0.06875
0 0.43671875 0.3296875 0.0359375 0.078125
0 0.46875 0.534375 0.0546875 0.059375
0 0.9859375 0.14609375 0.028125 0.0671875
0 0.6390625 0.0125 0.090625 0.025
0 0.3453125 0.603125 0.146875 0.06875
0 0.1296875 0.6140625 0.1453125 0.08125
0 0.03359375 0.6375 0.0671875 0.090625
0 0.95 0.73359375 0.0890625 0.196875
0 0.75390625 0.91796875 0.0578125 0.1296875
0 0.871875 0.7984375 0.0546875 0.1328125