2 0.43984375 0.071875 0.1390625 0.14375
2 0.33984375 0.0515625 0.2234375 0.103125
2 0.21640625 0.0375 0.2265625 0.075
2 0.1234375 0.02421875 0.19375 0.0484375
2 0.3578125 0.01328125 0.20625 0.0265625
2 0.453125 0.0265625 0.1125 0.053125
3 0.73515625 0.09296875 0.1203125 0.1859375
3 0.94296875 0.125 0.0890625 0.228125
1 0.2546875 0.64296875 0.509375 0.7140625
0 0.5625 0.903125 0.10625 0.175
0 0.76484375 0.6046875 0.096875 0.23125
0 0.57734375 0.6046875 0.1359375 0.15
0 0.93125 0.45234375 0.1375 0.1953125
0 0.63828125 0.409375 0.1453125 0.1640625
0 0.9578125 0.76328125 0.084375 0.1609375
0 0.53671875 0.71015625 0.0546875 0.0640625
0 0.92734375 0.5796875 0.109375 0.05625