2 0.40703125 0.40703125 0.2 0.1265625
1 0.809375 0.496875 0.38125 0.384375
2 0.01484375 0.7734375 0.0296875 0.0625
2 0.0171875 0.7765625 0.034375 0.059375
2 0.01640625 0.778125 0.0328125 0.059375
2 0.01328125 0.7140625 0.0265625 0.05
2 0.02265625 0.715625 0.0453125 0.053125
2 0.03203125 0.69921875 0.0640625 0.0203125
2 0.028125 0.70078125 0.05625 0.0234375
2 0.021875 0.696875 0.04375 0.015625
2 0.01875 0.69609375 0.0375 0.0140625
2 0.01953125 0.69609375 0.0390625 0.0140625
2 0.015625 0.69609375 0.03125 0.0140625
2 0.025 0.69609375 0.05 0.0140625
2 0.03828125 0.703125 0.0546875 0.028125
2 0.0328125 0.7109375 0.065625 0.04375