2 0.2640625 0.49453125 0.23125 0.2078125
2 0.3015625 0.6828125 0.15625 0.09375
2 0.06328125 0.5515625 0.1265625 0.18125
2 0.08203125 0.38046875 0.1640625 0.1296875
2 0.29453125 0.30859375 0.1703125 0.1046875
1 0.68984375 0.36484375 0.6203125 0.7296875
5 0.18984375 0.765625 0.1671875 0.071875
5 0.109375 0.7734375 0.215625 0.0875
5 0.07265625 0.80390625 0.1453125 0.1484375
5 0.03515625 0.7578125 0.0703125 0.05625
5 0.05234375 0.75546875 0.1046875 0.0515625
5 0.059375 0.8609375 0.11875 0.2625
5 0.0984375 0.8859375 0.196875 0.228125
5 0.0453125 0.90546875 0.090625 0.1890625
5 0.0671875 0.79375 0.134375 0.128125
5 0.0703125 0.77734375 0.140625 0.0953125
5 0.13984375 0.7578125 0.1546875 0.05625
5 0.303125 0.7625 0.125 0.065625
2 0.878125 0.77890625 0.24375 0.0984375
2 0.7 0.78203125 0.16875 0.1046875
2 0.66328125 0.77578125 0.2234375 0.0921875
2 0.44375 0.7625 0.128125 0.065625
2 0.53515625 0.76875 0.2015625 0.078125
2 0.7234375 0.74140625 0.246875 0.0234375