2 0.09765625 0.03203125 0.1953125 0.0640625
2 0.34375 0.0296875 0.2125 0.059375
2 0.23671875 0.2546875 0.4265625 0.509375
2 0.02265625 0.359375 0.0453125 0.3
1 0.64921875 0.34296875 0.3984375 0.3328125
1 0.85703125 0.12734375 0.2859375 0.2546875
1 0.48671875 0.184375 0.0734375 0.290625
1 0.65 0.04375 0.125 0.0875
1 0.49375 0.034375 0.0875 0.06875
1 0.0453125 0.98359375 0.090625 0.0328125
1 0.1953125 0.85078125 0.390625 0.1484375
1 0.07734375 0.8125 0.1546875 0.109375
1 0.25 0.734375 0.4 0.084375
1 0.08125 0.7421875 0.1625 0.059375
1 0.08828125 0.69453125 0.1765625 0.0546875
1 0.2890625 0.6890625 0.321875 0.053125
3 0.5734375 0.7546875 0.18125 0.490625
3 0.8453125 0.525 0.309375 0.03125