2 0.09375 0.85390625 0.1875 0.190625
2 0.3515625 0.86171875 0.253125 0.1921875
2 0.63125 0.84765625 0.2453125 0.215625
2 0.909375 0.85 0.18125 0.2109375
2 0.88984375 0.615625 0.2203125 0.2078125
2 0.60859375 0.63828125 0.2125 0.196875
2 0.37578125 0.61796875 0.240625 0.2078125
2 0.1140625 0.6296875 0.228125 0.2171875
2 0.41484375 0.43359375 0.1671875 0.121875
2 0.609375 0.43125 0.1390625 0.1390625
2 0.86328125 0.43984375 0.246875 0.1171875
2 0.2234375 0.4375 0.1875 0.1296875
2 0.0390625 0.43046875 0.078125 0.1390625
2 0.18203125 0.3140625 0.2515625 0.121875
2 0.51171875 0.3171875 0.309375 0.0859375
2 0.85 0.315625 0.278125 0.0765625
2 0.84765625 0.2015625 0.303125 0.0984375
2 0.8265625 0.0671875 0.3453125 0.0796875
2 0.43203125 0.065625 0.3640625 0.0875
2 0.40078125 0.2 0.4546875 0.1171875
2 0.09609375 0.08515625 0.1921875 0.1109375