2 0.36953125 0.38203125 0.1671875 0.121875
2 0.53671875 0.37890625 0.0859375 0.1390625
2 0.178125 0.3859375 0.1875 0.1296875
2 0.01953125 0.378125 0.0390625 0.1375
2 0.13671875 0.2625 0.2515625 0.121875
2 0.4453125 0.26484375 0.26875 0.0859375
2 0.38671875 0.028125 0.3640625 0.05625
2 0.35390625 0.14765625 0.4515625 0.1171875
2 0.07265625 0.04453125 0.1453125 0.0890625
0 0.61953125 0.29296875 0.0796875 0.1484375
2 0.8609375 0.33203125 0.2671875 0.2921875
2 0.646875 0.17890625 0.134375 0.3578125
2 0.8828125 0.06328125 0.234375 0.1265625
2 0.6359375 0.08671875 0.1125 0.1734375
2 0.653125 0.0234375 0.146875 0.046875
5 0.1265625 0.57421875 0.2125 0.1265625
5 0.2015625 0.515625 0.13125 0.03125
5 0.3546875 0.5140625 0.096875 0.028125
5 0.44375 0.603125 0.090625 0.071875
5 0.053125 0.521875 0.10625 0.04375
5 0.215625 0.5328125 0.3375 0.065625
5 0.51640625 0.5234375 0.1265625 0.046875
0 0.6125 0.54765625 0.065625 0.0953125
0 0.5984375 0.5296875 0.0375 0.059375
0 0.60234375 0.5296875 0.0453125 0.059375
0 0.6078125 0.53359375 0.05625 0.0671875
0 0.64765625 0.54609375 0.0609375 0.0921875
0 0.8046875 0.51796875 0.084375 0.0359375
0 0.77734375 0.5328125 0.1359375 0.065625
0 0.9046875 0.52421875 0.103125 0.0484375
0 0.95 0.6890625 0.0578125 0.103125
0 0.603125 0.72890625 0.046875 0.1984375
0 0.596875 0.678125 0.034375 0.140625
0 0.61640625 0.928125 0.0734375 0.14375
0 0.91875 0.525 0.09375 0.05
0 0.74609375 0.8609375 0.09375 0.1828125
0 0.6078125 0.89921875 0.05625 0.0953125
0 0.59375 0.55390625 0.028125 0.1078125
0 0.59453125 0.53203125 0.0296875 0.0640625
0 0.66015625 0.58828125 0.0796875 0.16875
0 0.9421875 0.95625 0.115625 0.0875