0 0.7984375 0.34140625 0.109375 0.0953125
0 0.5515625 0.3578125 0.04375 0.0625
0 0.7625 0.05859375 0.084375 0.1171875
0 0.77109375 0.184375 0.0390625 0.090625
0 0.8296875 0.1984375 0.0390625 0.0734375
0 0.54765625 0.0234375 0.0359375 0.046875
0 0.2828125 0.74375 0.03125 0.08125
0 0.18203125 0.68125 0.1015625 0.0984375
0 0.028125 0.6953125 0.05625 0.1
0 0.1859375 0.515625 0.2328125 0.1953125
0 0.02109375 0.471875 0.0421875 0.075
0 0.01015625 0.52265625 0.0203125 0.0671875
0 0.01328125 0.45078125 0.0265625 0.0640625
0 0.01640625 0.74921875 0.0328125 0.0703125
0 0.55390625 0.4421875 0.0484375 0.10625
0 0.553125 0.55859375 0.046875 0.0640625
0 0.5546875 0.5203125 0.05 0.096875
0 0.553125 0.6765625 0.046875 0.096875
0 0.55 0.65390625 0.040625 0.1140625
0 0.6703125 0.9171875 0.06875 0.165625
0 0.58359375 0.78203125 0.0484375 0.0828125
0 0.5609375 0.8515625 0.0625 0.159375
0 0.77578125 0.83828125 0.109375 0.0859375
0 0.87890625 0.81953125 0.06875 0.15625
0 0.753125 0.65703125 0.125 0.0859375
0 0.76796875 0.5328125 0.1265625 0.1125
0 0.5453125 0.40625 0.03125 0.034375
0 0.54296875 0.40859375 0.0265625 0.0390625
0 0.6140625 0.47734375 0.0703125 0.06875