2 0.39140625 0.44375 0.1640625 0.090625
2 0.04921875 0.3578125 0.0984375 0.2625
2 0.15625 0.2484375 0.1046875 0.1875
0 0.02734375 0.8125 0.0546875 0.134375
0 0.46875 0.70078125 0.0875 0.1953125
0 0.3140625 0.86484375 0.0953125 0.1515625
0 0.32421875 0.6140625 0.1421875 0.1515625
0 0.1328125 0.52109375 0.09375 0.0640625
0 0.0765625 0.51640625 0.134375 0.0546875
0 0.23359375 0.5078125 0.0796875 0.0375
0 0.01953125 0.5046875 0.0390625 0.03125
0 0.015625 0.5234375 0.03125 0.06875
2 0.665625 0.9421875 0.271875 0.115625
2 0.95390625 0.92421875 0.0921875 0.1453125
2 0.5890625 0.77109375 0.11875 0.1515625