2 0.14453125 0.775 0.2890625 0.06875
2 0.175 0.58671875 0.35 0.1515625
2 0.0609375 0.57265625 0.121875 0.1109375
2 0.04375 0.75859375 0.0875 0.1015625
2 0.71953125 0.45703125 0.2390625 0.2890625
2 0.69375 0.72734375 0.1875 0.1609375
2 0.9609375 0.271875 0.078125 0.296875
2 0.74609375 0.12265625 0.2390625 0.2453125
2 0.6921875 0.03359375 0.184375 0.0671875
2 0.7078125 0.015625 0.215625 0.03125
2 0.6765625 0.32734375 0.153125 0.2171875
2 0.02734375 0.890625 0.0546875 0.1625
2 0.04921875 0.87421875 0.0984375 0.1296875
2 0.13671875 0.8609375 0.2484375 0.103125
2 0.45703125 0.85078125 0.2859375 0.0828125
2 0.4640625 0.84921875 0.271875 0.0796875
2 0.47578125 0.8953125 0.2484375 0.165625
2 0.15859375 0.8375 0.2828125 0.05625
2 0.2515625 0.9046875 0.121875 0.190625
2 0.06875 0.90625 0.1375 0.1875
2 0.05078125 0.853125 0.1015625 0.0875
2 0.02578125 0.9375 0.0515625 0.125
2 0.02890625 0.8953125 0.0578125 0.171875