2 0.078125 0.10625 0.15625 0.2125
2 0.3203125 0.13046875 0.34375 0.2609375
2 0.465625 0.4421875 0.30625 0.278125
2 0.09375 0.39375 0.1875 0.21875
2 0.1515625 0.57421875 0.303125 0.1109375
3 0.82265625 0.0625 0.3546875 0.125
5 0.53125 0.66015625 0.1 0.0609375
5 0.4953125 0.65546875 0.1375 0.0515625
5 0.390625 0.66015625 0.146875 0.0609375
5 0.2453125 0.69765625 0.18125 0.1359375
5 0.33046875 0.89375 0.1734375 0.2125
5 0.51328125 0.80078125 0.18125 0.2625
5 0.3546875 0.66328125 0.11875 0.0671875
5 0.05390625 0.6703125 0.1078125 0.08125
5 0.15625 0.64609375 0.10625 0.0328125
5 0.20703125 0.6484375 0.0953125 0.0375
5 0.084375 0.65546875 0.08125 0.0515625
2 0.909375 0.6515625 0.15 0.04375
2 0.79765625 0.97578125 0.0859375 0.0484375
2 0.8203125 0.73203125 0.096875 0.2046875