2 0.48984375 0.32890625 0.1578125 0.0984375
2 0.45703125 0.1515625 0.2234375 0.146875
2 0.45390625 0.02578125 0.2296875 0.0515625
2 0.20234375 0.24453125 0.2953125 0.134375
2 0.153125 0.07578125 0.30625 0.1515625
2 0.071875 0.0859375 0.14375 0.171875
2 0.0828125 0.2546875 0.165625 0.146875
1 0.64609375 0.35546875 0.1546875 0.1265625
1 0.63984375 0.3484375 0.1421875 0.140625
1 0.7859375 0.34921875 0.3 0.1390625
1 0.63046875 0.26015625 0.1234375 0.1578125
1 0.6375 0.265625 0.1375 0.125
0 0.21875 0.6578125 0.221875 0.0984375
0 0.28671875 0.821875 0.340625 0.1625
0 0.1 0.4359375 0.115625 0.034375
0 0.03046875 0.44765625 0.0609375 0.0578125
0 0.23515625 0.43828125 0.1140625 0.0390625
0 0.35859375 0.4484375 0.1046875 0.059375
0 0.65703125 0.76953125 0.1765625 0.2796875