2 0.06484375 0.2421875 0.1296875 0.134375
2 0.38515625 0.2421875 0.2078125 0.134375
2 0.09375 0.021875 0.178125 0.04375
2 0.046875 0.14140625 0.09375 0.1578125
2 0.67421875 0.0421875 0.0890625 0.084375
2 0.6875 0.05234375 0.115625 0.1046875
2 0.703125 0.215625 0.146875 0.1875
0 0.08359375 0.80546875 0.10625 0.1015625
0 0.0265625 0.9453125 0.053125 0.084375
0 0.06328125 0.7984375 0.0515625 0.0671875
0 0.09296875 0.878125 0.0546875 0.0421875
0 0.10390625 0.97578125 0.0765625 0.0484375
0 0.0171875 0.775 0.034375 0.08125
0 0.275 0.8875 0.0953125 0.090625
0 0.45625 0.790625 0.040625 0.0453125
0 0.3265625 0.97109375 0.11875 0.0578125
2 0.90703125 0.784375 0.1859375 0.2
2 0.69296875 0.83984375 0.1265625 0.2453125