2 0.3375 0.43203125 0.2828125 0.14375
2 0.09296875 0.29609375 0.1859375 0.1203125
2 0.1453125 0.44453125 0.0984375 0.0671875
2 0.48671875 0.2734375 0.1046875 0.1375
2 0.04296875 0.1859375 0.0859375 0.090625
2 0.7859375 0.50234375 0.428125 0.1734375
2 0.8515625 0.3609375 0.296875 0.10625
2 0.871875 0.253125 0.25625 0.11875
2 0.76484375 0.1703125 0.403125 0.090625
1 0.221875 0.965625 0.44375 0.06875
1 0.34296875 0.75703125 0.3921875 0.1109375
1 0.21328125 0.86328125 0.4265625 0.0953125
0 0.59765625 0.73125 0.0953125 0.1765625
0 0.690625 0.79609375 0.0703125 0.1234375
0 0.8796875 0.90625 0.078125 0.103125
0 0.9796875 0.72734375 0.040625 0.1265625
0 0.6796875 0.95 0.11875 0.1