2 0.2265625 0.4828125 0.1875 0.1125
2 0.43515625 0.409375 0.1484375 0.1625
1 0.6625 0.40625 0.30625 0.203125
1 0.8796875 0.40390625 0.240625 0.1859375
1 0.67109375 0.303125 0.246875 0.10625
1 0.8796875 0.296875 0.240625 0.0875
0 0.1734375 0.9265625 0.0359375 0.046875
0 0.01875 0.96953125 0.0375 0.0609375
0 0.01171875 0.959375 0.0234375 0.08125
0 0.4234375 0.86796875 0.0484375 0.0859375
0 0.33125 0.82109375 0.0703125 0.109375
2 0.8984375 0.62578125 0.1390625 0.153125
2 0.95078125 0.83515625 0.0984375 0.2296875
2 0.72890625 0.70546875 0.2125 0.15625
2 0.5828125 0.709375 0.0859375 0.1296875
2 0.52578125 0.6953125 0.0328125 0.0875