2 0.32578125 0.48515625 0.159375 0.2203125
2 0.0828125 0.44296875 0.165625 0.2859375
2 0.09921875 0.17265625 0.1984375 0.1984375
2 0.3703125 0.18046875 0.1734375 0.2078125
2 0.1625 0.49296875 0.1421875 0.225
0 0.66953125 0.4046875 0.065625 0.0578125
0 0.76015625 0.359375 0.0484375 0.05
0 0.68046875 0.2765625 0.1 0.1109375
0 0.73671875 0.18203125 0.053125 0.0328125
0 0.675 0.2 0.0265625 0.0484375
5 0.93046875 0.73828125 0.0515625 0.0765625
5 0.9734375 0.7171875 0.053125 0.034375
5 0.65703125 0.7203125 0.0890625 0.040625
5 0.5375 0.71953125 0.096875 0.0390625
5 0.50859375 0.73046875 0.0390625 0.0609375
5 0.51328125 0.71484375 0.0484375 0.0296875
5 0.5078125 0.721875 0.0375 0.04375
5 0.51015625 0.71953125 0.0421875 0.0390625
5 0.50390625 0.7203125 0.0296875 0.040625