2 0.05 0.5015625 0.1 0.159375
2 0.13046875 0.42265625 0.090625 0.1625
2 0.275 0.5640625 0.128125 0.109375
2 0.40625 0.51015625 0.140625 0.18125
2 0.2359375 0.35703125 0.1328125 0.1359375
2 0.11015625 0.21875 0.1203125 0.109375
2 0.0265625 0.27265625 0.053125 0.1234375
2 0.0421875 0.31015625 0.084375 0.1421875
2 0.04375 0.54140625 0.0875 0.1546875
2 0.02578125 0.35546875 0.0515625 0.1640625
2 0.07890625 0.140625 0.1578125 0.09375
2 0.065625 0.0453125 0.13125 0.090625
2 0.01953125 0.04140625 0.0390625 0.0828125
1 0.759375 0.3140625 0.48125 0.609375
1 0.8140625 0.065625 0.371875 0.13125
0 0.47890625 0.69453125 0.0796875 0.1515625
0 0.903125 0.975 0.1375 0.05
0 0.6734375 0.978125 0.15 0.04375
0 0.92578125 0.86640625 0.06875 0.096875
0 0.7125 0.8359375 0.140625 0.0640625
0 0.68828125 0.921875 0.153125 0.0625