2 0.075 0.575 0.15 0.05
2 0.1171875 0.4484375 0.234375 0.121875
2 0.06875 0.24375 0.1375 0.115625
2 0.0453125 0.18203125 0.090625 0.1328125
5 0.83046875 0.096875 0.20625 0.140625
5 0.60546875 0.11640625 0.175 0.11875
5 0.31875 0.3125 0.1375 0.109375
5 0.37109375 0.1109375 0.2421875 0.134375
5 0.59609375 0.4078125 0.4515625 0.11875
5 0.91328125 0.39140625 0.1734375 0.1390625
5 0.96171875 0.5609375 0.0765625 0.078125
5 0.471875 0.55234375 0.246875 0.0953125
5 0.78125 0.57578125 0.18125 0.0484375
5 0.275 0.5671875 0.05 0.065625
5 0.43671875 0.23125 0.1234375 0.090625
5 0.3125 0.4796875 0.1109375 0.140625
2 0.1328125 0.953125 0.128125 0.09375
2 0.28359375 0.659375 0.0671875 0.11875
2 0.33671875 0.640625 0.1390625 0.08125
2 0.61953125 0.6390625 0.4046875 0.078125
2 0.92109375 0.678125 0.1578125 0.15625
2 0.928125 0.87734375 0.14375 0.2453125
2 0.6203125 0.8 0.4375 0.4
2 0.3234375 0.8 0.146875 0.4