2 0.21328125 0.4046875 0.4265625 0.028125
2 0.228125 0.30546875 0.271875 0.1234375
2 0.03828125 0.27890625 0.0765625 0.1203125
3 0.68515625 0.26484375 0.1109375 0.1828125
5 0.159375 0.92265625 0.0625 0.1546875
5 0.0265625 0.94453125 0.053125 0.0734375
5 0.0328125 0.821875 0.065625 0.090625
5 0.03515625 0.72265625 0.0703125 0.0890625
5 0.05546875 0.6390625 0.1109375 0.08125
5 0.09921875 0.5015625 0.103125 0.1390625
5 0.01796875 0.5421875 0.0359375 0.14375
0 0.9546875 0.78984375 0.090625 0.2421875
0 0.8203125 0.80859375 0.1296875 0.2640625
0 0.67578125 0.61484375 0.0921875 0.2671875
0 0.6765625 0.91171875 0.09375 0.1609375