0 0.3765625 0.0140625 0.015625 0.028125
0 0.44609375 0.0125 0.0390625 0.025
3 0.51875 0.0125 0.040625 0.025
1 0.0859375 0.67265625 0.10625 0.0984375
1 0.1609375 0.69609375 0.14375 0.1171875
1 0.08984375 0.81875 0.1796875 0.1875
1 0.2078125 0.87265625 0.1265625 0.1234375
1 0.28125 0.72578125 0.09375 0.1015625
1 0.01875 0.97578125 0.0375 0.0484375
1 0.025 0.90234375 0.05 0.1046875
1 0.0375 0.81875 0.075 0.096875
2 0.5984375 0.94453125 0.1625 0.1109375
2 0.60390625 0.72109375 0.253125 0.284375
2 0.80703125 0.90546875 0.1234375 0.1890625