2 0.0296875 0.028125 0.059375 0.05625
2 0.021875 0.02109375 0.04375 0.0421875
2 0.01875 0.015625 0.0375 0.03125
2 0.73828125 0.08359375 0.159375 0.0921875
2 0.78515625 0.18203125 0.046875 0.0484375
2 0.61484375 0.02421875 0.0703125 0.0484375
2 0.70390625 0.021875 0.0703125 0.04375
4 0.034375 0.67578125 0.06875 0.0921875
4 0.18203125 0.65 0.0515625 0.040625
4 0.0390625 0.64296875 0.078125 0.0265625
4 0.12421875 0.65234375 0.0484375 0.0453125
0 0.703125 0.66796875 0.115625 0.0765625
0 0.60625 0.6546875 0.053125 0.05
0 0.6859375 0.65390625 0.075 0.0484375
0 0.81640625 0.653125 0.0484375 0.046875
0 0.96953125 0.66484375 0.0609375 0.0703125
0 0.9734375 0.665625 0.053125 0.071875
0 0.97734375 0.79921875 0.0453125 0.0953125
0 0.603125 0.8765625 0.046875 0.146875
0 0.6078125 0.66796875 0.05625 0.0765625
0 0.60703125 0.79453125 0.0546875 0.1203125
0 0.61171875 0.67109375 0.0640625 0.0828125
0 0.78515625 0.6515625 0.0921875 0.04375
0 0.84765625 0.65546875 0.0921875 0.0515625