2 0.228125 0.125 0.1859375 0.153125
2 0.38359375 0.02421875 0.2078125 0.0484375
2 0.2 0.01875 0.15625 0.0375
2 0.0515625 0.0359375 0.103125 0.071875
2 0.51796875 0.02734375 0.1421875 0.0546875
2 0.57265625 0.01953125 0.0546875 0.0390625
2 0.36171875 0.0140625 0.1171875 0.028125
5 0.07890625 0.6296875 0.1578125 0.128125
5 0.04140625 0.5875 0.0828125 0.1
5 0.0453125 0.6640625 0.090625 0.1375
5 0.0578125 0.82265625 0.115625 0.1703125
5 0.06015625 0.925 0.1203125 0.128125
5 0.10546875 0.978125 0.2109375 0.04375
2 0.7765625 0.46875 0.2625 0.2375
2 0.74609375 0.75625 0.2328125 0.2875