0 0.8484375 0.36484375 0.16875 0.0984375
0 0.890625 0.48046875 0.21875 0.0578125
0 0.7109375 0.03203125 0.09375 0.0578125
0 0.60546875 0.02578125 0.0921875 0.0515625
0 0.85390625 0.03359375 0.1046875 0.0671875
0 0.62109375 0.49453125 0.0546875 0.0296875
0 0.68828125 0.35546875 0.078125 0.078125
0 0.59296875 0.35546875 0.0671875 0.0828125
0 0.8234375 0.16796875 0.215625 0.1375
0 0.15859375 0.82578125 0.159375 0.1609375
0 0.515625 0.74765625 0.0875 0.1234375
0 0.13984375 0.61953125 0.1578125 0.0796875
0 0.2984375 0.5546875 0.078125 0.090625
0 0.24765625 0.5328125 0.1328125 0.046875
0 0.0328125 0.53515625 0.065625 0.0515625
0 0.025 0.59453125 0.05 0.1390625
0 0.0453125 0.903125 0.090625 0.159375
0 0.378125 0.7515625 0.0953125 0.11875
0 0.02109375 0.8 0.0421875 0.05