2 0.44921875 0.09140625 0.2015625 0.1828125
2 0.475 0.315625 0.15 0.146875
2 0.40859375 0.4890625 0.2828125 0.1
2 0.10859375 0.2359375 0.2171875 0.071875
2 0.1328125 0.43125 0.265625 0.13125
2 0.2015625 0.08984375 0.2 0.1796875
2 0.7734375 0.04453125 0.29375 0.0890625
2 0.58359375 0.23359375 0.0671875 0.2484375
0 0.31171875 0.96640625 0.0703125 0.0671875
0 0.21015625 0.93125 0.059375 0.0609375
0 0.340625 0.8984375 0.0703125 0.0265625
0 0.3390625 0.81875 0.1328125 0.1015625
0 0.4828125 0.8640625 0.059375 0.05
0 0.53046875 0.98125 0.0390625 0.0375
0 0.33671875 0.5828125 0.0609375 0.0390625
0 0.4390625 0.675 0.04375 0.0671875
0 0.51875 0.66640625 0.0625 0.0640625
1 0.8578125 0.76953125 0.284375 0.4609375
1 0.9484375 0.76953125 0.103125 0.4609375
1 0.5984375 0.79609375 0.096875 0.3515625
1 0.60625 0.7875 0.1125 0.390625
1 0.6671875 0.76953125 0.2234375 0.3828125