1 0.809375 0.15546875 0.38125 0.3109375
1 0.84609375 0.26484375 0.3078125 0.5296875
1 0.8546875 0.03046875 0.290625 0.0609375
5 0.23125 0.9328125 0.15 0.134375
5 0.075 0.890625 0.15 0.140625
5 0.0390625 0.76015625 0.078125 0.2046875
5 0.025 0.6328125 0.05 0.125
5 0.07421875 0.75859375 0.1484375 0.3046875
5 0.515625 0.7421875 0.20625 0.175
5 0.29921875 0.6453125 0.2046875 0.1890625
5 0.0875 0.59609375 0.175 0.1328125
5 0.05 0.56015625 0.1 0.0609375
5 0.0234375 0.559375 0.046875 0.059375
5 0.0421875 0.55703125 0.084375 0.0546875
5 0.05 0.55703125 0.1 0.0546875
5 0.20078125 0.56171875 0.1484375 0.0640625
5 0.3671875 0.58125 0.125 0.103125
5 0.50234375 0.5734375 0.1015625 0.0875
5 0.5921875 0.57890625 0.053125 0.0984375
5 0.58671875 0.55546875 0.0640625 0.0515625
5 0.47421875 0.55234375 0.1171875 0.0453125
5 0.359375 0.5484375 0.06875 0.0375
5 0.25625 0.55234375 0.121875 0.0453125
5 0.15625 0.53828125 0.084375 0.0171875
5 0.03671875 0.54140625 0.0734375 0.0234375
5 0.03046875 0.53984375 0.0609375 0.0203125
5 0.02421875 0.54765625 0.0484375 0.0359375
5 0.01796875 0.55390625 0.0359375 0.0484375
1 0.809375 0.76484375 0.38125 0.4703125