2 0.1203125 0.2625 0.240625 0.2625
2 0.04375 0.43671875 0.0875 0.2046875
2 0.4359375 0.34921875 0.325 0.3796875
3 0.6375 0.1859375 0.05625 0.046875
3 0.63046875 0.04296875 0.0421875 0.0859375
0 0.23125 0.5515625 0.04375 0.025
0 0.1234375 0.5515625 0.075 0.025
0 0.16796875 0.54921875 0.0328125 0.0203125
0 0.2515625 0.54921875 0.034375 0.0203125
0 0.015625 0.5484375 0.03125 0.01875
0 0.05 0.55078125 0.05 0.0234375
0 0.10625 0.55234375 0.046875 0.0265625
0 0.159375 0.5484375 0.04375 0.01875
0 0.21796875 0.55234375 0.0515625 0.0265625
0 0.059375 0.56015625 0.046875 0.028125
0 0.0390625 0.55390625 0.065625 0.0296875
0 0.00859375 0.54921875 0.0171875 0.0203125
0 0.09375 0.5515625 0.040625 0.025
0 0.02109375 0.5625 0.0421875 0.046875
0 0.20546875 0.5546875 0.0484375 0.03125
0 0.1546875 0.553125 0.04375 0.028125
0 0.109375 0.56171875 0.034375 0.0453125
0 0.21875 0.5609375 0.09375 0.04375
0 0.0125 0.5609375 0.025 0.04375
0 0.6625 0.68671875 0.078125 0.1171875
0 0.7296875 0.8796875 0.1234375 0.1125
0 0.63046875 0.92421875 0.0421875 0.1390625
0 0.62890625 0.775 0.0390625 0.059375