2 0.12109375 0.4296875 0.2421875 0.08125
2 0.37421875 0.46328125 0.1109375 0.0453125
2 0.084375 0.353125 0.16875 0.0625
2 0.06015625 0.26796875 0.1203125 0.0578125
0 0.6890625 0.4109375 0.2828125 0.15
1 0.21484375 0.71015625 0.4296875 0.4015625
1 0.19453125 0.584375 0.3890625 0.15
1 0.31328125 0.6171875 0.2328125 0.215625
1 0.14296875 0.5703125 0.2859375 0.121875
2 0.59296875 0.82265625 0.3265625 0.3546875
2 0.9015625 0.8703125 0.196875 0.259375
2 0.57421875 0.5703125 0.2890625 0.121875
2 0.88125 0.62421875 0.2 0.1328125
2 0.84140625 0.56875 0.2265625 0.11875
2 0.57421875 0.54921875 0.2890625 0.0796875