3 0.23515625 0.2796875 0.2296875 0.559375
0 0.5609375 0.19140625 0.003125 0.0640625
0 0.5625 0.26484375 0.00625 0.0484375
0 0.56328125 0.21171875 0.0078125 0.0703125
0 0.5609375 0.24296875 0.003125 0.0296875
0 0.56171875 0.25078125 0.0046875 0.0515625
0 0.56328125 0.2640625 0.0078125 0.040625
0 0.56328125 0.22421875 0.0078125 0.0296875
0 0.5625 0.26484375 0.00625 0.0234375
0 0.5640625 0.19921875 0.009375 0.0234375
0 0.56171875 0.17734375 0.0046875 0.0671875
0 0.5625 0.14765625 0.00625 0.0515625
0 0.5625 0.1578125 0.00625 0.05
0 0.56328125 0.0828125 0.0078125 0.05625
0 0.56328125 0.0921875 0.0078125 0.059375
0 0.56328125 0.06484375 0.0078125 0.0484375
0 0.56328125 0.10625 0.0078125 0.040625
0 0.56484375 0.0578125 0.0109375 0.053125
0 0.56328125 0.06796875 0.0078125 0.0640625
0 0.5640625 0.0765625 0.009375 0.065625
0 0.56328125 0.0796875 0.0078125 0.059375
0 0.5625 0.01171875 0.00625 0.0234375
0 0.5640625 0.0109375 0.009375 0.021875
0 0.56328125 0.01171875 0.0078125 0.0234375
0 0.5640625 0.01015625 0.009375 0.0203125
0 0.0046875 0.57421875 0.009375 0.0296875
0 0.00703125 0.609375 0.0140625 0.078125
0 0.00546875 0.5796875 0.0109375 0.040625
0 0.003125 0.57265625 0.00625 0.0265625
0 0.00390625 0.61953125 0.0078125 0.0421875
0 0.00546875 0.59921875 0.0109375 0.0734375
5 0.8453125 0.6375 0.146875 0.15625
5 0.96171875 0.7796875 0.0765625 0.440625
5 0.83125 0.66171875 0.090625 0.2046875
5 0.7640625 0.89375 0.090625 0.2125
5 0.69921875 0.728125 0.1953125 0.3375
5 0.68125 0.5859375 0.078125 0.053125
5 0.66953125 0.609375 0.0640625 0.1
5 0.5765625 0.6015625 0.034375 0.084375
5 0.56875 0.7125 0.01875 0.075
5 0.5734375 0.896875 0.028125 0.20625
5 0.59453125 0.61484375 0.0703125 0.1109375
5 0.5828125 0.68828125 0.046875 0.2171875
5 0.5921875 0.89296875 0.065625 0.2140625
5 0.57734375 0.67421875 0.0359375 0.2296875
5 0.5875 0.609375 0.05625 0.1
5 0.57734375 0.60078125 0.0359375 0.0828125
5 0.57421875 0.615625 0.0296875 0.1125
5 0.56796875 0.578125 0.0171875 0.0375