3 0.2171875 0.16640625 0.140625 0.3328125
5 0.525 0.0890625 0.171875 0.178125
5 0.87734375 0.32734375 0.2140625 0.1234375
5 0.7375 0.15078125 0.1328125 0.221875
5 0.640625 0.034375 0.15 0.06875
0 0.3046875 0.6859375 0.0359375 0.046875
0 0.3625 0.809375 0.0625 0.0359375
0 0.425 0.85546875 0.028125 0.0859375
0 0.06796875 0.73359375 0.0765625 0.06875
0 0.12265625 0.8484375 0.046875 0.109375
0 0.0515625 0.87578125 0.0578125 0.0703125
0 0.05390625 0.9546875 0.0515625 0.0765625
0 0.01171875 0.71953125 0.0234375 0.0828125
0 0.22890625 0.94375 0.071875 0.090625
2 0.47265625 0.4484375 0.0671875 0.11875
2 0.4734375 0.4296875 0.06875 0.08125
2 0.58359375 0.428125 0.2890625 0.078125
2 0.87421875 0.4671875 0.2515625 0.15625
2 0.88125 0.76171875 0.2375 0.4703125
2 0.5921875 0.61953125 0.30625 0.4609375
2 0.5078125 0.69453125 0.1375 0.6109375
2 0.59296875 0.9359375 0.3078125 0.128125