1 0.7 0.38203125 0.6 0.3359375
1 0.70859375 0.3515625 0.5828125 0.38125
1 0.80546875 0.2609375 0.3890625 0.25625
1 0.7 0.41796875 0.6 0.2640625
1 0.53984375 0.10859375 0.2796875 0.2171875
1 0.5890625 0.09296875 0.378125 0.1859375
1 0.64140625 0.08125 0.4484375 0.1625
5 0.053125 0.809375 0.10625 0.125
5 0.03203125 0.64140625 0.0640625 0.0640625
5 0.02421875 0.6796875 0.0484375 0.05625
5 0.021875 0.83828125 0.04375 0.0703125
5 0.15234375 0.86640625 0.0359375 0.05625
5 0.26640625 0.865625 0.1546875 0.0984375
5 0.38515625 0.88671875 0.0296875 0.0984375
5 0.0359375 0.571875 0.071875 0.04375
5 0.08359375 0.5828125 0.1671875 0.065625
5 0.1109375 0.6453125 0.221875 0.09375
5 0.24453125 0.77421875 0.3109375 0.0984375
4 0.67265625 0.67890625 0.1859375 0.2578125
4 0.89375 0.60234375 0.1375 0.1046875
4 0.678125 0.96015625 0.26875 0.0796875
4 0.85703125 0.66328125 0.1359375 0.2265625