3 0.06953125 0.23828125 0.1390625 0.0953125
0 0.47734375 0.12109375 0.0546875 0.1046875
0 0.47734375 0.21875 0.0546875 0.065625
0 0.521875 0.0578125 0.084375 0.115625
0 0.47734375 0.0265625 0.0546875 0.053125
0 0.76796875 0.4453125 0.1046875 0.128125
0 0.6546875 0.334375 0.034375 0.1125
0 0.95546875 0.36640625 0.0890625 0.1171875
0 0.46796875 0.18828125 0.0359375 0.1140625
0 0.6171875 0.03984375 0.01875 0.0796875
0 0.69375 0.0328125 0.0875 0.065625
0 0.83359375 0.190625 0.0921875 0.071875
2 0.1734375 0.9375 0.346875 0.125
0 0.80234375 0.7 0.3546875 0.21875
0 0.4875 0.7390625 0.075 0.05625
0 0.45234375 0.6484375 0.0046875 0.00625