3 0.41484375 0.11015625 0.0765625 0.2203125
3 0.42734375 0.1171875 0.0734375 0.096875
3 0.228125 0.0875 0.065625 0.175
3 0.25703125 0.11953125 0.071875 0.0828125
5 0.48359375 0.17578125 0.0296875 0.0984375
5 0.5015625 0.1546875 0.065625 0.08125
5 0.57734375 0.19140625 0.0703125 0.1140625
5 0.64765625 0.190625 0.0484375 0.11875
5 0.72265625 0.17578125 0.0703125 0.0984375
5 0.76640625 0.2421875 0.0578125 0.015625
1 0.11171875 0.86640625 0.2234375 0.2671875
1 0.253125 0.828125 0.43125 0.34375
1 0.28828125 0.61796875 0.3609375 0.2328125
1 0.30390625 0.5140625 0.3296875 0.125
1 0.1515625 0.55859375 0.303125 0.1109375
1 0.10703125 0.66484375 0.2140625 0.0953125
1 0.72265625 0.625 0.5078125 0.75