3 0.4640625 0.359375 0.390625 0.3375
2 0.85390625 0.48984375 0.2578125 0.0984375
2 0.7078125 0.41875 0.096875 0.146875
2 0.7453125 0.33984375 0.171875 0.0859375
2 0.94921875 0.38984375 0.0546875 0.096875
2 0.91953125 0.275 0.1609375 0.046875
5 0.184375 0.628125 0.209375 0.178125
5 0.41484375 0.91953125 0.1328125 0.1609375
5 0.31953125 0.7734375 0.1515625 0.1390625
0 0.79765625 0.56796875 0.0984375 0.0578125
0 0.8484375 0.62578125 0.0953125 0.0640625
0 0.92109375 0.74453125 0.09375 0.0984375
0 0.69921875 0.72109375 0.0796875 0.1140625
0 0.98046875 0.55625 0.0390625 0.034375