3 0.12109375 0.3234375 0.1375 0.184375
2 0.81796875 0.22421875 0.18125 0.146875
2 0.56171875 0.32734375 0.2515625 0.2
2 0.3875 0.425 0.075 0.10625
1 0.2453125 0.74375 0.209375 0.5125
1 0.1578125 0.74921875 0.315625 0.4890625
1 0.1375 0.5171875 0.275 0.075
5 0.371875 0.49609375 0.04375 0.0328125
5 0.37265625 0.5515625 0.0453125 0.121875
5 0.36875 0.56484375 0.0375 0.0453125
5 0.3640625 0.65390625 0.028125 0.0828125
5 0.46796875 0.6328125 0.2359375 0.2125
5 0.46796875 0.52421875 0.1859375 0.0890625
5 0.64140625 0.525 0.1421875 0.090625
5 0.78984375 0.5109375 0.1078125 0.059375
5 0.92734375 0.5 0.1359375 0.040625
5 0.93984375 0.6015625 0.1203125 0.10625
5 0.78515625 0.62578125 0.1546875 0.0984375
5 0.62109375 0.63359375 0.1375 0.0578125
5 0.4390625 0.64921875 0.178125 0.0828125
5 0.9671875 0.95703125 0.065625 0.0578125