3 0.35625 0.1765625 0.54375 0.353125
3 0.8734375 0.08203125 0.228125 0.1640625
3 0.79765625 0.2484375 0.0765625 0.403125
3 0.96484375 0.40859375 0.0703125 0.0296875
1 0.18828125 0.875 0.3765625 0.25
1 0.44140625 0.884375 0.3515625 0.23125
1 0.1640625 0.66875 0.21875 0.1953125
1 0.2953125 0.66171875 0.2046875 0.1859375
1 0.0515625 0.6578125 0.103125 0.203125
1 0.03046875 0.54375 0.0609375 0.096875
1 0.059375 0.54921875 0.11875 0.1015625
1 0.61875 0.859375 0.28125 0.28125
1 0.41484375 0.67265625 0.2203125 0.1875
1 0.521875 0.67421875 0.20625 0.19375
1 0.15234375 0.56171875 0.1421875 0.0765625
2 0.8953125 0.6125 0.2046875 0.1125
2 0.921875 0.49609375 0.15625 0.0671875
2 0.93125 0.4625 0.1375 0.025
2 0.78984375 0.6109375 0.0609375 0.0875
2 0.78671875 0.51640625 0.0546875 0.0703125
2 0.79609375 0.46015625 0.0734375 0.0203125
2 0.7828125 0.6265625 0.046875 0.040625