3 0.25546875 0.3203125 0.2984375 0.159375
3 0.05859375 0.10703125 0.1171875 0.2140625
3 0.24453125 0.1046875 0.2453125 0.209375
3 0.75 0.1484375 0.5 0.296875
0 0.053125 0.81328125 0.10625 0.1140625
0 0.36015625 0.828125 0.1859375 0.1171875
0 0.26640625 0.72578125 0.2140625 0.0515625
0 0.19453125 0.9375 0.1953125 0.1
4 0.7703125 0.42265625 0.0625 0.0453125
4 0.91171875 0.43203125 0.0859375 0.0640625
4 0.96953125 0.684375 0.0609375 0.175
4 0.81484375 0.48671875 0.06875 0.0921875
4 0.83125 0.9515625 0.109375 0.096875