3 0.18828125 0.19765625 0.321875 0.2140625
0 0.8796875 0.33671875 0.0953125 0.10625
0 0.7453125 0.51875 0.06875 0.0625
1 0.03203125 0.80078125 0.0640625 0.0859375
1 0.03828125 0.8828125 0.0765625 0.078125
1 0.034375 0.9359375 0.06875 0.090625
1 0.04453125 0.95 0.0890625 0.1
1 0.0203125 0.790625 0.040625 0.06875
1 0.0515625 0.80859375 0.103125 0.0828125
1 0.115625 0.89140625 0.225 0.121875
1 0.16015625 0.98125 0.1796875 0.0375
0 0.984375 0.78984375 0.03125 0.0953125
0 0.76796875 0.8625 0.0625 0.184375
0 0.6640625 0.91953125 0.0765625 0.115625
0 0.59453125 0.82109375 0.0296875 0.1015625
0 0.5984375 0.834375 0.0375 0.128125
0 0.5921875 0.884375 0.025 0.14375
0 0.58984375 0.8828125 0.0203125 0.134375
0 0.5859375 0.8875 0.0125 0.125
0 0.87109375 0.79921875 0.046875 0.0390625
0 0.59375 0.66171875 0.028125 0.1265625
0 0.653125 0.65703125 0.06875 0.1296875
0 0.753125 0.640625 0.0609375 0.159375
0 0.84140625 0.6359375 0.0703125 0.109375
0 0.59296875 0.94375 0.0265625 0.1125
0 0.59765625 0.9390625 0.0359375 0.11875
0 0.89140625 0.92890625 0.04375 0.0703125