3 0.25 0.059375 0.090625 0.11875
3 0.56796875 0.0421875 0.1015625 0.084375
3 0.5078125 0.07265625 0.078125 0.1453125
4 0.78203125 0.13046875 0.3265625 0.2609375
2 0.0265625 0.75234375 0.053125 0.2078125
2 0.12578125 0.9125 0.1953125 0.175
2 0.325 0.7046875 0.125 0.19375
2 0.4796875 0.89921875 0.140625 0.2015625
2 0.57890625 0.65625 0.0796875 0.24375
2 0.10234375 0.65390625 0.2046875 0.2328125
2 0.1421875 0.3703125 0.11875 0.08125
2 0.675 0.9578125 0.1125 0.084375
2 0.7484375 0.96328125 0.25625 0.0734375
2 0.66953125 0.7921875 0.1015625 0.228125
2 0.8625 0.80234375 0.275 0.2234375
2 0.74609375 0.603125 0.2546875 0.13125
2 0.89296875 0.4828125 0.2140625 0.0875
2 0.8921875 0.38671875 0.215625 0.0796875
2 0.878125 0.34921875 0.24375 0.0390625
2 0.67734375 0.46875 0.1171875 0.08125