3 0.034375 0.1953125 0.06875 0.390625
1 0.53671875 0.23046875 0.1734375 0.0828125
1 0.590625 0.20390625 0.25625 0.06875
1 0.6984375 0.25546875 0.28125 0.103125
1 0.725 0.4734375 0.55 0.2125
1 0.94140625 0.44765625 0.1171875 0.2640625
1 0.6484375 0.41953125 0.396875 0.2765625
1 0.825 0.33828125 0.35 0.1953125
1 0.87890625 0.21875 0.2421875 0.11875
1 0.97734375 0.26875 0.0453125 0.125
2 0.07890625 0.61171875 0.1578125 0.0640625
2 0.171875 0.609375 0.34375 0.059375
2 0.37890625 0.625 0.1421875 0.090625
2 0.1484375 0.78984375 0.296875 0.4203125
2 0.4015625 0.93203125 0.096875 0.1359375
2 0.7453125 0.9359375 0.4 0.128125