3 0.2703125 0.29609375 0.159375 0.4234375
0 0.4203125 0.41015625 0.1203125 0.1640625
0 0.5375 0.0859375 0.09375 0.0671875
0 0.38984375 0.1609375 0.0796875 0.065625
0 0.51875 0.240625 0.125 0.0578125
0 0.92421875 0.31328125 0.128125 0.1203125
0 0.37890625 0.5296875 0.0578125 0.178125
0 0.37734375 0.084375 0.0546875 0.140625
0 0.7515625 0.028125 0.221875 0.05625
0 0.45859375 0.55625 0.1859375 0.0828125
2 0.26640625 0.740625 0.1671875 0.24375
2 0.28828125 0.6625 0.1234375 0.0875
2 0.1203125 0.6640625 0.140625 0.090625
0 0.97578125 0.82734375 0.0484375 0.0640625