3 0.43984375 0.28125 0.0640625 0.35625
3 0.50625 0.13046875 0.046875 0.0734375
5 0.82265625 0.23515625 0.1546875 0.09375
5 0.70546875 0.22890625 0.075 0.05625
5 0.6328125 0.2171875 0.0828125 0.05625
5 0.55625 0.20625 0.053125 0.046875
5 0.5484375 0.2546875 0.0375 0.08125
5 0.5703125 0.30078125 0.071875 0.096875
5 0.671875 0.40078125 0.1125 0.1171875
5 0.80703125 0.4421875 0.1328125 0.034375
5 0.5640625 0.3859375 0.06875 0.146875
1 0.165625 0.62890625 0.33125 0.3390625
1 0.3609375 0.6375 0.3375 0.35625
1 0.41171875 0.86875 0.2359375 0.2625
1 0.2140625 0.8796875 0.428125 0.240625
1 0.0796875 0.5328125 0.159375 0.146875
1 0.2265625 0.534375 0.3125 0.15
1 0.3984375 0.534375 0.2625 0.15
3 0.553125 0.74296875 0.046875 0.2515625