3 0.08046875 0.32578125 0.1609375 0.4265625
5 0.625 0.4890625 0.171875 0.096875
5 0.928125 0.4828125 0.096875 0.0703125
5 0.89453125 0.38359375 0.0859375 0.0859375
5 0.753125 0.38359375 0.14375 0.06875
5 0.590625 0.38359375 0.103125 0.0546875
5 0.60859375 0.34609375 0.125 0.0625
5 0.55703125 0.32578125 0.0359375 0.0609375
5 0.54765625 0.34375 0.0171875 0.065625
5 0.59140625 0.27421875 0.1046875 0.0640625
5 0.63203125 0.27109375 0.1859375 0.0765625
5 0.871875 0.2828125 0.25625 0.090625
4 0.05703125 0.8265625 0.1140625 0.23125
2 0.565625 0.8890625 0.053125 0.221875
2 0.5828125 0.8703125 0.0875 0.259375
2 0.70234375 0.86875 0.0859375 0.2546875