3 0.19140625 0.19921875 0.0828125 0.3984375
3 0.38125 0.2125 0.125 0.425
5 0.73125 0.1921875 0.203125 0.11875
5 0.6703125 0.15625 0.08125 0.08125
5 0.69453125 0.26796875 0.1296875 0.0953125
5 0.66953125 0.21875 0.0796875 0.11875
5 0.6515625 0.16015625 0.04375 0.1421875
5 0.8828125 0.21015625 0.0984375 0.05625
5 0.696875 0.40234375 0.134375 0.1546875
5 0.65703125 0.3375 0.0546875 0.046875
4 0.45234375 0.79765625 0.2734375 0.4046875
4 0.1453125 0.6703125 0.1125 0.1875
5 0.63984375 0.66171875 0.0203125 0.3453125
5 0.67109375 0.74453125 0.0828125 0.5109375
5 0.70859375 0.84765625 0.1578125 0.3046875
5 0.91328125 0.54375 0.1734375 0.109375
5 0.94453125 0.64921875 0.1109375 0.3203125