3 0.253125 0.09296875 0.13125 0.1859375
3 0.02890625 0.45703125 0.0578125 0.3078125
5 0.35546875 0.5578125 0.0734375 0.059375
5 0.67734375 0.58984375 0.1171875 0.0578125
5 0.58125 0.40703125 0.0625 0.0515625
5 0.4828125 0.41484375 0.0953125 0.053125
5 0.34140625 0.4046875 0.0453125 0.0375
5 0.33671875 0.4078125 0.0359375 0.03125
5 0.57578125 0.5046875 0.1203125 0.0390625
5 0.67890625 0.4875 0.0359375 0.0546875
1 0.04453125 0.66484375 0.0890625 0.0921875
1 0.18671875 0.703125 0.2640625 0.16875
1 0.25390625 0.809375 0.1296875 0.38125
1 0.159375 0.85234375 0.31875 0.2953125
1 0.103125 0.809375 0.20625 0.38125
0 0.434375 0.8546875 0.23125 0.084375
0 0.46171875 0.98203125 0.2859375 0.0359375
0 0.51875 0.69609375 0.340625 0.1546875
0 0.82109375 0.76875 0.2 0.2734375
0 0.36640625 0.82734375 0.0953125 0.3296875