3 0.4125 0.43203125 0.140625 0.3140625
1 0.834375 0.29453125 0.33125 0.5890625
1 0.76328125 0.38515625 0.1890625 0.3484375
1 0.834375 0.4359375 0.33125 0.30625
1 0.16875 0.71875 0.3375 0.259375
1 0.446875 0.70390625 0.44375 0.2296875
1 0.49296875 0.884375 0.3515625 0.23125
1 0.30703125 0.90703125 0.6140625 0.1859375
1 0.121875 0.646875 0.24375 0.115625
1 0.390625 0.6546875 0.434375 0.13125
5 0.69296875 0.61953125 0.0484375 0.0609375
5 0.70234375 0.61484375 0.0671875 0.0515625
5 0.70546875 0.61953125 0.0734375 0.0609375
5 0.7140625 0.71484375 0.090625 0.1984375
5 0.71171875 0.91796875 0.0859375 0.1640625
5 0.71328125 0.8484375 0.0890625 0.2625
5 0.76328125 0.71875 0.1890625 0.234375
5 0.86484375 0.63515625 0.1578125 0.0921875
5 0.91171875 0.671875 0.1765625 0.165625
5 0.74921875 0.64765625 0.1234375 0.1171875
5 0.6984375 0.62265625 0.059375 0.0671875
5 0.7 0.64609375 0.0625 0.1140625
5 0.69453125 0.60546875 0.0515625 0.0328125
5 0.6921875 0.6078125 0.046875 0.0375
5 0.6890625 0.61484375 0.040625 0.0515625