3 0.2890625 0.1578125 0.3375 0.315625
2 0.5984375 0.11484375 0.178125 0.2296875
2 0.86953125 0.125 0.2609375 0.25
2 0.78671875 0.35859375 0.4265625 0.1609375
3 0.44921875 0.8453125 0.1203125 0.309375
0 0.54921875 0.5234375 0.0796875 0.05
0 0.5515625 0.6 0.084375 0.04375
0 0.60546875 0.871875 0.146875 0.1078125
0 0.9421875 0.76953125 0.115625 0.1203125
0 0.8046875 0.81796875 0.134375 0.115625
0 0.9421875 0.934375 0.115625 0.1125
0 0.89453125 0.634375 0.06875 0.0640625
0 0.97734375 0.66953125 0.0453125 0.0609375
0 0.8 0.49375 0.0625 0.109375
0 0.96171875 0.45703125 0.0671875 0.0359375