3 0.31796875 0.05703125 0.2109375 0.1140625
3 0.16953125 0.1921875 0.078125 0.2234375
3 0.04921875 0.1984375 0.0984375 0.221875
0 0.903125 0.2625 0.053125 0.0875
0 0.903125 0.37421875 0.0875 0.1375
0 0.94296875 0.5 0.0765625 0.0765625
0 0.78359375 0.39140625 0.1546875 0.103125
0 0.85078125 0.0203125 0.0578125 0.040625
0 0.85546875 0.025 0.0609375 0.05
0 0.8859375 0.09296875 0.0703125 0.0578125
0 0.7734375 0.0609375 0.0921875 0.0453125
0 0.79375 0.115625 0.1046875 0.05
0 0.66953125 0.21484375 0.10625 0.075
0 0.55078125 0.078125 0.0828125 0.06875
0 0.65234375 0.08515625 0.084375 0.0984375
0 0.7421875 0.02265625 0.13125 0.0453125
0 0.5265625 0.29921875 0.034375 0.0515625
0 0.6671875 0.5140625 0.1171875 0.0515625
0 0.52421875 0.10234375 0.0296875 0.0765625
0 0.52890625 0.45 0.0390625 0.0625
0 0.80859375 0.2328125 0.084375 0.10625
1 0.1078125 0.8046875 0.215625 0.390625
1 0.26640625 0.8234375 0.4796875 0.353125
2 0.61640625 0.96640625 0.2140625 0.0671875
2 0.8828125 0.8640625 0.234375 0.1625
2 0.60859375 0.8546875 0.1984375 0.13125
2 0.55625 0.875 0.09375 0.1625
2 0.8828125 0.70078125 0.234375 0.1203125
2 0.61484375 0.72265625 0.2109375 0.0765625
2 0.86015625 0.62578125 0.2796875 0.0328125