3 0.33359375 0.3 0.1140625 0.0375
3 0.0421875 0.21953125 0.084375 0.1640625
1 0.58984375 0.2421875 0.1796875 0.153125
1 0.6 0.24453125 0.2 0.1484375
1 0.61953125 0.26484375 0.2390625 0.1078125
4 0.15703125 0.6640625 0.3140625 0.41875
4 0.134375 0.97421875 0.26875 0.0515625
4 0.3984375 0.92265625 0.178125 0.1546875
4 0.13203125 0.9203125 0.2640625 0.05
5 0.74375 0.63828125 0.2078125 0.38125
5 0.91875 0.859375 0.115625 0.24375
5 0.8 0.6875 0.1109375 0.225
5 0.7140625 0.56796875 0.0578125 0.1078125
5 0.54609375 0.89296875 0.0921875 0.2140625
5 0.71015625 0.34453125 0.0796875 0.0515625
5 0.95546875 0.58359375 0.0875 0.14375
5 0.8421875 0.44453125 0.0890625 0.14375