3 0.06484375 0.209375 0.0828125 0.41875
3 0.2546875 0.209375 0.125 0.41875
3 0.67578125 0.2234375 0.1796875 0.390625
2 0.07421875 0.67109375 0.1484375 0.0609375
2 0.07109375 0.72890625 0.1421875 0.0515625
2 0.1125 0.86171875 0.225 0.1765625
2 0.3484375 0.853125 0.18125 0.15
2 0.3578125 0.9765625 0.1625 0.046875
2 0.06171875 0.87265625 0.1234375 0.1671875
2 0.0984375 0.73671875 0.196875 0.0609375
2 0.33828125 0.71953125 0.2015625 0.0515625
2 0.059375 0.559375 0.11875 0.090625
2 0.09921875 0.578125 0.1984375 0.096875
2 0.328125 0.56484375 0.221875 0.0796875
2 0.309375 0.45703125 0.2375 0.0765625
2 0.07578125 0.46328125 0.1515625 0.0890625
2 0.04140625 0.46015625 0.0828125 0.0828125
2 0.01875 0.4625 0.0375 0.0875
3 0.73984375 0.83046875 0.321875 0.2140625