1 0.62734375 0.12265625 0.16875 0.2125
1 0.73359375 0.11171875 0.2609375 0.2234375
1 0.921875 0.1734375 0.15625 0.29375
1 0.6953125 0.27109375 0.609375 0.2359375
1 0.53046875 0.27265625 0.4234375 0.2328125
1 0.43359375 0.2390625 0.2296875 0.3
1 0.159375 0.69453125 0.31875 0.6109375
1 0.42578125 0.4515625 0.2140625 0.125
1 0.66953125 0.45859375 0.3828125 0.1390625
1 0.853125 0.46015625 0.29375 0.1421875
1 0.74375 0.78828125 0.5125 0.4234375
1 0.49921875 0.7875 0.3609375 0.425
1 0.409375 0.42109375 0.18125 0.0640625
1 0.58671875 0.41796875 0.2390625 0.0578125
1 0.7640625 0.425 0.26875 0.071875
1 0.8921875 0.42421875 0.215625 0.0703125