3 0.01640625 0.13515625 0.0328125 0.0484375
5 0.08203125 0.63828125 0.1390625 0.0390625
5 0.00625 0.63203125 0.0125 0.0265625
5 0.2703125 0.6390625 0.08125 0.040625
5 0.29453125 0.6375 0.1046875 0.0375
5 0.33984375 0.640625 0.1046875 0.04375
5 0.396875 0.63125 0.040625 0.025
5 0.19453125 0.6421875 0.0421875 0.046875
5 0.15859375 0.62578125 0.0578125 0.0140625
1 0.64765625 0.94453125 0.2953125 0.1109375
1 0.80390625 0.946875 0.3921875 0.10625
1 0.58046875 0.9484375 0.1609375 0.103125
1 0.74453125 0.90234375 0.3953125 0.165625