3 0.43515625 0.49375 0.2296875 0.3125
0 0.60078125 0.1703125 0.1015625 0.240625
0 0.78984375 0.5109375 0.0640625 0.1859375
0 0.62890625 0.5875 0.134375 0.1171875
0 0.91171875 0.36953125 0.0640625 0.209375
0 0.72421875 0.3953125 0.04375 0.0796875
0 0.89375 0.17890625 0.1 0.0796875
0 0.66328125 0.03359375 0.0640625 0.0671875
0 0.78359375 0.0140625 0.0515625 0.028125
0 0.76875 0.16015625 0.046875 0.090625
0 0.959375 0.015625 0.065625 0.03125
3 0.775 0.71796875 0.45 0.1359375
3 0.775 0.77109375 0.45 0.2421875