3 0.30390625 0.20703125 0.2921875 0.2796875
3 0.06875 0.20859375 0.1375 0.2171875
4 0.70546875 0.3515625 0.3796875 0.375
4 0.46796875 0.2046875 0.0359375 0.209375
1 0.34375 0.8484375 0.2125 0.303125
0 0.65234375 0.89296875 0.159375 0.14375
0 0.94140625 0.73671875 0.1171875 0.1203125
0 0.89375 0.85859375 0.1703125 0.0421875
0 0.83203125 0.9265625 0.25 0.053125
0 0.496875 0.80859375 0.09375 0.0640625
0 0.5015625 0.70546875 0.103125 0.0921875
0 0.93125 0.55703125 0.1375 0.0359375
0 0.5453125 0.55859375 0.0875 0.0390625
0 0.77109375 0.68671875 0.1375 0.128125
0 0.49453125 0.93125 0.0890625 0.103125
0 0.490625 0.9734375 0.08125 0.053125