3 0.04140625 0.50546875 0.0828125 0.3671875
3 0.18515625 0.1296875 0.2984375 0.259375
3 0.0328125 0.12421875 0.065625 0.2484375
3 0.16484375 0.4921875 0.090625 0.1828125
1 0.7296875 0.34453125 0.540625 0.6890625
1 0.2921875 0.796875 0.334375 0.215625
1 0.26953125 0.7484375 0.3796875 0.11875
1 0.2640625 0.7296875 0.390625 0.08125
1 0.2609375 0.72578125 0.396875 0.0734375
5 0.5125 0.9421875 0.10625 0.115625
5 0.49140625 0.77890625 0.0640625 0.0640625
5 0.48359375 0.8171875 0.0484375 0.05625
5 0.49921875 0.9703125 0.0796875 0.059375
5 0.6640625 0.9875 0.034375 0.025
5 0.778125 0.9765625 0.15625 0.046875
5 0.94140625 0.9875 0.1171875 0.025
5 0.4953125 0.7109375 0.071875 0.04375
5 0.54296875 0.721875 0.1671875 0.065625
5 0.61953125 0.78359375 0.2296875 0.09375
5 0.80078125 0.91171875 0.3984375 0.0984375