3 0.35546875 0.06953125 0.4078125 0.1390625
5 0.7828125 0.2703125 0.15 0.096875
5 0.63046875 0.246875 0.1421875 0.140625
5 0.5984375 0.11640625 0.078125 0.2046875
5 0.584375 0.03125 0.05 0.0625
5 0.63359375 0.13359375 0.1484375 0.2671875
5 0.85 0.04765625 0.203125 0.0953125
5 0.64296875 0.0421875 0.1671875 0.084375
5 0.609375 0.03046875 0.1 0.0609375
5 0.5828125 0.0296875 0.046875 0.059375
5 0.6015625 0.02734375 0.084375 0.0546875
5 0.60546875 0.02734375 0.0921875 0.0546875
5 0.75234375 0.03203125 0.1484375 0.0640625
5 0.91875 0.0515625 0.125 0.103125
5 0.9109375 0.01875 0.06875 0.0375
5 0.8078125 0.02265625 0.121875 0.0453125
5 0.7078125 0.00859375 0.084375 0.0171875
5 0.5921875 0.01171875 0.065625 0.0234375
5 0.58984375 0.01015625 0.0609375 0.0203125
5 0.58359375 0.01796875 0.0484375 0.0359375
5 0.57734375 0.02421875 0.0359375 0.0484375
0 0.5015625 0.85546875 0.115625 0.1046875
0 0.178125 0.90703125 0.159375 0.1859375
0 0.0265625 0.85234375 0.053125 0.1046875
0 0.52421875 0.453125 0.0703125 0.10625
0 0.4953125 0.6375 0.128125 0.15
0 0.21484375 0.5078125 0.428125 0.2125
2 0.60625 0.9546875 0.09375 0.090625
2 0.6296875 0.95859375 0.140625 0.0828125
2 0.85390625 0.9453125 0.2453125 0.109375
2 0.83203125 0.78984375 0.2125 0.196875
2 0.6390625 0.76953125 0.159375 0.2078125
2 0.61640625 0.78046875 0.1140625 0.2171875
2 0.63984375 0.584375 0.1609375 0.121875
2 0.8328125 0.5828125 0.1390625 0.1375
2 0.60625 0.58828125 0.09375 0.1296875
2 0.57890625 0.58125 0.0390625 0.1375
2 0.621875 0.465625 0.125 0.121875
2 0.73515625 0.46875 0.309375 0.0859375
2 0.9671875 0.46640625 0.065625 0.0765625
2 0.959375 0.36015625 0.08125 0.0828125
2 0.6984375 0.33984375 0.278125 0.0421875
2 0.70546875 0.3640625 0.2921875 0.090625
2 0.60703125 0.34609375 0.0953125 0.0546875