3 0.8375 0.81875 0.26875 0.2546875
3 0.55078125 0.8109375 0.28125 0.234375
3 0.27734375 0.80625 0.221875 0.265625
3 0.07890625 0.796875 0.1578125 0.2046875
3 0.07890625 0.57734375 0.1578125 0.184375
3 0.090625 0.384375 0.18125 0.1421875
3 0.10546875 0.215625 0.2109375 0.1359375
3 0.34609375 0.21328125 0.2078125 0.140625
3 0.33125 0.384375 0.2125 0.178125
3 0.30546875 0.5828125 0.2265625 0.190625
3 0.56484375 0.578125 0.215625 0.1828125
3 0.5640625 0.384375 0.2109375 0.1609375
3 0.56171875 0.209375 0.2078125 0.1640625
3 0.78046875 0.21796875 0.2078125 0.1359375
3 0.95 0.21328125 0.1 0.128125
3 0.9703125 0.478125 0.05625 0.34375
3 0.79453125 0.38828125 0.2140625 0.1875
3 0.81015625 0.59375 0.2359375 0.1875