4 0.3875 0.2453125 0.096875 0.134375
4 0.4 0.03984375 0.084375 0.0796875
4 0.471875 0.03046875 0.10625 0.0609375
4 0.5984375 0.01640625 0.059375 0.0328125
4 0.721875 0.01953125 0.1375 0.0390625
4 0.8640625 0.015625 0.1125 0.03125
4 0.88203125 0.0328125 0.1484375 0.065625
4 0.88984375 0.09453125 0.1578125 0.0546875
4 0.88046875 0.18046875 0.08125 0.06875
4 0.990625 0.20625 0.01875 0.15625
4 0.3546875 0.0265625 0.03125 0.053125
0 0.1703125 0.74921875 0.165625 0.203125
0 0.03046875 0.4640625 0.0609375 0.05
0 0.0328125 0.46640625 0.065625 0.0546875
0 0.01484375 0.4671875 0.0296875 0.05625
0 0.1546875 0.5625 0.14375 0.1046875
0 0.275 0.4640625 0.08125 0.05
3 0.46484375 0.6296875 0.2515625 0.315625
3 0.85078125 0.71953125 0.2984375 0.5609375