3 0.3 0.08671875 0.11875 0.1734375
0 0.8328125 0.03671875 0.08125 0.0734375
0 0.5875 0.01640625 0.18125 0.0328125
0 0.42265625 0.01484375 0.1265625 0.0296875
0 0.51953125 0.01484375 0.1609375 0.0296875
0 0.39296875 0.0640625 0.0671875 0.071875
0 0.41328125 0.1890625 0.1078125 0.059375
2 0.29375 0.396875 0.13125 0.221875
2 0.0875 0.47265625 0.175 0.1234375
5 0.39296875 0.321875 0.0671875 0.115625
5 0.4390625 0.3703125 0.1 0.1359375
5 0.409375 0.6015625 0.1 0.284375
5 0.575 0.40703125 0.1375 0.1171875
5 0.8109375 0.5578125 0.14375 0.1453125
5 0.82109375 0.72890625 0.13125 0.153125
5 0.775 0.91171875 0.11875 0.1765625
5 0.5890625 0.74609375 0.0765625 0.1078125
5 0.6109375 0.9109375 0.2 0.178125