3 0.15859375 0.12421875 0.2328125 0.2484375
5 0.8375 0.26171875 0.25625 0.128125
5 0.61796875 0.23828125 0.2578125 0.1328125
5 0.59921875 0.3953125 0.2203125 0.109375
5 0.81875 0.3890625 0.3625 0.121875
2 0.18359375 0.72734375 0.3671875 0.3640625
2 0.459375 0.7734375 0.059375 0.375
2 0.33125 0.51015625 0.20625 0.1203125
2 0.07734375 0.49375 0.1546875 0.0875
2 0.034375 0.4953125 0.06875 0.090625
2 0.68671875 0.9328125 0.3953125 0.134375
2 0.84921875 0.725 0.2078125 0.240625
2 0.58046875 0.71796875 0.1828125 0.1765625
2 0.5234375 0.7234375 0.06875 0.184375