3 0.04921875 0.1078125 0.0984375 0.215625
3 0.24609375 0.2203125 0.0890625 0.359375
1 0.5046875 0.15234375 0.109375 0.1859375
1 0.79296875 0.15234375 0.3359375 0.3046875
1 0.8796875 0.2 0.240625 0.4
1 0.725 0.359375 0.55 0.08125
1 0.6234375 0.28125 0.30625 0.2375
0 0.371875 0.9296875 0.15625 0.140625
0 0.3328125 0.69609375 0.1625 0.1359375
0 0.25234375 0.4953125 0.315625 0.1640625
2 0.4859375 0.93046875 0.071875 0.1390625
2 0.46484375 0.9546875 0.0296875 0.090625
2 0.47421875 0.90546875 0.0484375 0.1453125
2 0.48671875 0.85078125 0.0734375 0.1328125
2 0.596875 0.828125 0.0828125 0.0765625
2 0.78125 0.72734375 0.08125 0.0828125
2 0.884375 0.9046875 0.16875 0.190625