3 0.35078125 0.14609375 0.23125 0.1875
3 0.134375 0.2953125 0.26875 0.0875
4 0.6640625 0.2640625 0.16875 0.15
0 0.38515625 0.63203125 0.0953125 0.4078125
2 0.62265625 0.87265625 0.1265625 0.2546875
2 0.690625 0.87265625 0.2625 0.2546875
2 0.9203125 0.87421875 0.159375 0.2515625
2 0.615625 0.5265625 0.1125 0.375
2 0.709375 0.534375 0.23125 0.390625
2 0.88515625 0.53359375 0.090625 0.353125
2 0.96796875 0.63828125 0.0609375 0.209375
2 0.58203125 0.565625 0.0453125 0.41875
2 0.571875 0.47890625 0.025 0.2796875
2 0.57890625 0.5671875 0.0390625 0.428125
2 0.6984375 0.37734375 0.278125 0.0765625
2 0.6296875 0.3734375 0.140625 0.06875
2 0.59765625 0.92109375 0.0765625 0.1578125