3 0.0140625 0.140625 0.028125 0.0875
3 0.321875 0.03671875 0.096875 0.0734375
3 0.3140625 0.1125 0.0921875 0.0609375
3 0.384375 0.0109375 0.034375 0.021875
3 0.3046875 0.00703125 0.034375 0.0140625
3 0.18125 0.071875 0.0375 0.14375
3 0.27734375 0.00625 0.1390625 0.0125
3 0.42734375 0.05546875 0.0421875 0.1109375
2 0.94453125 0.496875 0.1109375 0.165625
2 0.70078125 0.503125 0.3015625 0.153125
2 0.68125 0.31484375 0.2625 0.2078125
2 0.91640625 0.29609375 0.1671875 0.1703125
2 0.67109375 0.0953125 0.2421875 0.190625
2 0.91015625 0.1109375 0.1796875 0.18125
2 0.75234375 0.01875 0.3015625 0.0375
1 0.12421875 0.675 0.2484375 0.190625
1 0.15859375 0.63125 0.2453125 0.103125
1 0.2015625 0.61484375 0.184375 0.0703125
1 0.20859375 0.61015625 0.1546875 0.0609375
1 0.0671875 0.6171875 0.134375 0.075
1 0.04453125 0.6109375 0.0890625 0.0625
1 0.06015625 0.609375 0.1203125 0.059375
1 0.0859375 0.6046875 0.1375 0.05
1 0.1234375 0.60234375 0.121875 0.0453125
5 0.8625 0.9765625 0.078125 0.046875