2 0.68671875 0.175 0.1140625 0.35
2 0.7140625 0.23359375 0.16875 0.2328125
2 0.74296875 0.0578125 0.2203125 0.115625
2 0.94140625 0.16015625 0.1171875 0.1609375
2 0.8421875 0.19453125 0.059375 0.1140625
2 0.91796875 0.0265625 0.1640625 0.053125
2 0.7671875 0.00625 0.071875 0.0125
2 0.06796875 0.6546875 0.1359375 0.409375
2 0.07421875 0.94609375 0.1484375 0.1078125
2 0.065625 0.775 0.13125 0.328125
2 0.240625 0.87109375 0.159375 0.2578125
2 0.42109375 0.87578125 0.1390625 0.2484375
2 0.58046875 0.8828125 0.0984375 0.234375
2 0.55078125 0.62890625 0.1578125 0.2265625
2 0.528125 0.42890625 0.203125 0.0984375
2 0.4953125 0.38671875 0.26875 0.0734375
2 0.4921875 0.3671875 0.275 0.034375
2 0.21796875 0.3828125 0.2953125 0.065625
2 0.16875 0.39140625 0.30625 0.0828125
2 0.071875 0.396875 0.14375 0.09375
2 0.0828125 0.3890625 0.165625 0.078125
0 0.946875 0.41015625 0.10625 0.1203125
0 0.6828125 0.62734375 0.10625 0.1390625
0 0.65546875 0.68125 0.0515625 0.15
0 0.68046875 0.81484375 0.1015625 0.1296875
0 0.65703125 0.36328125 0.0546875 0.0265625
0 0.671875 0.3703125 0.084375 0.040625
0 0.66796875 0.46640625 0.0765625 0.0609375