3 0.028125 0.46015625 0.05625 0.1984375
3 0.04140625 0.29765625 0.0828125 0.5234375
3 0.18671875 0.07578125 0.2984375 0.1515625
3 0.45078125 0.37109375 0.1171875 0.3546875
3 0.0328125 0.07265625 0.065625 0.1453125
3 0.16640625 0.20625 0.090625 0.1828125
0 0.809375 0.3375 0.1375 0.209375
0 0.91640625 0.5296875 0.0546875 0.059375
0 0.86484375 0.08828125 0.109375 0.1765625
0 0.96796875 0.32890625 0.0625 0.146875
0 0.978125 0.15546875 0.04375 0.0984375
0 0.525 0.5390625 0.03125 0.040625
0 0.52578125 0.1375 0.0328125 0.090625
0 0.73671875 0.1375 0.0515625 0.0953125
5 0.03515625 0.5984375 0.0703125 0.078125
5 0.1203125 0.59296875 0.109375 0.0671875
5 0.28515625 0.60703125 0.1828125 0.0953125
5 0.43828125 0.58359375 0.1046875 0.0484375
5 0.4890625 0.84140625 0.040625 0.2828125
5 0.39921875 0.81796875 0.109375 0.1484375
5 0.2796875 0.828125 0.0953125 0.178125
5 0.17734375 0.87734375 0.0984375 0.1484375
5 0.0515625 0.875 0.103125 0.2125
5 0.02421875 0.86328125 0.0484375 0.1578125
5 0.02890625 0.88125 0.0578125 0.078125
5 0.03046875 0.7578125 0.0609375 0.15
5 0.03671875 0.73203125 0.0734375 0.0953125
5 0.03203125 0.5859375 0.0640625 0.053125
5 0.0328125 0.59453125 0.065625 0.0703125
5 0.01953125 0.60390625 0.0390625 0.0890625
5 0.04921875 0.5796875 0.0984375 0.040625
2 0.89609375 0.64375 0.2078125 0.16875
2 0.7359375 0.61171875 0.16875 0.1046875
2 0.69921875 0.60546875 0.2234375 0.0921875
2 0.55390625 0.5921875 0.0890625 0.065625
2 0.590625 0.63828125 0.1625 0.1578125
2 0.759375 0.57109375 0.246875 0.0234375