3 0.26953125 0.209375 0.2953125 0.41875
1 0.78203125 0.159375 0.3640625 0.31875
1 0.890625 0.16484375 0.21875 0.3296875
1 0.6078125 0.11796875 0.096875 0.2359375
1 0.615625 0.1234375 0.1125 0.246875
1 0.61484375 0.1125 0.1109375 0.225
1 0.17109375 0.74609375 0.3421875 0.3953125
1 0.44140625 0.73828125 0.2359375 0.4140625
1 0.07578125 0.51640625 0.1515625 0.1140625
1 0.184375 0.5140625 0.2125 0.109375
1 0.36328125 0.51484375 0.2296875 0.1109375
1 0.49140625 0.51171875 0.1359375 0.1046875
0 0.6078125 0.61171875 0.096875 0.1359375
0 0.703125 0.6078125 0.228125 0.1546875
0 0.940625 0.58515625 0.11875 0.0765625