3 0.12265625 0.0640625 0.2390625 0.128125
1 0.7625 0.21953125 0.446875 0.4390625
1 0.75078125 0.29765625 0.4234375 0.2828125
5 0.3625 0.68046875 0.2015625 0.1375
5 0.5015625 0.6578125 0.075 0.1625
5 0.5046875 0.7421875 0.06875 0.084375
5 0.49453125 0.84296875 0.0890625 0.0703125
5 0.425 0.95078125 0.228125 0.0859375
5 0.146875 0.9734375 0.29375 0.0375
5 0.03515625 0.88203125 0.0703125 0.0921875
5 0.2421875 0.85234375 0.0984375 0.140625
5 0.309375 0.79453125 0.140625 0.0671875
5 0.1984375 0.70703125 0.078125 0.08125
1 0.9484375 0.91640625 0.103125 0.1671875
1 0.81171875 0.91640625 0.3171875 0.1671875