3 0.20078125 0.30390625 0.215625 0.2390625
3 0.41484375 0.228125 0.121875 0.146875
0 0.71875 0.621875 0.078125 0.115625
0 0.7046875 0.44296875 0.05 0.1265625
0 0.74375 0.596875 0.128125 0.153125
0 0.90078125 0.64921875 0.1171875 0.0609375
0 0.953125 0.45 0.09375 0.1375
0 0.7078125 0.409375 0.05625 0.14375
0 0.71171875 0.3609375 0.0640625 0.125
0 0.7828125 0.32890625 0.109375 0.0875
0 0.696875 0.2859375 0.034375 0.059375
0 0.709375 0.2578125 0.059375 0.0625
0 0.96484375 0.9703125 0.0453125 0.059375
0 0.70390625 0.94296875 0.0484375 0.1140625
0 0.69453125 0.95546875 0.0296875 0.0890625
0 0.69765625 0.78671875 0.0359375 0.1421875
0 0.696875 0.81015625 0.034375 0.1515625
0 0.69765625 0.73984375 0.0359375 0.1203125
0 0.69765625 0.8453125 0.0359375 0.1
0 0.86953125 0.73515625 0.1078125 0.1109375
0 0.740625 0.75390625 0.08125 0.1484375
0 0.7015625 0.76875 0.04375 0.165625
0 0.69921875 0.77734375 0.0390625 0.1515625
0 0.69609375 0.7109375 0.0328125 0.0625
0 0.7 0.7078125 0.040625 0.05625
0 0.71875 0.70234375 0.06875 0.0453125
0 0.909375 0.70546875 0.09375 0.0515625