3 0.084375 0.4609375 0.09375 0.196875
2 0.7859375 0.4734375 0.3125 0.171875
2 0.72265625 0.49765625 0.1859375 0.1234375
2 0.84375 0.29375 0.2125 0.1796875
2 0.684375 0.303125 0.109375 0.203125
2 0.83125 0.10390625 0.271875 0.2078125
2 0.65625 0.140625 0.053125 0.096875
2 0.43359375 0.9203125 0.1859375 0.159375
2 0.58359375 0.853125 0.0921875 0.159375
2 0.178125 0.89296875 0.2734375 0.19375
2 0.38671875 0.778125 0.1671875 0.084375
2 0.15859375 0.725 0.2265625 0.078125
2 0.04609375 0.80390625 0.0921875 0.1484375
3 0.796875 0.6546875 0.334375 0.190625