3 0.0953125 0.28125 0.190625 0.175
5 0.7 0.03984375 0.33125 0.0796875
5 0.503125 0.08671875 0.10625 0.1734375
5 0.59453125 0.15 0.2890625 0.3
5 0.89765625 0.14296875 0.2046875 0.2859375
5 0.75625 0.23359375 0.153125 0.1625
5 0.47109375 0.27109375 0.0421875 0.1953125
4 0.3015625 0.92421875 0.296875 0.1515625
5 0.91875 0.396875 0.109375 0.05625
5 0.9328125 0.46328125 0.1234375 0.1765625
5 0.97890625 0.6171875 0.0421875 0.15
5 0.7890625 0.40078125 0.109375 0.0640625
5 0.67265625 0.403125 0.1109375 0.06875