3 0.1140625 0.284375 0.228125 0.309375
1 0.55703125 0.13125 0.2953125 0.2625
1 0.2046875 0.68828125 0.409375 0.4984375
5 0.4625 0.7609375 0.10625 0.125
5 0.44140625 0.59296875 0.0640625 0.0640625
5 0.4390625 0.63125 0.059375 0.05625
5 0.509375 0.790625 0.090625 0.071875
5 0.67890625 0.81796875 0.0359375 0.05625
5 0.79296875 0.8171875 0.15625 0.0984375
5 0.9484375 0.83828125 0.103125 0.0984375
5 0.4453125 0.47109375 0.071875 0.0640625
5 0.49296875 0.4859375 0.1671875 0.09375
5 0.63359375 0.59765625 0.2296875 0.09375
5 0.8078125 0.72578125 0.384375 0.0984375