3 0.34453125 0.078125 0.2546875 0.15625
3 0.03828125 0.29453125 0.0765625 0.5890625
3 0.328125 0.3984375 0.0828125 0.0734375
3 0.3046875 0.475 0.1203125 0.0828125
3 0.40625 0.38125 0.0765625 0.0671875
3 0.43671875 0.4703125 0.096875 0.1
3 0.45625 0.31875 0.084375 0.0296875
3 0.4953125 0.359375 0.0875 0.03125
3 0.50859375 0.40390625 0.0609375 0.0453125
3 0.20859375 0.39609375 0.1015625 0.1640625
0 0.77734375 0.49453125 0.1109375 0.0578125
0 0.70546875 0.36015625 0.15625 0.0765625
0 0.56171875 0.19296875 0.0453125 0.0796875
0 0.571875 0.496875 0.065625 0.059375
0 0.56953125 0.4609375 0.0609375 0.05
0 0.57109375 0.32421875 0.0640625 0.0890625
0 0.678125 0.12109375 0.11875 0.0859375
0 0.0265625 0.78515625 0.053125 0.1015625
0 0.0265625 0.925 0.053125 0.084375
0 0.0125 0.77734375 0.025 0.0671875
0 0.01328125 0.85703125 0.0265625 0.0421875
0 0.01875 0.95703125 0.0375 0.0515625
0 0.0171875 0.7546875 0.034375 0.08125
0 0.1453125 0.8671875 0.0953125 0.090625
0 0.3265625 0.7703125 0.0390625 0.0453125
0 0.19765625 0.95859375 0.11875 0.071875
1 0.57890625 0.7328125 0.0796875 0.109375
1 0.5984375 0.7796875 0.11875 0.153125
1 0.6234375 0.74609375 0.16875 0.1609375
1 0.725 0.76015625 0.23125 0.1078125
1 0.85546875 0.6734375 0.2890625 0.16875