3 0.0734375 0.2375 0.146875 0.475
5 0.77265625 0.53515625 0.3171875 0.1484375
5 0.48203125 0.45625 0.1046875 0.30625
5 0.60234375 0.17109375 0.2640625 0.1359375
5 0.86953125 0.06328125 0.2421875 0.1265625
5 0.47578125 0.3 0.0921875 0.0875
2 0.40703125 0.90859375 0.0453125 0.1828125
2 0.24765625 0.90390625 0.1953125 0.1921875
2 0.05390625 0.90078125 0.1078125 0.1984375
2 0.2625 0.6359375 0.284375 0.053125
2 0.0515625 0.64296875 0.103125 0.0578125
2 0.26640625 0.7484375 0.2515625 0.1
2 0.2375 0.65546875 0.1125 0.0921875
2 0.08359375 0.6609375 0.1109375 0.103125
2 0.02734375 0.64140625 0.0546875 0.0640625
2 0.4765625 0.84453125 0.09375 0.3109375
2 0.49921875 0.80859375 0.1390625 0.3078125
2 0.63203125 0.75390625 0.0859375 0.18125
2 0.87421875 0.6625 0.1203125 0.10625
2 0.68984375 0.6578125 0.1609375 0.096875
2 0.53203125 0.64296875 0.0578125 0.0671875
2 0.4671875 0.66484375 0.075 0.1109375
2 0.94375 0.6390625 0.1125 0.059375
2 0.79609375 0.62734375 0.1046875 0.0359375
2 0.49296875 0.63046875 0.0546875 0.0421875
2 0.453125 0.6515625 0.046875 0.084375