3 0.3015625 0.1484375 0.115625 0.121875
3 0.28359375 0.02109375 0.1171875 0.0421875
3 0.1109375 0.1171875 0.121875 0.1
0 0.4265625 0.21953125 0.134375 0.1484375
2 0.89296875 0.25625 0.2140625 0.2875
2 0.6015625 0.1421875 0.26875 0.284375
2 0.9125 0.05859375 0.175 0.1171875
2 0.415625 0.06328125 0.1125 0.1265625
2 0.61953125 0.0234375 0.2953125 0.046875
5 0.034375 0.41875 0.06875 0.0375
5 0.01875 0.42109375 0.0375 0.0421875
5 0.0578125 0.4234375 0.115625 0.046875
5 0.21953125 0.43671875 0.1484375 0.0734375
5 0.33203125 0.55 0.0546875 0.278125
5 0.25703125 0.77734375 0.1171875 0.2375
5 0.14453125 0.934375 0.1234375 0.13125
5 0.78359375 0.7078125 0.159375 0.1296875
5 0.65390625 0.7 0.075 0.078125
5 0.57109375 0.671875 0.090625 0.0703125
5 0.49453125 0.66796875 0.0890625 0.0671875
5 0.4421875 0.70546875 0.10625 0.071875
5 0.55078125 0.7875 0.0953125 0.1375
5 0.771875 0.9609375 0.10625 0.078125
5 0.69921875 0.90625 0.0703125 0.1015625
5 0.6359375 0.84921875 0.0703125 0.0890625
5 0.696875 0.953125 0.215625 0.09375
5 0.5234375 0.840625 0.1671875 0.1828125