1 0.36171875 0.0203125 0.1859375 0.040625
1 0.5234375 0.0171875 0.25625 0.034375
1 0.63046875 0.02578125 0.2796875 0.0515625
1 0.634375 0.2296875 0.73125 0.459375
1 0.9078125 0.10546875 0.184375 0.2109375
1 0.52421875 0.06875 0.5109375 0.1375
1 0.79140625 0.0484375 0.4171875 0.096875
1 0.83203125 0.0296875 0.2828125 0.059375
1 0.94375 0.03125 0.1125 0.0625
0 0.190625 0.7125 0.15625 0.065625
0 0.05078125 0.74296875 0.1015625 0.0609375
0 0.1359375 0.88671875 0.1609375 0.0609375
0 0.03359375 0.984375 0.0671875 0.03125
4 0.64765625 0.51484375 0.2171875 0.1109375
4 0.9 0.5140625 0.090625 0.109375