3 0.1671875 0.25 0.3 0.2859375
2 0.98828125 0.17109375 0.0234375 0.0984375
2 0.7640625 0.2859375 0.19375 0.1640625
2 0.859375 0.1625 0.134375 0.0671875
2 0.91640625 0.25625 0.0734375 0.06875
2 0.6640625 0.16015625 0.2109375 0.053125
2 0.546875 0.19921875 0.075 0.1359375
2 0.53984375 0.19921875 0.0609375 0.1359375
2 0.53203125 0.165625 0.0453125 0.05
2 0.63671875 0.296875 0.046875 0.125
0 0.37421875 0.96875 0.1203125 0.0625
0 0.44375 0.74140625 0.1 0.109375
0 0.08359375 0.9078125 0.075 0.090625
0 0.01484375 0.88046875 0.0296875 0.0890625
0 0.15078125 0.71015625 0.0953125 0.09375
0 0.2234375 0.93203125 0.0953125 0.1046875
0 0.37421875 0.8421875 0.0859375 0.103125
0 0.2578125 0.62578125 0.0890625 0.0640625
0 0.0375 0.8015625 0.075 0.1
1 0.7546875 0.7046875 0.490625 0.590625