3 0.084375 0.22734375 0.16875 0.4546875
2 0.66640625 0.55546875 0.3109375 0.0890625
2 0.35 0.4828125 0.121875 0.1
2 0.75703125 0.43125 0.2765625 0.090625
2 0.41015625 0.36640625 0.2015625 0.08125
2 0.809375 0.32265625 0.2375 0.0671875
2 0.49765625 0.27109375 0.1765625 0.05625
2 0.2546875 0.62578125 0.06875 0.0515625
2 0.13203125 0.75703125 0.2640625 0.1640625
2 0.13046875 0.6203125 0.2609375 0.040625
2 0.11171875 0.615625 0.2203125 0.03125
2 0.12890625 0.61328125 0.1609375 0.0265625
2 0.084375 0.7921875 0.16875 0.121875
2 0.053125 0.65078125 0.10625 0.0640625
2 0.04375 0.60859375 0.0875 0.0171875
2 0.04140625 0.60546875 0.0828125 0.0109375
2 0.021875 0.6140625 0.04375 0.028125
5 0.41328125 0.6203125 0.2484375 0.040625
5 0.646875 0.6125 0.171875 0.025
5 0.3796875 0.8390625 0.18125 0.20625
5 0.85703125 0.621875 0.1859375 0.04375
5 0.875 0.61171875 0.075 0.0234375
5 0.93671875 0.61328125 0.0734375 0.0265625
5 0.8078125 0.6125 0.125 0.025
5 0.98046875 0.61640625 0.0390625 0.0328125