3 0.0421875 0.35625 0.084375 0.15
3 0.0203125 0.20703125 0.040625 0.2859375
3 0.2875 0.50625 0.384375 0.30625
2 0.8640625 0.275 0.271875 0.153125
2 0.859375 0.4828125 0.28125 0.196875
2 0.86328125 0.61484375 0.2734375 0.0890625
2 0.56171875 0.54453125 0.1640625 0.1265625
2 0.58828125 0.4234375 0.2171875 0.109375
2 0.65703125 0.3140625 0.0859375 0.0859375
1 0.228125 0.9390625 0.45625 0.121875
1 0.346875 0.91171875 0.265625 0.1765625
1 0.21328125 0.80859375 0.2921875 0.15
3 0.52421875 0.8296875 0.0890625 0.340625
3 0.721875 0.675 0.3125 0.03125