3 0.0953125 0.27109375 0.190625 0.0953125
0 0.56640625 0.30078125 0.0546875 0.1046875
0 0.56640625 0.3984375 0.0546875 0.065625
0 0.6234375 0.21328125 0.084375 0.1671875
0 0.56640625 0.12109375 0.0546875 0.1078125
0 0.75625 0.4734375 0.034375 0.03125
0 0.55703125 0.36796875 0.0359375 0.1140625
0 0.71953125 0.21796875 0.01875 0.084375
0 0.79609375 0.19296875 0.0890625 0.10625
0 0.93515625 0.3703125 0.0921875 0.071875
5 0.35859375 0.54140625 0.2296875 0.1046875
5 0.425 0.51875 0.1625 0.059375
5 0.515625 0.5828125 0.046875 0.1875
5 0.29140625 0.58046875 0.1546875 0.1828125
5 0.09921875 0.51015625 0.1984375 0.0421875
5 0.0203125 0.5125 0.040625 0.046875
5 0.01953125 0.52421875 0.0390625 0.0703125
0 0.6 0.8453125 0.121875 0.075
0 0.61328125 0.7375 0.1484375 0.06875
0 0.55703125 0.740625 0.0359375 0.078125
0 0.5546875 0.94453125 0.03125 0.0609375
0 0.7140625 0.5015625 0.090625 0.025