2 0.6203125 0.065625 0.178125 0.090625
2 0.515625 0.21875 0.09375 0.121875
0 0.21796875 0.93828125 0.1484375 0.1234375
0 0.359375 0.790625 0.034375 0.10625
0 0.43828125 0.92421875 0.0609375 0.0515625
0 0.0234375 0.9015625 0.046875 0.1
0 0.06953125 0.340625 0.053125 0.0765625
0 0.1421875 0.30234375 0.059375 0.0453125
0 0.4578125 0.521875 0.021875 0.071875
0 0.20546875 0.6125 0.059375 0.0984375
0 0.4109375 0.29921875 0.084375 0.0390625
0 0.04140625 0.67109375 0.0796875 0.09375
0 0.0546875 0.8359375 0.065625 0.0859375
5 0.65703125 0.3609375 0.3328125 0.1625
5 0.92578125 0.353125 0.1484375 0.146875
5 0.521875 0.44765625 0.10625 0.3359375
5 0.58203125 0.79765625 0.2265625 0.3171875
5 0.87578125 0.74375 0.2484375 0.396875
5 0.7125 0.88984375 0.153125 0.1625
5 0.48984375 0.91484375 0.0421875 0.1703125