3 0.49765625 0.05703125 0.1328125 0.1140625
3 0.4984375 0.49140625 0.240625 0.1765625
3 0.02890625 0.23671875 0.0578125 0.3078125
0 0.69765625 0.07421875 0.1453125 0.1484375
0 0.6453125 0.54140625 0.053125 0.0765625
0 0.6328125 0.34296875 0.028125 0.1078125
0 0.90390625 0.0265625 0.1484375 0.053125
0 0.65078125 0.0328125 0.0640625 0.065625
0 0.64375 0.0171875 0.05 0.034375
0 0.64765625 0.35234375 0.0578125 0.1015625
0 0.846875 0.371875 0.0875 0.178125
3 0.096875 0.740625 0.1796875 0.2765625
1 0.81875 0.6921875 0.3625 0.225