3 0.13515625 0.13515625 0.0765625 0.084375
0 0.5625 0.55546875 0.16875 0.0484375
0 0.4734375 0.24765625 0.046875 0.0578125
0 0.48515625 0.16640625 0.0703125 0.1046875
0 0.9359375 0.1484375 0.103125 0.053125
0 0.72890625 0.1671875 0.0890625 0.10625
0 0.56796875 0.16875 0.1046875 0.1359375
0 0.46953125 0.55546875 0.0390625 0.0484375
0 0.46953125 0.5546875 0.0390625 0.05
0 0.546875 0.3828125 0.19375 0.1375
0 0.0328125 0.62734375 0.065625 0.0953125
0 0.04609375 0.609375 0.0765625 0.059375
0 0.11484375 0.6296875 0.0921875 0.1
0 0.22890625 0.61875 0.0828125 0.078125
0 0.28203125 0.62578125 0.0609375 0.0921875
0 0.4234375 0.59765625 0.053125 0.0359375
0 0.396875 0.6125 0.10625 0.065625
0 0.18515625 0.9421875 0.0953125 0.115625
0 0.09296875 0.93125 0.0703125 0.1375
0 0.0140625 0.70078125 0.028125 0.2171875
0 0.0546875 0.74140625 0.0609375 0.1296875
0 0.29453125 0.84296875 0.078125 0.16875
0 0.94609375 0.9671875 0.1078125 0.065625
0 0.46796875 0.953125 0.0359375 0.09375
0 0.66484375 0.68125 0.0734375 0.090625
0 0.465625 0.64375 0.03125 0.053125
0 0.47109375 0.75078125 0.0421875 0.0859375
0 0.48828125 0.96015625 0.0421875 0.0796875
0 0.8890625 0.87265625 0.0609375 0.084375
0 0.83359375 0.8171875 0.0421875 0.0625
0 0.86953125 0.58671875 0.0703125 0.0140625
0 0.8875 0.59140625 0.075 0.0234375
0 0.5625 0.59375 0.0875 0.028125
0 0.4890625 0.5953125 0.046875 0.03125
0 0.5140625 0.721875 0.0296875 0.0453125
0 0.4671875 0.6 0.034375 0.040625
0 0.81875 0.64375 0.11875 0.0546875
0 0.7171875 0.59765625 0.0875 0.0359375
0 0.48359375 0.59609375 0.0328125 0.0328125
0 0.46328125 0.58671875 0.0265625 0.0140625
0 0.47265625 0.83359375 0.0453125 0.0921875