3 0.1359375 0.3359375 0.271875 0.228125
0 0.43984375 0.296875 0.1609375 0.178125
0 0.4578125 0.0734375 0.0890625 0.0609375
0 0.471875 0.19296875 0.1171875 0.05
0 0.39140625 0.14609375 0.0640625 0.0453125
0 0.746875 0.22265625 0.0703125 0.06875
0 0.9109375 0.1375 0.0546875 0.06875
0 0.40390625 0.0109375 0.0890625 0.021875
0 0.60234375 0.015625 0.1109375 0.03125
0 0.47890625 0.0140625 0.0953125 0.028125
0 0.63828125 0.0421875 0.121875 0.06875
0 0.6296875 0.1875 0.0796875 0.13125
0 0.65078125 0.3140625 0.0890625 0.0921875
0 0.89765625 0.2265625 0.0765625 0.065625
0 0.06796875 0.60625 0.1359375 0.178125
0 0.07265625 0.46484375 0.0890625 0.0296875
0 0.0875 0.50234375 0.1171875 0.05
0 0.021875 0.4640625 0.04375 0.028125
0 0.34296875 0.53125 0.0328125 0.06875
0 0.03203125 0.4609375 0.0640625 0.021875
0 0.21796875 0.465625 0.1109375 0.03125
0 0.09453125 0.4640625 0.0953125 0.028125
0 0.253125 0.46640625 0.121875 0.0328125
0 0.24453125 0.50546875 0.0796875 0.1109375
0 0.26640625 0.6234375 0.0890625 0.090625
2 0.52109375 0.80703125 0.3234375 0.1046875