3 0.0671875 0.25078125 0.134375 0.2203125
0 0.90625 0.025 0.1875 0.05
0 0.5046875 0.04453125 0.13125 0.0890625
0 0.86875 0.11328125 0.21875 0.2265625
0 0.584375 0.28046875 0.14375 0.2421875
0 0.715625 0.35703125 0.11875 0.1234375
0 0.47890625 0.2578125 0.0796875 0.29375
0 0.88671875 0.35859375 0.2109375 0.1203125
1 0.196875 0.8609375 0.39375 0.228125
1 0.13203125 0.90859375 0.2640625 0.1828125
1 0.21953125 0.9078125 0.4390625 0.184375
1 0.32265625 0.87578125 0.2328125 0.2484375
1 0.08046875 0.8328125 0.1609375 0.15625
1 0.2921875 0.759375 0.29375 0.165625
1 0.60390625 0.55703125 0.3296875 0.2765625
1 0.83671875 0.54140625 0.3265625 0.2203125
1 0.83125 0.80234375 0.3375 0.3953125