3 0.01796875 0.05546875 0.0359375 0.0546875
3 0.00625 0.10859375 0.0125 0.0734375
3 0.01015625 0.11015625 0.0203125 0.0734375
3 0.05234375 0.07890625 0.0328125 0.0484375
0 0.59765625 0.571875 0.2578125 0.175
0 0.50234375 0.1375 0.0671875 0.125
0 0.52421875 0.23125 0.1109375 0.1375
4 0.01328125 0.79609375 0.0265625 0.0734375
4 0.046875 0.82265625 0.0578125 0.0859375
4 0.11953125 0.80390625 0.0671875 0.0734375
4 0.0328125 0.709375 0.0484375 0.0453125
4 0.06484375 0.68984375 0.028125 0.028125
4 0.08828125 0.6703125 0.0296875 0.021875
4 0.009375 0.70546875 0.01875 0.0421875
4 0.0109375 0.7 0.021875 0.040625
4 0.00859375 0.66796875 0.0171875 0.0171875
4 0.01015625 0.73125 0.0203125 0.04375
4 0.0171875 0.671875 0.034375 0.025
4 0.096875 0.6859375 0.078125 0.053125
0 0.92421875 0.9109375 0.1109375 0.1625