3 0.20390625 0.64296875 0.1625 0.2609375
3 0.09609375 0.07734375 0.078125 0.084375
2 0.86953125 0.5109375 0.2609375 0.284375
2 0.89765625 0.3140625 0.2046875 0.10625
2 0.91796875 0.20625 0.1640625 0.11875
2 0.86953125 0.1234375 0.2609375 0.090625
3 0.13984375 0.89375 0.1140625 0.209375
3 0.43046875 0.86484375 0.2984375 0.1515625
3 0.6875 0.87734375 0.103125 0.1765625
3 0.03984375 0.86171875 0.0796875 0.1453125
3 0.409375 0.834375 0.090625 0.090625
0 0.95546875 0.871875 0.0890625 0.121875
0 0.7671875 0.80078125 0.05625 0.0234375