0 0.4546875 0.4203125 0.109375 0.078125
0 0.246875 0.42890625 0.146875 0.0609375
0 0.434375 0.09765625 0.128125 0.19375
0 0.05625 0.29140625 0.1125 0.3359375
0 0.41015625 0.01640625 0.1921875 0.0328125
0 0.1359375 0.02421875 0.271875 0.0484375
0 0.4203125 0.01640625 0.178125 0.0328125
0 0.76640625 0.0359375 0.1640625 0.071875
5 0.48515625 0.58359375 0.0484375 0.0984375
5 0.43515625 0.58359375 0.0453125 0.04375
5 0.42890625 0.4703125 0.0546875 0.021875
5 0.30625 0.48125 0.11875 0.04375
5 0.19296875 0.47578125 0.0859375 0.0328125
5 0.159375 0.4953125 0.13125 0.071875
5 0.2546875 0.5046875 0.05625 0.046875
5 0.3234375 0.54140625 0.0234375 0.028125
5 0.365625 0.53515625 0.0234375 0.0328125
5 0.0484375 0.4765625 0.05 0.034375
0 0.846875 0.696875 0.30625 0.303125
0 0.53203125 0.56484375 0.0453125 0.0734375