3 0.72890625 0.37265625 0.2984375 0.2921875
3 0.49296875 0.4140625 0.1484375 0.209375
3 0.47734375 0.1 0.1171875 0.2
3 0.71796875 0.09765625 0.2453125 0.1953125
3 0.96328125 0.08828125 0.0734375 0.1765625
2 0.36328125 0.728125 0.1109375 0.265625
2 0.2109375 0.68515625 0.128125 0.221875
2 0.05859375 0.6640625 0.1171875 0.20625
2 0.0359375 0.6359375 0.071875 0.153125
2 0.39765625 0.553125 0.0421875 0.06875
2 0.30390625 0.5390625 0.0734375 0.040625
2 0.1609375 0.5453125 0.165625 0.053125
2 0.034375 0.54296875 0.06875 0.0484375
2 0.38828125 0.534375 0.0609375 0.03125
2 0.28046875 0.534375 0.0515625 0.03125
2 0.0984375 0.52890625 0.159375 0.0203125
2 0.8125 0.64140625 0.365625 0.153125
2 0.78046875 0.8484375 0.3171875 0.196875
2 0.7671875 0.96796875 0.278125 0.0640625
2 0.50078125 0.91015625 0.1640625 0.1265625
2 0.50859375 0.7890625 0.1796875 0.109375
2 0.55859375 0.6796875 0.0859375 0.0859375
2 0.9453125 0.54921875 0.109375 0.0609375