4 0.2234375 0.065625 0.26875 0.13125
2 0.73515625 0.165625 0.2921875 0.134375
2 0.68671875 0.03828125 0.1953125 0.0765625
2 0.8875 0.0671875 0.115625 0.053125
2 0.63828125 0.01796875 0.0984375 0.0359375
2 0.62421875 0.0171875 0.0703125 0.034375
0 0.07734375 0.56328125 0.1546875 0.2484375
5 0.92890625 0.97265625 0.1421875 0.0546875
5 0.75 0.8859375 0.159375 0.203125
5 0.61953125 0.7578125 0.0609375 0.125
5 0.75390625 0.865625 0.2984375 0.26875
5 0.9375 0.703125 0.125 0.16875
5 0.75546875 0.63984375 0.2 0.125
5 0.61640625 0.5703125 0.0546875 0.11875
5 0.72421875 0.51171875 0.16875 0.109375
5 0.90859375 0.528125 0.18125 0.109375
5 0.93125 0.45078125 0.08125 0.0234375
5 0.83359375 0.44921875 0.1234375 0.0203125
5 0.66875 0.45703125 0.096875 0.0359375
5 0.60703125 0.46875 0.0359375 0.059375