4 0.5625 0.215625 0.14375 0.425
4 0.17109375 0.171875 0.0890625 0.2640625
2 0.95078125 0.515625 0.0984375 0.10625
2 0.8421875 0.253125 0.24375 0.290625
2 0.715625 0.48359375 0.13125 0.1703125
2 0.8734375 0.0734375 0.253125 0.146875
2 0.69609375 0.1078125 0.0921875 0.215625
3 0.27265625 0.859375 0.2984375 0.28125
3 0.05859375 0.63046875 0.1171875 0.1234375
3 0.26171875 0.628125 0.2453125 0.11875
3 0.56015625 0.62265625 0.1796875 0.1078125
1 0.91640625 0.9859375 0.1296875 0.028125
1 0.9578125 0.9796875 0.084375 0.040625
1 0.68046875 0.87265625 0.0609375 0.0671875
1 0.6921875 0.890625 0.08125 0.103125
1 0.671875 0.9578125 0.04375 0.084375
1 0.80625 0.8515625 0.090625 0.053125