4 0.07421875 0.24453125 0.1390625 0.2421875
5 0.9640625 0.24375 0.071875 0.371875
5 0.83984375 0.33125 0.1578125 0.196875
5 0.75703125 0.10078125 0.2078125 0.13125
5 0.5921875 0.275 0.271875 0.175
5 0.5421875 0.12578125 0.1796875 0.090625
5 0.47578125 0.2796875 0.0734375 0.196875
5 0.45625 0.39765625 0.034375 0.0640625
5 0.471875 0.209375 0.065625 0.16875
5 0.9078125 0.03515625 0.184375 0.0703125
5 0.709375 0.0390625 0.15 0.078125
5 0.5296875 0.03828125 0.15 0.0765625
5 0.48984375 0.03828125 0.1015625 0.0765625
0 0.01796875 0.79375 0.0359375 0.10625
0 0.02421875 0.9796875 0.0484375 0.040625
0 0.01796875 0.921875 0.0359375 0.078125
0 0.065625 0.90703125 0.04375 0.1203125
0 0.02265625 0.5375 0.0453125 0.078125
0 0.02265625 0.53203125 0.0453125 0.1109375
0 0.01953125 0.6578125 0.0390625 0.1
0 0.025 0.7390625 0.05 0.11875
0 0.01640625 0.93984375 0.0328125 0.1203125
0 0.290625 0.88046875 0.0359375 0.134375
5 0.57265625 0.71875 0.2671875 0.175
5 0.85625 0.690625 0.2078125 0.121875
5 0.7015625 0.86015625 0.2578125 0.1546875
5 0.50859375 0.9828125 0.1390625 0.034375