4 0.32109375 0.5046875 0.2171875 0.209375
1 0.13984375 0.66640625 0.2796875 0.1140625
1 0.2390625 0.74140625 0.478125 0.2640625
1 0.24453125 0.9328125 0.4890625 0.134375
1 0.10546875 0.65078125 0.2109375 0.0828125
1 0.14296875 0.6390625 0.2828125 0.059375
1 0.3265625 0.65234375 0.325 0.0859375
2 0.525 0.76953125 0.071875 0.3203125
2 0.534375 0.67578125 0.090625 0.1328125
2 0.59765625 0.6484375 0.1671875 0.078125
2 0.7421875 0.63046875 0.078125 0.0421875
2 0.91875 0.6484375 0.1625 0.078125
2 0.90859375 0.975 0.1828125 0.05
2 0.74765625 0.75078125 0.146875 0.2484375
2 0.57734375 0.846875 0.1328125 0.1484375
2 0.91640625 0.76953125 0.1671875 0.3203125
2 0.5953125 0.68828125 0.125 0.1578125