4 0.575 0.21015625 0.25 0.4203125
4 0.1234375 0.0765625 0.246875 0.153125
4 0.35703125 0.43671875 0.1671875 0.1640625
4 0.5875 0.4875 0.225 0.0625
4 0.7265625 0.3703125 0.053125 0.134375
4 0.72109375 0.14296875 0.0421875 0.1234375
4 0.7265625 0.03203125 0.053125 0.0640625
4 0.7140625 0.01640625 0.028125 0.0328125
4 0.734375 0.021875 0.06875 0.04375
4 0.7421875 0.015625 0.084375 0.03125
4 0.76015625 0.1109375 0.1203125 0.134375
4 0.76640625 0.21875 0.1328125 0.053125
4 0.74453125 0.30546875 0.08125 0.0703125
4 0.8890625 0.33125 0.0875 0.15625
4 0.93125 0.10546875 0.0671875 0.0828125
4 0.715625 0.1015625 0.03125 0.10625
3 0.19140625 0.784375 0.1859375 0.1828125
1 0.85 0.759375 0.3 0.48125