4 0.009375 0.09453125 0.01875 0.0609375
4 0.009375 0.11640625 0.01875 0.0703125
4 0.0140625 0.10078125 0.028125 0.0609375
4 0.0078125 0.0234375 0.015625 0.0375
4 0.0046875 0.009375 0.009375 0.01875
4 0.0046875 0.00703125 0.009375 0.0140625
4 0.00625 0.0203125 0.0125 0.034375
4 0.0078125 0.01640625 0.015625 0.0328125
4 0.00546875 0.00625 0.0109375 0.0125
4 0.00703125 0.04140625 0.0140625 0.0359375
4 0.01171875 0.01015625 0.0234375 0.0203125
4 0.01328125 0.021875 0.0265625 0.04375
0 0.8609375 0.28046875 0.1328125 0.115625
5 0.23671875 0.51796875 0.0328125 0.0359375
5 0.2875 0.51875 0.065625 0.0375
5 0.16640625 0.5171875 0.0515625 0.034375
5 0.12265625 0.5109375 0.0453125 0.021875
5 0.17265625 0.5109375 0.0515625 0.021875
5 0.2625 0.52578125 0.115625 0.0515625
5 0.07734375 0.51171875 0.0453125 0.0234375
5 0.0671875 0.50703125 0.065625 0.0140625
5 0.27890625 0.50625 0.0203125 0.0125
1 0.61640625 0.74765625 0.0828125 0.115625
1 0.65546875 0.73046875 0.0625 0.1125
1 0.5765625 0.6796875 0.075 0.09375
1 0.559375 0.61015625 0.040625 0.1140625
1 0.57578125 0.60078125 0.0734375 0.1296875
1 0.60703125 0.6015625 0.078125 0.1140625
1 0.64296875 0.60703125 0.0765625 0.1078125
1 0.678125 0.66640625 0.0796875 0.096875
1 0.71171875 0.7171875 0.09375 0.1109375
1 0.75234375 0.778125 0.06875 0.0859375
1 0.7234375 0.79921875 0.0671875 0.096875
1 0.6921875 0.8046875 0.078125 0.1125
1 0.70625 0.89609375 0.0703125 0.1078125
1 0.7453125 0.94375 0.1 0.1125
1 0.70859375 0.97265625 0.1078125 0.0546875
1 0.78828125 0.93828125 0.0796875 0.1234375
1 0.834375 0.90625 0.084375 0.1109375
1 0.5640625 0.55546875 0.05 0.1078125
1 0.55703125 0.54921875 0.0359375 0.0984375
1 0.5546875 0.5484375 0.03125 0.096875
1 0.55546875 0.5203125 0.0328125 0.040625
1 0.69453125 0.53203125 0.1390625 0.0640625
1 0.79140625 0.57109375 0.1453125 0.1421875
1 0.84609375 0.69921875 0.1171875 0.153125
1 0.953125 0.59921875 0.09375 0.1328125
1 0.984375 0.56953125 0.03125 0.1140625
1 0.9796875 0.5828125 0.040625 0.165625