0 0.8640625 0.08046875 0.1203125 0.1140625
0 0.73828125 0.04453125 0.0640625 0.0890625
0 0.5046875 0.14921875 0.071875 0.1734375
0 0.52421875 0.47109375 0.0984375 0.0765625
0 0.48125 0.3796875 0.025 0.06875
0 0.86640625 0.0234375 0.0984375 0.046875
0 0.97265625 0.0203125 0.0546875 0.040625
0 0.96015625 0.01171875 0.0484375 0.0234375
0 0.90859375 0.028125 0.0390625 0.05625
0 0.7703125 0.01796875 0.0375 0.0359375
0 0.734375 0.0171875 0.053125 0.034375
0 0.59765625 0.01484375 0.0640625 0.0296875
0 0.725 0.0140625 0.03125 0.028125
3 0.3390625 0.7921875 0.253125 0.415625
3 0.059375 0.88671875 0.11875 0.2265625
0 0.6375 0.80625 0.3375 0.284375