4 0.0578125 0.19609375 0.115625 0.1640625
4 0.13359375 0.11015625 0.1 0.084375
1 0.5203125 0.01015625 0.040625 0.0203125
1 0.53046875 0.0109375 0.0609375 0.021875
1 0.53359375 0.0125 0.0671875 0.025
1 0.5734375 0.0109375 0.09375 0.021875
1 0.5671875 0.0125 0.1125 0.025
1 0.56171875 0.0140625 0.1234375 0.028125
1 0.53203125 0.0140625 0.0640625 0.028125
1 0.52421875 0.0140625 0.0484375 0.028125
1 0.52421875 0.01171875 0.0484375 0.0234375
1 0.5296875 0.0109375 0.059375 0.021875
1 0.528125 0.0140625 0.05625 0.028125
1 0.52578125 0.0109375 0.0515625 0.021875
1 0.52890625 0.009375 0.0578125 0.01875
1 0.53046875 0.015625 0.0609375 0.03125
1 0.52890625 0.01015625 0.0578125 0.0203125
1 0.54453125 0.009375 0.0890625 0.01875
1 0.5921875 0.009375 0.096875 0.01875
1 0.7015625 0.01015625 0.096875 0.0203125
1 0.69609375 0.01015625 0.1015625 0.0203125
1 0.70546875 0.01171875 0.1296875 0.0234375
1 0.69921875 0.0125 0.1203125 0.025
1 0.7046875 0.0109375 0.146875 0.021875
1 0.51953125 0.00625 0.0390625 0.0125
1 0.52578125 0.0078125 0.0515625 0.015625
1 0.5234375 0.009375 0.046875 0.01875
1 0.5234375 0.0078125 0.046875 0.015625
1 0.5296875 0.01328125 0.059375 0.0265625
1 0.52421875 0.009375 0.0484375 0.01875
0 0.0046875 0.59140625 0.009375 0.0046875
0 0.00625 0.59296875 0.0125 0.0078125
0 0.0046875 0.59296875 0.009375 0.0078125
0 0.003125 0.59140625 0.00625 0.0046875
0 0.0046875 0.5921875 0.009375 0.00625
0 0.78515625 0.88671875 0.1609375 0.09375
0 0.71484375 0.95625 0.153125 0.05
0 0.928125 0.640625 0.14375 0.103125
0 0.63125 0.73671875 0.1515625 0.071875
0 0.8984375 0.94453125 0.0828125 0.08125
0 0.925 0.8109375 0.15 0.08125