0 0.378125 0.28984375 0.11875 0.0859375
0 0.19453125 0.2953125 0.121875 0.0828125
0 0.346875 0.11640625 0.1046875 0.0890625
0 0.0421875 0.2203125 0.084375 0.184375
0 0.32734375 0.03828125 0.1578125 0.03125
0 0.10703125 0.0109375 0.2140625 0.021875
0 0.35625 0.0078125 0.1875 0.015625
2 0.6484375 0.484375 0.1125 0.0625
2 0.82734375 0.2203125 0.103125 0.0671875
0 0.0171875 0.528125 0.034375 0.01875
0 0.27265625 0.5265625 0.0546875 0.015625
0 0.2015625 0.52421875 0.059375 0.0109375
0 0.18515625 0.5234375 0.0609375 0.009375
0 0.1515625 0.5265625 0.04375 0.015625
0 0.0125 0.5234375 0.025 0.009375
0 0.00625 0.5234375 0.0125 0.009375
0 0.0984375 0.5234375 0.071875 0.009375
0 0.015625 0.525 0.03125 0.0125
0 0.01171875 0.521875 0.0234375 0.00625
0 0.00859375 0.5234375 0.0171875 0.009375
0 0.0703125 0.52734375 0.040625 0.0171875
0 0.27890625 0.5234375 0.0421875 0.009375
0 0.65703125 0.803125 0.109375 0.0578125
0 0.54375 0.7203125 0.1546875 0.0890625
0 0.8375 0.740625 0.121875 0.090625
0 0.72109375 0.6078125 0.096875 0.0953125
0 0.93671875 0.5671875 0.1265625 0.04375