4 0.0125 0.0140625 0.025 0.028125
4 0.00625 0.02109375 0.0125 0.0421875
4 0.015625 0.0125 0.03125 0.025
4 0.4734375 0.0046875 0.009375 0.009375
4 0.47265625 0.00390625 0.0078125 0.0078125
4 0.47578125 0.00546875 0.0140625 0.0109375
1 0.01640625 0.7359375 0.0328125 0.034375
1 0.01953125 0.73828125 0.0390625 0.0390625
1 0.02265625 0.73828125 0.0453125 0.0390625
1 0.0375 0.7515625 0.075 0.065625
1 0.02421875 0.7515625 0.0484375 0.065625
1 0.01171875 0.72734375 0.0234375 0.0171875
1 0.0125 0.7265625 0.025 0.015625
1 0.0140625 0.72890625 0.028125 0.0203125
1 0.01328125 0.728125 0.0265625 0.01875
1 0.0140625 0.72890625 0.028125 0.0203125
1 0.01796875 0.7375 0.0359375 0.0375
1 0.7515625 0.859375 0.496875 0.28125
1 0.659375 0.82421875 0.38125 0.2109375