4 0.16796875 0.2640625 0.1640625 0.071875
4 0.83515625 0.15 0.3296875 0.3
2 0.26328125 0.8375 0.4328125 0.0625
1 0.525 0.678125 0.090625 0.15
1 0.6625 0.82578125 0.2265625 0.2203125
1 0.6078125 0.678125 0.1109375 0.1421875
1 0.74765625 0.83828125 0.184375 0.18125
1 0.55234375 0.84296875 0.1453125 0.2640625
1 0.5203125 0.8375 0.08125 0.203125
1 0.5171875 0.50703125 0.075 0.1484375
1 0.51328125 0.53359375 0.0671875 0.1390625
1 0.52734375 0.45546875 0.0953125 0.1296875
1 0.57890625 0.496875 0.1 0.1296875
1 0.80625 0.584375 0.184375 0.1453125
1 0.9171875 0.65234375 0.165625 0.1765625
1 0.53828125 0.378125 0.1171875 0.1125
1 0.53359375 0.35625 0.1078125 0.1125
1 0.53984375 0.346875 0.1203125 0.09375
1 0.6078125 0.33828125 0.215625 0.0765625
1 0.70859375 0.3359375 0.1921875 0.071875
1 0.82734375 0.40859375 0.3453125 0.1859375
1 0.6921875 0.4296875 0.4046875 0.2234375
1 0.53046875 0.33359375 0.1015625 0.0671875
1 0.52578125 0.3265625 0.0921875 0.053125
1 0.52578125 0.32421875 0.0921875 0.0484375