4 0.125 0.1078125 0.25 0.215625
5 0.66796875 0.1515625 0.1078125 0.140625
5 0.765625 0.1359375 0.0578125 0.128125
5 0.5640625 0.15625 0.05 0.078125
5 0.8375 0.40234375 0.0796875 0.09375
5 0.9703125 0.3359375 0.059375 0.109375
5 0.98359375 0.08125 0.0328125 0.1
5 0.90546875 0.0640625 0.125 0.0796875
5 0.84921875 0.02265625 0.1609375 0.0453125
5 0.71171875 0.02734375 0.1390625 0.0546875
5 0.5921875 0.03046875 0.10625 0.0609375
5 0.59921875 0.02890625 0.1203125 0.0578125
5 0.57578125 0.03671875 0.0734375 0.0734375
5 0.584375 0.02734375 0.090625 0.0546875
5 0.57734375 0.03515625 0.0765625 0.0703125
5 0.57265625 0.04140625 0.0671875 0.0828125
4 0.33125 0.734375 0.171875 0.1859375
4 0.09140625 0.69765625 0.1375 0.1609375
4 0.31171875 0.92890625 0.2265625 0.1421875
4 0.02734375 0.928125 0.0546875 0.14375
4 0.11484375 0.9515625 0.1265625 0.096875
4 0.915625 0.8828125 0.16875 0.234375