4 0.065625 0.4375 0.13125 0.184375
0 0.48046875 0.428125 0.2234375 0.075
0 0.53359375 0.32109375 0.1734375 0.06875
0 0.41171875 0.32421875 0.071875 0.078125
0 0.47421875 0.51328125 0.0546875 0.0328125
0 0.9890625 0.13984375 0.021875 0.0671875
0 0.6453125 0.0125 0.090625 0.025
2 0.3359375 0.7796875 0.065625 0.20625
2 0.1265625 0.546875 0.253125 0.034375
2 0.15078125 0.66875 0.3015625 0.13125
2 0.2375 0.58125 0.2 0.103125
2 0.39609375 0.76796875 0.0546875 0.3265625
2 0.41796875 0.7546875 0.0984375 0.259375
2 0.509375 0.74296875 0.25 0.2078125
2 0.84296875 0.71015625 0.3140625 0.1671875
2 0.85 0.91171875 0.3 0.1609375
2 0.53046875 0.9453125 0.2828125 0.109375
2 0.41953125 0.9484375 0.1015625 0.103125