4 0.45859375 0.10078125 0.2421875 0.2015625
4 0.1125 0.03984375 0.225 0.0796875
4 0.57734375 0.4296875 0.1453125 0.21875
4 0.56484375 0.0265625 0.1703125 0.053125
1 0.8578125 0.103125 0.284375 0.20625
1 0.825 0.35859375 0.35 0.3609375
1 0.23515625 0.86015625 0.4078125 0.2796875
1 0.4765625 0.8671875 0.346875 0.265625
1 0.09453125 0.865625 0.1890625 0.26875
1 0.06484375 0.6703125 0.1296875 0.2625
1 0.18828125 0.6703125 0.2546875 0.2625
1 0.3921875 0.6671875 0.29375 0.25625
1 0.534375 0.67578125 0.23125 0.2734375
0 0.6796875 0.70546875 0.059375 0.1140625
0 0.665625 0.66640625 0.03125 0.0953125
0 0.66953125 0.77421875 0.0390625 0.1734375
0 0.6625 0.98515625 0.025 0.0296875
0 0.93046875 0.978125 0.0765625 0.04375
0 0.91484375 0.60390625 0.084375 0.1015625
0 0.89609375 0.56171875 0.0890625 0.0453125
0 0.67421875 0.5625 0.0484375 0.046875
0 0.75234375 0.559375 0.0953125 0.040625
0 0.71953125 0.55078125 0.0484375 0.0234375
0 0.66875 0.5671875 0.0375 0.05625
0 0.659375 0.55703125 0.01875 0.0359375
0 0.6625 0.55625 0.025 0.034375
0 0.665625 0.55390625 0.03125 0.0296875
0 0.65703125 0.553125 0.0140625 0.028125