4 0.06171875 0.43046875 0.1234375 0.1546875
4 0.065625 0.1265625 0.13125 0.253125
5 0.9 0.47890625 0.1015625 0.1609375
5 0.9875 0.19140625 0.025 0.0890625
5 0.93359375 0.30859375 0.0671875 0.1
5 0.92734375 0.2109375 0.046875 0.0796875
5 0.82890625 0.1984375 0.084375 0.0875
5 0.790625 0.303125 0.0765625 0.04375
5 0.81328125 0.503125 0.05625 0.0921875
5 0.76171875 0.46953125 0.05625 0.1375
5 0.7171875 0.46328125 0.075 0.0984375
5 0.65390625 0.46328125 0.04375 0.04375
5 0.6484375 0.303125 0.05625 0.04375
5 0.734375 0.30703125 0.05 0.04375
5 0.75546875 0.2375 0.0609375 0.0390625
5 0.525 0.28203125 0.11875 0.0890625
5 0.46015625 0.28515625 0.0421875 0.0671875
5 0.471875 0.371875 0.065625 0.078125
5 0.4734375 0.384375 0.05625 0.046875
5 0.5421875 0.42109375 0.0234375 0.028125
5 0.584375 0.41484375 0.0234375 0.0328125
5 0.4515625 0.30703125 0.025 0.0703125
1 0.14140625 0.7921875 0.2828125 0.084375
1 0.31171875 0.88359375 0.2546875 0.2234375
1 0.246875 0.94453125 0.384375 0.1109375
1 0.13203125 0.878125 0.2640625 0.175
1 0.31328125 0.7859375 0.2515625 0.071875
1 0.328125 0.7734375 0.221875 0.046875
3 0.5796875 0.875 0.28125 0.25
3 0.9015625 0.875 0.196875 0.25