4 0.23671875 0.3234375 0.3109375 0.25625
1 0.8140625 0.37421875 0.309375 0.1875
1 0.94609375 0.375 0.1078125 0.20625
1 0.70234375 0.3859375 0.1859375 0.20625
2 0.36875 0.92109375 0.2828125 0.14375
2 0.10859375 0.78515625 0.2171875 0.1203125
2 0.1765625 0.93359375 0.0984375 0.0671875
2 0.5375 0.7625 0.14375 0.1375
2 0.04296875 0.675 0.0859375 0.090625
0 0.825 0.92890625 0.20625 0.1421875
0 0.6796875 0.94140625 0.140625 0.1171875
0 0.6828125 0.7171875 0.1328125 0.25
0 0.65 0.71875 0.08125 0.134375
0 0.68828125 0.54453125 0.1578125 0.1109375
0 0.765625 0.57578125 0.21875 0.1734375
0 0.74140625 0.5140625 0.2078125 0.05
0 0.6421875 0.51328125 0.065625 0.0484375
0 0.64765625 0.5453125 0.0765625 0.1125
0 0.6390625 0.78125 0.059375 0.1625
0 0.85625 0.7546875 0.134375 0.1921875