4 0.6 0.28046875 0.11875 0.1765625
5 0.75546875 0.14296875 0.1921875 0.2421875
5 0.9421875 0.14140625 0.115625 0.2609375
5 0.82421875 0.3015625 0.2578125 0.134375
5 0.684375 0.221875 0.05 0.075
5 0.70546875 0.19609375 0.0921875 0.0765625
5 0.709375 0.3140625 0.1 0.084375
5 0.68828125 0.2640625 0.0578125 0.146875
4 0.27890625 0.9609375 0.2546875 0.078125
0 0.74140625 0.73515625 0.0609375 0.0859375
0 0.8078125 0.96328125 0.115625 0.0734375
0 0.66875 0.47578125 0.01875 0.0734375
0 0.971875 0.38984375 0.05625 0.0421875
0 0.978125 0.3875 0.04375 0.0375
0 0.975 0.76484375 0.05 0.1109375