4 0.2140625 0.15 0.275 0.3
4 0.4484375 0.23203125 0.040625 0.1359375
5 0.98046875 0.0734375 0.0390625 0.065625
5 0.87109375 0.09375 0.1390625 0.1265625
5 0.7015625 0.07890625 0.159375 0.1546875
5 0.53125 0.10703125 0.125 0.1453125
5 0.8828125 0.0203125 0.14375 0.040625
1 0.32109375 0.715625 0.2953125 0.56875
0 0.5015625 0.803125 0.0625 0.0984375
0 0.61328125 0.9234375 0.071875 0.115625
0 0.7796875 0.9390625 0.1578125 0.0875
0 0.49453125 0.92265625 0.0515625 0.1421875
0 0.9546875 0.57734375 0.090625 0.1359375
0 0.790625 0.71328125 0.0640625 0.059375
0 0.5125 0.575 0.0875 0.10625
0 0.48828125 0.55078125 0.0390625 0.1078125
0 0.49375 0.903125 0.05 0.078125
0 0.48828125 0.6890625 0.0390625 0.103125
0 0.740625 0.57109375 0.0953125 0.075
0 0.6421875 0.69921875 0.0671875 0.096875
0 0.72578125 0.77421875 0.0828125 0.075
0 0.9671875 0.81015625 0.065625 0.0921875
0 0.48828125 0.91640625 0.0390625 0.0921875