4 0.165625 0.54296875 0.30625 0.2734375
0 0.74140625 0.43828125 0.2171875 0.390625
2 0.10859375 0.83984375 0.0984375 0.3203125
2 0.32890625 0.8109375 0.2578125 0.2625
2 0.0390625 0.8515625 0.078125 0.296875
2 0.04296875 0.7265625 0.0859375 0.09375
2 0.03203125 0.73046875 0.0640625 0.1015625
2 0.03125 0.70625 0.0625 0.053125
2 0.03359375 0.70390625 0.0671875 0.0484375
0 0.590625 0.93828125 0.08125 0.1234375
0 0.7046875 0.921875 0.2671875 0.075
0 0.63203125 0.74375 0.1640625 0.1125
0 0.96484375 0.96953125 0.0703125 0.0609375