1 0.63359375 0.0546875 0.0890625 0.109375
1 0.67265625 0.084375 0.1671875 0.16875
1 0.79453125 0.26328125 0.4109375 0.5265625
1 0.775 0.39609375 0.371875 0.4265625
1 0.665625 0.28125 0.153125 0.509375
3 0.0453125 0.946875 0.090625 0.10625
3 0.05234375 0.79609375 0.1046875 0.1359375
3 0.13203125 0.79453125 0.2078125 0.140625
3 0.11640625 0.93828125 0.2109375 0.1234375
3 0.34921875 0.9421875 0.2109375 0.115625
3 0.34765625 0.790625 0.2078125 0.1640625
3 0.525 0.79921875 0.128125 0.1359375
3 0.53125 0.9375 0.115625 0.125
2 0.9078125 0.88671875 0.18125 0.2265625
2 0.73046875 0.7953125 0.1625 0.19375
2 0.62265625 0.93359375 0.0671875 0.1328125