1 0.48828125 0.05625 0.2765625 0.1125
1 0.7421875 0.05390625 0.440625 0.1078125
1 0.903125 0.0546875 0.19375 0.109375
1 0.7796875 0.084375 0.440625 0.16875
1 0.5390625 0.09140625 0.378125 0.1828125
1 0.6609375 0.246875 0.621875 0.30625
1 0.8234375 0.2171875 0.353125 0.365625
1 0.0796875 0.49765625 0.159375 0.1953125
1 0.22578125 0.50859375 0.2484375 0.2171875
1 0.246875 0.7328125 0.20625 0.26875
1 0.10703125 0.72265625 0.2140625 0.2671875
1 0.07578125 0.45234375 0.1515625 0.1046875
1 0.21484375 0.45390625 0.2703125 0.1078125
1 0.05625 0.72109375 0.1125 0.2546875
1 0.0546875 0.5125 0.109375 0.225
1 0.74765625 0.9265625 0.5046875 0.146875
1 0.49375 0.59453125 0.2875 0.3890625
1 0.7109375 0.67890625 0.578125 0.5578125