4 0.48671875 0.0984375 0.0859375 0.196875
5 0.56171875 0.01875 0.0640625 0.0375
5 0.56953125 0.01796875 0.0796875 0.0359375
5 0.578125 0.0359375 0.096875 0.071875
5 0.56796875 0.0453125 0.0765625 0.090625
5 0.56953125 0.1796875 0.0796875 0.196875
5 0.61328125 0.3703125 0.1421875 0.21875
0 0.81953125 0.784375 0.159375 0.1484375
0 0.8640625 0.9453125 0.09375 0.0875
0 0.6015625 0.58828125 0.1015625 0.1265625
0 0.63046875 0.8703125 0.121875 0.2
0 0.984375 0.7421875 0.03125 0.153125
0 0.7921875 0.55546875 0.1140625 0.14375
0 0.93046875 0.52421875 0.1296875 0.0890625
0 0.546875 0.49453125 0.034375 0.0296875
0 0.74765625 0.4953125 0.1203125 0.03125