4 0.07578125 0.06328125 0.1515625 0.1265625
5 0.96640625 0.05 0.0671875 0.1
5 0.85390625 0.05625 0.1296875 0.1125
5 0.70234375 0.05 0.1234375 0.1
5 0.58671875 0.04609375 0.0859375 0.0921875
5 0.4953125 0.0453125 0.071875 0.090625
5 0.4984375 0.01796875 0.078125 0.0359375
5 0.48671875 0.01796875 0.0546875 0.0359375
5 0.48828125 0.06953125 0.0578125 0.1390625
5 0.46875 0.040625 0.01875 0.08125
5 0.5046875 0.04296875 0.090625 0.0859375
5 0.51171875 0.05234375 0.1046875 0.1046875
5 0.6515625 0.040625 0.171875 0.08125
5 0.8875 0.03828125 0.225 0.0765625
5 0.96015625 0.03671875 0.0796875 0.0734375
5 0.7578125 0.04375 0.096875 0.0875
5 0.615625 0.04609375 0.153125 0.0921875
5 0.5328125 0.065625 0.146875 0.13125
5 0.50390625 0.015625 0.0890625 0.03125
4 0.103125 0.8515625 0.20625 0.278125
4 0.27421875 0.3171875 0.2203125 0.05625
5 0.88984375 0.37421875 0.2203125 0.1703125
5 0.93984375 0.478125 0.1203125 0.11875
5 0.828125 0.58515625 0.15625 0.2171875
5 0.63203125 0.41015625 0.2078125 0.0875
5 0.5234375 0.5109375 0.0828125 0.0921875
5 0.47890625 0.459375 0.0390625 0.140625