4 0.084375 0.46484375 0.16875 0.3703125
4 0.2640625 0.24375 0.2453125 0.4484375
1 0.7546875 0.33125 0.490625 0.6375
1 0.7546875 0.3328125 0.490625 0.634375
1 0.62109375 0.1 0.2234375 0.2
1 0.69375 0.08671875 0.36875 0.1734375
1 0.7546875 0.0828125 0.490625 0.165625
2 0.02890625 0.6796875 0.0578125 0.059375
2 0.16484375 0.696875 0.2859375 0.09375
2 0.43203125 0.7046875 0.1546875 0.109375
2 0.39140625 0.84375 0.1671875 0.3125
2 0.13046875 0.8640625 0.2609375 0.209375
3 0.66015625 0.9125 0.2390625 0.175