0 0.684375 0.0390625 0.1234375 0.05
0 0.684375 0.11640625 0.1328125 0.0453125
0 0.76171875 0.3875 0.146875 0.1078125
0 0.946875 0.3328125 0.10625 0.115625
0 0.95625 0.03671875 0.0625 0.0734375
1 0.10234375 0.86328125 0.2046875 0.2734375
1 0.0421875 0.88515625 0.084375 0.1984375
5 0.94453125 0.53359375 0.1109375 0.0671875
5 0.82421875 0.675 0.2953125 0.1796875
5 0.76953125 0.53359375 0.1953125 0.0671875
5 0.58203125 0.68046875 0.159375 0.203125
5 0.6640625 0.88203125 0.446875 0.153125
5 0.38671875 0.80859375 0.0546875 0.0765625
5 0.4234375 0.60859375 0.128125 0.1734375
5 0.93515625 0.53984375 0.1296875 0.0796875
5 0.75625 0.53984375 0.1625 0.0796875
5 0.54609375 0.53984375 0.2234375 0.0796875