4 0.29375 0.40859375 0.071875 0.1828125
2 0.44375 0.365625 0.05 0.11875
2 0.92265625 0.428125 0.1546875 0.14375
0 0.09921875 0.97265625 0.1890625 0.0546875
0 0.1046875 0.875 0.2078125 0.09375
0 0.27265625 0.67734375 0.0859375 0.08125
0 0.46171875 0.896875 0.0859375 0.05625
0 0.4421875 0.65078125 0.046875 0.0546875
0 0.48125 0.57578125 0.125 0.04375
0 0.840625 0.51015625 0.1125 0.0203125
0 0.6546875 0.51484375 0.121875 0.0296875
0 0.88203125 0.5125 0.0453125 0.025
0 0.74140625 0.51484375 0.1203125 0.0296875
0 0.62578125 0.6671875 0.1328125 0.0671875
0 0.440625 0.59765625 0.04375 0.0390625
0 0.44609375 0.7859375 0.0546875 0.040625
0 0.4390625 0.5109375 0.040625 0.021875