4 0.36015625 0.20234375 0.2953125 0.3140625
2 0.67265625 0.02734375 0.1671875 0.0546875
2 0.68671875 0.01640625 0.1671875 0.0328125
2 0.9234375 0.01484375 0.153125 0.0296875
2 0.909375 0.01953125 0.18125 0.0390625
2 0.7078125 0.0125 0.171875 0.025
2 0.61953125 0.021875 0.0609375 0.04375
2 0.61640625 0.0171875 0.0546875 0.034375
2 0.6171875 0.01015625 0.05625 0.0203125
2 0.6125 0.01015625 0.046875 0.0203125
1 0.16328125 0.6796875 0.3265625 0.640625
1 0.29453125 0.6796875 0.5890625 0.640625
3 0.8984375 0.61953125 0.203125 0.5203125