4 0.07578125 0.12578125 0.1515625 0.2296875
5 0.971875 0.16328125 0.05625 0.2265625
5 0.78359375 0.34609375 0.065625 0.153125
2 0.27890625 0.878125 0.3421875 0.24375
2 0.2515625 0.609375 0.1984375 0.1765625
2 0.0578125 0.6140625 0.115625 0.184375
0 0.4671875 0.75078125 0.034375 0.1203125
0 0.4671875 0.953125 0.034375 0.09375
0 0.46171875 0.8859375 0.0234375 0.053125
0 0.4609375 0.82265625 0.021875 0.1078125
0 0.4625 0.86328125 0.025 0.0796875
0 0.46640625 0.796875 0.0328125 0.053125
0 0.6828125 0.8953125 0.034375 0.103125
0 0.528125 0.91328125 0.034375 0.1734375
0 0.50546875 0.6609375 0.0359375 0.0515625
0 0.6421875 0.92265625 0.034375 0.134375
0 0.83828125 0.784375 0.0609375 0.090625
0 0.82734375 0.95859375 0.0703125 0.0828125
0 0.928125 0.7109375 0.053125 0.0796875
0 0.91640625 0.85703125 0.0546875 0.2125
0 0.975 0.4921875 0.05 0.046875
0 0.7484375 0.52421875 0.0625 0.1109375
0 0.6453125 0.54453125 0.075 0.115625
0 0.46484375 0.49375 0.0296875 0.05
0 0.46875 0.50078125 0.0375 0.0640625
0 0.4625 0.525 0.025 0.1125
0 0.51015625 0.521875 0.0421875 0.10625
0 0.55390625 0.521875 0.0265625 0.10625
0 0.8515625 0.478125 0.046875 0.01875
0 0.53125 0.5 0.059375 0.0625
0 0.634375 0.50078125 0.06875 0.0640625
0 0.73359375 0.5078125 0.0609375 0.078125
0 0.82265625 0.49609375 0.0703125 0.0546875
0 0.64609375 0.68125 0.0390625 0.0796875
0 0.6984375 0.74296875 0.0453125 0.078125
0 0.60234375 0.71015625 0.046875 0.05
0 0.46171875 0.734375 0.0234375 0.065625
0 0.459375 0.696875 0.01875 0.053125
0 0.46328125 0.56875 0.0265625 0.1125
0 0.46796875 0.5640625 0.0359375 0.11875
0 0.46015625 0.97578125 0.0203125 0.0484375
0 0.87265625 0.55390625 0.04375 0.0703125