4 0.196875 0.525 0.3375 0.228125
4 0.434375 0.37421875 0.06875 0.4484375
0 0.7359375 0.303125 0.146875 0.60625
5 0.4078125 0.684375 0.121875 0.090625
5 0.38984375 0.82109375 0.1578125 0.0734375
5 0.1859375 0.83203125 0.109375 0.0734375
5 0.2375 0.70859375 0.11875 0.1390625
5 0.328125 0.6796875 0.040625 0.08125
5 0.08203125 0.68203125 0.1640625 0.0859375
5 0.371875 0.9484375 0.19375 0.103125
5 0.13828125 0.95703125 0.2765625 0.0859375
5 0.0859375 0.71875 0.171875 0.0625
3 0.77734375 0.85078125 0.3859375 0.2984375