5 0.6359375 0.09375 0.30625 0.1875
5 0.515625 0.246875 0.09375 0.44375
5 0.53515625 0.2140625 0.1328125 0.39375
5 0.6859375 0.26796875 0.14375 0.4015625
5 0.92421875 0.3390625 0.1515625 0.259375
2 0.3140625 0.68515625 0.184375 0.1578125
2 0.09140625 0.71953125 0.1828125 0.1921875
2 0.24296875 0.934375 0.2109375 0.13125
2 0.059375 0.921875 0.11875 0.15625
2 0.04765625 0.76953125 0.0953125 0.1546875
1 0.6234375 0.70859375 0.309375 0.2296875
1 0.72265625 0.86640625 0.5078125 0.2671875
1 0.57421875 0.5671875 0.2109375 0.165625
1 0.6421875 0.53515625 0.2828125 0.121875
1 0.83125 0.73984375 0.3375 0.1734375