4 0.01796875 0.44296875 0.0359375 0.1515625
0 0.421875 0.10546875 0.065625 0.1921875
0 0.4078125 0.034375 0.0375 0.06875
0 0.4265625 0.22421875 0.075 0.1203125
0 0.5328125 0.1953125 0.0828125 0.1359375
0 0.58515625 0.0734375 0.0609375 0.146875
0 0.7421875 0.0234375 0.084375 0.046875
0 0.715625 0.159375 0.1359375 0.1328125
0 0.84296875 0.35859375 0.1015625 0.096875
0 0.88671875 0.5078125 0.0578125 0.021875
0 0.41015625 0.49296875 0.0421875 0.0515625
0 0.85703125 0.13828125 0.0953125 0.103125
0 0.403125 0.30546875 0.028125 0.2171875
0 0.40390625 0.3453125 0.0296875 0.128125
0 0.596875 0.440625 0.078125 0.15625
0 0.95234375 0.01953125 0.0953125 0.0390625
2 0.05703125 0.83359375 0.1140625 0.3328125
2 0.06796875 0.89375 0.1359375 0.2125
2 0.0546875 0.71171875 0.109375 0.1484375
2 0.165625 0.83046875 0.1171875 0.1609375
2 0.065625 0.86484375 0.059375 0.1140625
2 0.1796875 0.6125 0.240625 0.10625
2 0.01796875 0.6078125 0.0359375 0.028125
2 0.35234375 0.61015625 0.0734375 0.1828125
0 0.9671875 0.8859375 0.065625 0.075
0 0.846875 0.94296875 0.028125 0.04375
0 0.43203125 0.796875 0.0859375 0.090625
0 0.4 0.95859375 0.021875 0.0796875
0 0.40078125 0.9546875 0.0234375 0.090625
0 0.428125 0.69921875 0.078125 0.0609375
0 0.8984375 0.5390625 0.08125 0.040625
0 0.98359375 0.68671875 0.0328125 0.1171875
0 0.55078125 0.53203125 0.0359375 0.0265625
0 0.4375 0.53984375 0.096875 0.0421875
0 0.98515625 0.5484375 0.0296875 0.059375
0 0.88046875 0.53515625 0.0671875 0.0328125
0 0.86640625 0.53671875 0.0828125 0.0359375
0 0.40078125 0.534375 0.0234375 0.03125
0 0.40234375 0.5453125 0.0265625 0.053125
0 0.42578125 0.6234375 0.0734375 0.065625
0 0.453125 0.5328125 0.0375 0.028125
0 0.85390625 0.68203125 0.1328125 0.071875