4 0.45859375 0.18984375 0.1828125 0.3796875
1 0.1140625 0.85234375 0.228125 0.2953125
1 0.18203125 0.86171875 0.3515625 0.2765625
1 0.05390625 0.62265625 0.1078125 0.1953125
1 0.06875 0.61640625 0.1375 0.1859375
1 0.0515625 0.6125 0.103125 0.203125
1 0.03046875 0.4984375 0.0609375 0.096875
1 0.0296875 0.50390625 0.059375 0.1015625
1 0.384375 0.83671875 0.33125 0.3265625
1 0.15546875 0.62734375 0.2203125 0.1875
1 0.2625 0.62890625 0.20625 0.19375
1 0.03515625 0.51640625 0.0703125 0.0765625
0 0.728125 0.8984375 0.1765625 0.128125
0 0.95078125 0.81796875 0.0984375 0.1359375
0 0.73515625 0.65625 0.1171875 0.159375
0 0.5765625 0.87109375 0.053125 0.1890625
0 0.58125 0.65 0.0625 0.11875
0 0.7203125 0.496875 0.065625 0.0671875
0 0.9234375 0.64140625 0.0609375 0.090625