1 0.74765625 0.253125 0.5046875 0.34375
1 0.8625 0.234375 0.275 0.46875
1 0.87109375 0.06015625 0.2578125 0.1203125
3 0.271875 0.58359375 0.375 0.1640625
0 0.6328125 0.8859375 0.0625 0.0984375
0 0.74375 0.97421875 0.071875 0.0515625
0 0.91015625 0.9890625 0.1578125 0.021875
0 0.48515625 0.9671875 0.0515625 0.065625
0 0.921875 0.79609375 0.0640625 0.059375
0 0.6265625 0.65859375 0.125 0.10625
0 0.49140625 0.63359375 0.0640625 0.1078125
0 0.484375 0.9734375 0.05 0.053125
0 0.47890625 0.771875 0.0390625 0.103125
0 0.871875 0.65390625 0.0953125 0.075
0 0.7734375 0.78203125 0.06875 0.096875
0 0.85703125 0.85703125 0.0828125 0.075
0 0.603125 0.9765625 0.071875 0.046875