1 0.74453125 0.125 0.5109375 0.25
2 0.078125 0.6921875 0.15625 0.334375
2 0.0546875 0.475 0.109375 0.078125
2 0.21953125 0.4640625 0.184375 0.103125
2 0.271875 0.65859375 0.1890625 0.2578125
2 0.38828125 0.3953125 0.2015625 0.11875
2 0.4609375 0.61328125 0.05625 0.2234375
2 0.12578125 0.32734375 0.2515625 0.1546875
2 0.03125 0.346875 0.0625 0.1875
2 0.39375 0.29375 0.190625 0.0875
1 0.73828125 0.79375 0.4984375 0.4125
1 0.88515625 0.796875 0.2296875 0.40625
1 0.596875 0.546875 0.215625 0.25625
1 0.65625 0.52578125 0.334375 0.2859375
1 0.8703125 0.55390625 0.259375 0.3203125
1 0.58125 0.8109375 0.184375 0.378125