4 0.25703125 0.125 0.1859375 0.25
4 0.0640625 0.0765625 0.128125 0.153125
4 0.07734375 0.17109375 0.1546875 0.1578125
4 0.26953125 0.221875 0.1609375 0.05625
2 0.52890625 0.1859375 0.3578125 0.128125
2 0.90703125 0.16171875 0.1859375 0.1453125
2 0.409375 0.0421875 0.11875 0.084375
0 0.328125 0.8375 0.04375 0.08125
0 0.028125 0.7890625 0.05625 0.146875
0 0.17421875 0.7703125 0.0484375 0.05
0 0.14921875 0.8765625 0.0453125 0.0578125
0 0.2546875 0.63828125 0.0421875 0.04375
0 0.2046875 0.49609375 0.0375 0.04375
0 0.0828125 0.53828125 0.0671875 0.046875
0 0.0078125 0.56640625 0.015625 0.0671875
0 0.0140625 0.6140625 0.028125 0.05
0 0.02265625 0.534375 0.0453125 0.05625
0 0.01171875 0.40703125 0.0234375 0.0609375
0 0.01796875 0.27421875 0.0359375 0.0484375
0 0.01015625 0.346875 0.0203125 0.05625
0 0.31171875 0.521875 0.0625 0.0875
5 0.48515625 0.33203125 0.1484375 0.06875
5 0.79140625 0.2765625 0.4171875 0.053125
5 0.5921875 0.4078125 0.3890625 0.1328125
5 0.52421875 0.61875 0.3484375 0.315625
5 0.66875 0.89765625 0.6375 0.2046875