0 0.9453125 0.31953125 0.0609375 0.0453125
0 0.728125 0.37578125 0.115625 0.0671875
0 0.79609375 0.26328125 0.053125 0.0515625
0 0.903125 0.28125 0.046875 0.0328125
0 0.84765625 0.20859375 0.059375 0.0515625
0 0.70234375 0.1 0.0828125 0.04375
0 0.5765625 0.20703125 0.0890625 0.0671875
0 0.57421875 0.07265625 0.0875 0.04375
0 0.80859375 0.040625 0.0609375 0.08125
0 0.46640625 0.03203125 0.084375 0.0546875
0 0.96875 0.0125 0.053125 0.025
0 0.9015625 0.02421875 0.065625 0.0484375
0 0.93984375 0.04921875 0.0703125 0.0984375
0 0.6421875 0.01953125 0.10625 0.0390625
0 0.978125 0.01171875 0.04375 0.0234375
0 0.68359375 0.24140625 0.04375 0.0671875
1 0.146875 0.61640625 0.29375 0.4140625
1 0.16953125 0.6109375 0.3390625 0.365625
1 0.209375 0.871875 0.259375 0.25625
1 0.16953125 0.89453125 0.3390625 0.2109375
1 0.0984375 0.4671875 0.196875 0.115625
1 0.16953125 0.475 0.3390625 0.13125
1 0.5921875 0.7640625 0.375 0.3953125
1 0.88046875 0.75546875 0.2390625 0.4140625
1 0.46484375 0.50234375 0.2515625 0.178125
1 0.621875 0.49765625 0.2125 0.1765625
1 0.8015625 0.5015625 0.23125 0.1734375
1 0.93046875 0.4953125 0.1390625 0.171875