4 0.2640625 0.36015625 0.221875 0.3484375
4 0.46484375 0.28828125 0.1078125 0.5234375
4 0.25390625 0.61796875 0.2734375 0.0640625
3 0.896875 0.39296875 0.20625 0.4109375
3 0.65078125 0.38984375 0.2640625 0.1640625
2 0.27578125 0.7546875 0.1609375 0.1765625
2 0.4515625 0.78515625 0.134375 0.2296875
2 0.22890625 0.93828125 0.0671875 0.0625
2 0.41015625 0.95078125 0.2171875 0.0984375
2 0.46796875 0.68984375 0.1015625 0.0796875
2 0.2625 0.6875 0.190625 0.075
2 0.028125 0.690625 0.05625 0.08125
2 0.196875 0.98203125 0.184375 0.0359375
2 0.38828125 0.671875 0.1609375 0.04375
2 0.2046875 0.66875 0.13125 0.0375
2 0.02421875 0.6671875 0.0484375 0.034375
1 0.759375 0.69609375 0.48125 0.0921875
1 0.759375 0.78125 0.48125 0.2625
1 0.759375 0.909375 0.48125 0.18125