4 0.10625 0.28359375 0.2125 0.4328125
4 0.30546875 0.25 0.1265625 0.38125
4 0.08828125 0.1015625 0.1765625 0.203125
4 0.184375 0.05234375 0.36875 0.1046875
4 0.05546875 0.409375 0.1109375 0.18125
0 0.4375 0.05 0.1375 0.1
0 0.971875 0.2640625 0.05625 0.159375
0 0.8546875 0.38515625 0.121875 0.1203125
0 0.8203125 0.18359375 0.125 0.0953125
0 0.75078125 0.0390625 0.0890625 0.078125
0 0.3953125 0.459375 0.053125 0.08125
0 0.3828125 0.25859375 0.028125 0.1078125
0 0.63984375 0.0265625 0.1484375 0.053125
0 0.40078125 0.0328125 0.0640625 0.065625
0 0.39375 0.0171875 0.05 0.034375
0 0.390625 0.26796875 0.04375 0.1015625
0 0.5828125 0.2875 0.0859375 0.1796875
2 0.2234375 0.79609375 0.228125 0.2421875
2 0.0546875 0.6 0.109375 0.2
2 0.2578125 0.5625 0.221875 0.125
2 0.06796875 0.5359375 0.1359375 0.071875
2 0.10703125 0.5359375 0.1796875 0.071875
2 0.07578125 0.884375 0.1515625 0.23125
0 0.6890625 0.65 0.30625 0.3