2 0.784375 0.38515625 0.16875 0.1984375
2 0.9015625 0.4765625 0.196875 0.134375
2 0.86328125 0.27265625 0.2265625 0.240625
2 0.77578125 0.10703125 0.1515625 0.1609375
1 0.190625 0.7359375 0.38125 0.10625
1 0.49140625 0.83828125 0.4171875 0.2234375
1 0.4265625 0.921875 0.546875 0.15625
1 0.14921875 0.940625 0.2984375 0.11875
1 0.18125 0.8328125 0.3625 0.175
1 0.49296875 0.68515625 0.4140625 0.1453125
1 0.5078125 0.621875 0.384375 0.084375
2 0.81328125 0.9453125 0.2265625 0.109375
2 0.75703125 0.94453125 0.1140625 0.1109375
2 0.759375 0.81015625 0.11875 0.1234375
2 0.790625 0.803125 0.171875 0.1796875
2 0.7359375 0.69921875 0.071875 0.0703125
2 0.72578125 0.60390625 0.0515625 0.0484375
2 0.7625 0.615625 0.090625 0.071875
2 0.73828125 0.59140625 0.0765625 0.0234375
2 0.87890625 0.6 0.2421875 0.040625
2 0.721875 0.6 0.04375 0.040625