4 0.01953125 0.17578125 0.0390625 0.1890625
4 0.1046875 0.2546875 0.15625 0.0984375
4 0.0921875 0.08046875 0.1046875 0.1453125
4 0.23125 0.10390625 0.05625 0.2078125
4 0.1296875 0.02109375 0.259375 0.0421875
2 0.953125 0.35078125 0.09375 0.2546875
2 0.7578125 0.37109375 0.2265625 0.215625
2 0.43828125 0.38046875 0.2828125 0.203125
3 0.140625 0.584375 0.2375 0.16875
3 0.03828125 0.77578125 0.0765625 0.4484375
3 0.13203125 0.978125 0.0828125 0.04375
3 0.21015625 0.97109375 0.0765625 0.0578125
3 0.2390625 0.91328125 0.040625 0.0296875
3 0.03203125 0.9546875 0.0640625 0.090625
0 0.7703125 0.5296875 0.128125 0.059375
0 0.91640625 0.59296875 0.15 0.1296875
0 0.565625 0.67109375 0.184375 0.153125
0 0.59375 0.534375 0.15 0.06875
0 0.43203125 0.85859375 0.1578125 0.1375
0 0.29609375 0.73203125 0.0734375 0.1046875
0 0.42265625 0.871875 0.1828125 0.0921875
0 0.825 0.77109375 0.25 0.121875
0 0.3265625 0.53828125 0.134375 0.0765625
0 0.4109375 0.534375 0.146875 0.06875
0 0.33515625 0.5703125 0.1515625 0.103125