4 0.1125 0.0875 0.225 0.175
5 0.646875 0.44921875 0.190625 0.0390625
5 0.5484375 0.36796875 0.078125 0.2015625
5 0.534375 0.2421875 0.05 0.125
5 0.58359375 0.3421875 0.1484375 0.253125
5 0.89140625 0.2546875 0.2046875 0.1890625
5 0.66875 0.1875 0.1984375 0.16875
5 0.559375 0.1234375 0.1 0.125
5 0.5328125 0.05703125 0.046875 0.1140625
5 0.5515625 0.02734375 0.084375 0.0546875
5 0.6015625 0.03359375 0.18125 0.0671875
5 0.79296875 0.04765625 0.1484375 0.0953125
5 0.9484375 0.078125 0.103125 0.15625
5 0.9515625 0.01875 0.06875 0.0375
5 0.8484375 0.02265625 0.121875 0.0453125
5 0.7484375 0.00859375 0.084375 0.0171875
5 0.625 0.01171875 0.08125 0.0234375
5 0.54921875 0.01015625 0.0796875 0.0203125
5 0.53359375 0.01796875 0.0484375 0.0359375
5 0.52734375 0.02421875 0.0359375 0.0484375
1 0.29453125 0.734375 0.4296875 0.53125
2 0.79453125 0.95078125 0.3140625 0.0984375
2 0.859375 0.7984375 0.175 0.184375
2 0.925 0.578125 0.15 0.21875
2 0.75078125 0.73125 0.13125 0.2