4 0.03671875 0.01953125 0.0734375 0.0390625
0 0.71796875 0.0140625 0.1359375 0.028125
0 0.67578125 0.01875 0.0515625 0.0375
2 0.0265625 0.4953125 0.053125 0.0125
2 0.02265625 0.49375 0.0453125 0.009375
2 0.01484375 0.5 0.0296875 0.021875
0 0.70703125 0.52734375 0.1140625 0.0765625
0 0.75390625 0.5 0.0859375 0.021875
0 0.89296875 0.5125 0.1140625 0.046875
0 0.88828125 0.51640625 0.1296875 0.0546875
0 0.7234375 0.50703125 0.1125 0.0359375
0 0.95859375 0.49453125 0.0828125 0.0109375
0 0.965625 0.82265625 0.046875 0.128125