4 0.06796875 0.390625 0.1359375 0.3375
4 0.028125 0.29609375 0.05625 0.1859375
4 0.86328125 0.103125 0.2171875 0.2015625
5 0.06953125 0.5796875 0.1390625 0.040625
5 0.04296875 0.571875 0.0859375 0.025
5 0.05546875 0.7984375 0.1109375 0.20625
5 0.16328125 0.58125 0.1859375 0.04375
5 0.18125 0.57109375 0.075 0.0234375
5 0.24296875 0.57265625 0.0734375 0.0265625
5 0.1140625 0.571875 0.125 0.025
5 0.30625 0.57578125 0.078125 0.0328125
5 0.36015625 0.5734375 0.0390625 0.028125
1 0.49453125 0.98125 0.1453125 0.0375
1 0.58359375 0.97265625 0.1515625 0.0546875
1 0.5984375 0.94296875 0.1453125 0.10625
1 0.7078125 0.9453125 0.1609375 0.1015625
1 0.790625 0.94296875 0.121875 0.0984375
1 0.92734375 0.978125 0.1203125 0.04375
1 0.40390625 0.81328125 0.0484375 0.0640625
1 0.4484375 0.80859375 0.1296875 0.0859375
1 0.53125 0.81328125 0.1203125 0.0984375
1 0.6296875 0.80625 0.1171875 0.08125