4 0.5890625 0.14921875 0.2 0.2984375
4 0.459375 0.40234375 0.334375 0.1953125
4 0.275 0.09140625 0.353125 0.1828125
4 0.33515625 0.215625 0.225 0.2015625
4 0.1671875 0.44140625 0.334375 0.1171875
3 0.7109375 0.38515625 0.04375 0.2296875
3 0.89375 0.2390625 0.1078125 0.1703125
3 0.8296875 0.47578125 0.078125 0.0484375
0 0.51484375 0.93359375 0.1109375 0.1328125
0 0.28203125 0.921875 0.096875 0.1046875
0 0.16875 0.91796875 0.0765625 0.1265625
0 0.05546875 0.87265625 0.05 0.1
0 0.64765625 0.53125 0.0828125 0.0625
0 0.47265625 0.5234375 0.1046875 0.046875
0 0.23828125 0.52421875 0.0640625 0.0484375
0 0.22421875 0.62265625 0.0875 0.103125
0 0.42421875 0.52109375 0.1671875 0.0421875
0 0.94296875 0.5953125 0.1140625 0.109375