5 0.10390625 0.146875 0.2078125 0.08125
5 0.3171875 0.14921875 0.171875 0.05
5 0.528125 0.26171875 0.1859375 0.0875
5 0.5453125 0.03359375 0.075 0.046875
5 0.6078125 0.1140625 0.0734375 0.053125
5 0.47890625 0.13828125 0.125 0.0515625
5 0.67109375 0.1921875 0.078125 0.0671875
5 0.721875 0.10234375 0.034375 0.0578125
2 0.86640625 0.03828125 0.2546875 0.0765625
4 0.50546875 0.871875 0.1375 0.1109375
4 0.59609375 0.8234375 0.08125 0.0703125
4 0.66484375 0.76328125 0.0859375 0.084375
4 0.26015625 0.8640625 0.1109375 0.1046875
4 0.15703125 0.85078125 0.1265625 0.0984375
4 0.09765625 0.75390625 0.1 0.075
4 0.0296875 0.92578125 0.059375 0.1078125
4 0.39375 0.42421875 0.196875 0.0890625
4 0.6578125 0.59296875 0.1625 0.2640625
5 0.78515625 0.89375 0.0921875 0.096875
5 0.77265625 0.88671875 0.0671875 0.0703125
5 0.96875 0.88671875 0.0625 0.0703125
5 0.95703125 0.7578125 0.0859375 0.09375
5 0.76015625 0.7875 0.0421875 0.084375
5 0.77421875 0.7875 0.0703125 0.06875
5 0.790625 0.78828125 0.103125 0.0546875
5 0.76953125 0.75 0.0609375 0.0625
5 0.75703125 0.73046875 0.0359375 0.0609375
5 0.74765625 0.7484375 0.0171875 0.065625
5 0.79140625 0.67890625 0.1046875 0.0640625
5 0.79296875 0.67578125 0.1078125 0.0765625
5 0.80859375 0.6875 0.1390625 0.090625
5 0.93984375 0.68125 0.1203125 0.090625