5 0.25859375 0.4390625 0.1609375 0.259375
5 0.03515625 0.321875 0.0703125 0.1125
5 0.09921875 0.45703125 0.1984375 0.1046875
5 0.11484375 0.5171875 0.2296875 0.103125
5 0.29921875 0.4625 0.0796875 0.190625
0 0.91875 0.2578125 0.121875 0.078125
0 0.58125 0.25234375 0.09375 0.115625
0 0.45 0.2625 0.103125 0.0703125
0 0.35078125 0.2515625 0.0234375 0.096875
2 0.08125 0.71796875 0.1625 0.2046875
2 0.25625 0.7453125 0.165625 0.190625
2 0.06484375 0.7140625 0.1296875 0.153125
3 0.8109375 0.9359375 0.378125 0.128125