5 0.09296875 0.1734375 0.1859375 0.11875
5 0.040625 0.1375 0.08125 0.08125
5 0.059375 0.24921875 0.11875 0.0953125
5 0.03984375 0.2 0.0796875 0.11875
5 0.021875 0.14140625 0.04375 0.1421875
5 0.2359375 0.19140625 0.0984375 0.05625
5 0.0671875 0.38359375 0.134375 0.1546875
5 0.02734375 0.31875 0.0546875 0.046875
1 0.18515625 0.709375 0.3484375 0.040625
1 0.428125 0.70625 0.25625 0.034375
1 0.48203125 0.71484375 0.1734375 0.0515625
1 0.3515625 0.84453125 0.434375 0.3109375
1 0.32109375 0.7578125 0.4953125 0.1375
1 0.753125 0.84453125 0.36875 0.3109375
1 0.95078125 0.84453125 0.0984375 0.3109375