5 0.040625 0.309375 0.08125 0.296875
5 0.0421875 0.24921875 0.084375 0.2234375
5 0.034375 0.18984375 0.06875 0.1484375
5 0.109375 0.12578125 0.1390625 0.071875
5 0.1296875 0.25625 0.159375 0.1484375
5 0.0421875 0.421875 0.084375 0.23125
5 0.0484375 0.503125 0.096875 0.19375
5 0.040625 0.53984375 0.08125 0.1203125
5 0.25390625 0.13046875 0.121875 0.1203125
5 0.06875 0.08828125 0.1375 0.0609375
5 0.05546875 0.10859375 0.1109375 0.0765625
1 0.8953125 0.21015625 0.209375 0.2828125
4 0.0984375 0.85703125 0.196875 0.2859375
2 0.94765625 0.8 0.1046875 0.4
2 0.66328125 0.91875 0.4140625 0.1625
2 0.7734375 0.7203125 0.1625 0.240625
2 0.55234375 0.67109375 0.2640625 0.1421875
2 0.8453125 0.64140625 0.20625 0.0828125
2 0.9296875 0.6375 0.140625 0.075
2 0.6921875 0.63203125 0.184375 0.0640625
2 0.4421875 0.64140625 0.10625 0.0828125
2 0.471875 0.621875 0.165625 0.04375
2 0.44140625 0.78203125 0.1046875 0.1515625