5 0.2203125 0.12890625 0.440625 0.2578125
5 0.11484375 0.328125 0.2296875 0.1625
1 0.78203125 0.06328125 0.4359375 0.1265625
4 0.19140625 0.6421875 0.2171875 0.225
1 0.559375 0.8859375 0.08125 0.13125
1 0.5640625 0.96796875 0.090625 0.0640625
1 0.66875 0.9546875 0.196875 0.090625
1 0.70234375 0.97734375 0.1765625 0.0453125
1 0.56953125 0.7890625 0.1015625 0.1125
1 0.69375 0.8015625 0.1890625 0.128125
1 0.94453125 0.89140625 0.1109375 0.1953125
1 0.84453125 0.946875 0.2921875 0.10625
1 0.9109375 0.7609375 0.178125 0.134375
1 0.84453125 0.6046875 0.1546875 0.0671875
1 0.55859375 0.66171875 0.0796875 0.0828125
1 0.5796875 0.64453125 0.121875 0.0703125