5 0.06484375 0.146875 0.1296875 0.2125
5 0.053125 0.0609375 0.10625 0.121875
5 0.196875 0.18203125 0.2515625 0.1203125
5 0.2578125 0.06484375 0.1953125 0.125
5 0.3859375 0.20078125 0.0625 0.2203125
5 0.03984375 0.04609375 0.0796875 0.0921875
1 0.709375 0.2890625 0.58125 0.5
0 0.22578125 0.94375 0.1140625 0.1125
5 0.9328125 0.8578125 0.134375 0.065625
5 0.74921875 0.97890625 0.1703125 0.0421875
5 0.4796875 0.96875 0.121875 0.0625
5 0.51484375 0.8828125 0.1640625 0.096875
5 0.67890625 0.87734375 0.109375 0.121875
5 0.7875 0.828125 0.1265625 0.096875
5 0.77109375 0.91484375 0.1171875 0.0875
5 0.90078125 0.93515625 0.1390625 0.0921875
5 0.5953125 0.97109375 0.128125 0.0578125
5 0.44453125 0.91328125 0.0515625 0.0953125
5 0.440625 0.8828125 0.04375 0.09375
5 0.90390625 0.8125 0.06875 0.059375