5 0.5109375 0.35859375 0.2015625 0.1375
5 0.665625 0.3359375 0.10625 0.1625
5 0.66875 0.4203125 0.1 0.084375
5 0.65859375 0.52109375 0.1203125 0.0703125
5 0.5890625 0.62734375 0.259375 0.0828125
5 0.21953125 0.65078125 0.4390625 0.0359375
5 0.128125 0.5609375 0.14375 0.0921875
5 0.390625 0.53046875 0.0984375 0.140625
5 0.4578125 0.47265625 0.1390625 0.0671875
5 0.346875 0.38515625 0.078125 0.08125
2 0.7453125 0.4875 0.053125 0.3625
2 0.753125 0.48359375 0.06875 0.3703125
2 0.7359375 0.48671875 0.034375 0.3640625
2 0.78515625 0.4875 0.1328125 0.3625
2 0.946875 0.48671875 0.10625 0.3640625
2 0.95859375 0.1390625 0.0828125 0.278125
2 0.8234375 0.1390625 0.209375 0.278125
2 0.7765625 0.14453125 0.115625 0.2890625
2 0.76953125 0.14296875 0.1015625 0.2859375
2 0.859375 0.02890625 0.28125 0.0578125
2 0.78828125 0.025 0.1390625 0.05
2 0.46796875 0.98046875 0.1796875 0.0390625
2 0.178125 0.70703125 0.26875 0.0765625
2 0.5171875 0.76171875 0.234375 0.0765625
2 0.628125 0.9265625 0.18125 0.078125
2 0.6890625 0.7625 0.059375 0.153125
2 0.3375 0.70546875 0.196875 0.0734375
2 0.54765625 0.70859375 0.1328125 0.0796875
2 0.053125 0.68828125 0.10625 0.0390625
2 0.0828125 0.6875 0.165625 0.0375
2 0.18046875 0.68046875 0.1046875 0.0234375
2 0.66015625 0.98125 0.1171875 0.0375
2 0.02578125 0.70078125 0.0515625 0.0640625
2 0.90546875 0.7234375 0.1890625 0.109375
2 0.78671875 0.7671875 0.1359375 0.196875
2 0.884375 0.89921875 0.23125 0.2015625
2 0.7921875 0.95 0.146875 0.1
2 0.7765625 0.875 0.115625 0.190625