5 0.021875 0.215625 0.04375 0.065625
5 0.02265625 0.2875 0.0453125 0.121875
5 0.01875 0.30078125 0.0375 0.0453125
5 0.0140625 0.38984375 0.028125 0.0828125
5 0.11484375 0.36875 0.2296875 0.2125
5 0.11171875 0.2578125 0.1859375 0.0953125
5 0.2859375 0.25859375 0.1421875 0.096875
5 0.43359375 0.246875 0.1078125 0.059375
5 0.5265625 0.23125 0.046875 0.05
5 0.42890625 0.36171875 0.1546875 0.1
5 0.26484375 0.36953125 0.1375 0.05625
5 0.0859375 0.38515625 0.171875 0.0828125
0 0.81484375 0.16640625 0.29375 0.25
0 0.85859375 0.02265625 0.2703125 0.0453125
0 0.22109375 0.8703125 0.1046875 0.0703125
0 0.0765625 0.78671875 0.0796875 0.16875
0 0.46875 0.74921875 0.1625 0.0734375
5 0.759375 0.83359375 0.165625 0.1515625
5 0.921875 0.809375 0.140625 0.1125
5 0.94296875 0.50859375 0.1140625 0.0390625
5 0.78984375 0.50859375 0.1671875 0.0390625
5 0.6296875 0.5 0.1125 0.021875
5 0.57109375 0.67734375 0.0421875 0.3765625
5 0.61171875 0.84921875 0.1234375 0.0859375