5 0.046875 0.01640625 0.09375 0.0328125
5 0.228125 0.0265625 0.221875 0.053125
5 0.16015625 0.06015625 0.3203125 0.1203125
5 0.125 0.265625 0.25 0.315625
5 0.16953125 0.55078125 0.3390625 0.2171875
1 0.48359375 0.14921875 0.2890625 0.2984375
1 0.58046875 0.45625 0.4828125 0.40625
1 0.88046875 0.459375 0.2390625 0.4
1 0.7796875 0.15 0.340625 0.3
1 0.92890625 0.16875 0.1421875 0.3375
1 0.4015625 0.04453125 0.125 0.0890625
1 0.4703125 0.04453125 0.2125 0.0890625
1 0.64921875 0.04296875 0.2296875 0.0859375
1 0.82109375 0.04375 0.2234375 0.0875
1 0.93359375 0.0421875 0.1328125 0.084375
1 0.1453125 0.8296875 0.290625 0.340625
1 0.21640625 0.8296875 0.2453125 0.340625
1 0.16953125 0.8296875 0.3390625 0.340625
1 0.22109375 0.74609375 0.2359375 0.1734375
1 0.23671875 0.76640625 0.2046875 0.2140625
3 0.6578125 0.8453125 0.2984375 0.2859375