5 0.328125 0.1109375 0.08125 0.08125
5 0.21328125 0.115625 0.121875 0.053125
5 0.253125 0.17265625 0.1125 0.0390625
5 0.14375 0.171875 0.0796875 0.0421875
5 0.11796875 0.23125 0.078125 0.0578125
5 0.22734375 0.2390625 0.10625 0.0484375
0 0.92578125 0.41875 0.1484375 0.103125
0 0.98359375 0.0203125 0.0328125 0.040625
0 0.98515625 0.0390625 0.0296875 0.078125
0 0.91875 0.0890625 0.0921875 0.0453125
0 0.9390625 0.14375 0.1046875 0.05
0 0.81484375 0.24296875 0.10625 0.075
0 0.6953125 0.10703125 0.0859375 0.0671875
0 0.79765625 0.11328125 0.084375 0.0984375
0 0.8875 0.02265625 0.13125 0.0453125
0 0.5453125 0.32734375 0.071875 0.0515625
0 0.8125 0.5421875 0.1171875 0.0515625
0 0.5703125 0.13125 0.0609375 0.075
0 0.63203125 0.478125 0.078125 0.0625
0 0.95390625 0.2609375 0.084375 0.10625
5 0.04609375 0.871875 0.0921875 0.096875
5 0.1515625 0.865625 0.096875 0.0703125
5 0.34921875 0.86484375 0.0390625 0.0703125
5 0.3375 0.7359375 0.0625 0.09375
5 0.11796875 0.76640625 0.0859375 0.0859375
5 0.03515625 0.765625 0.0703125 0.06875
5 0.0515625 0.76640625 0.103125 0.0546875
5 0.03046875 0.728125 0.0609375 0.0625
5 0.01796875 0.70859375 0.0359375 0.0609375
5 0.00859375 0.7265625 0.0171875 0.065625
5 0.05234375 0.65703125 0.1046875 0.0640625
5 0.05390625 0.65390625 0.1078125 0.0765625
5 0.12421875 0.665625 0.2484375 0.090625
5 0.3203125 0.659375 0.096875 0.090625
3 0.46875 0.88203125 0.2 0.1640625
3 0.7734375 0.93828125 0.09375 0.1234375