5 0.5515625 0.4640625 0.146875 0.090625
5 0.74375 0.46328125 0.215625 0.1328125
5 0.90234375 0.4296875 0.1953125 0.153125
5 0.52109375 0.20546875 0.1515625 0.1234375
5 0.4296875 0.2375 0.1578125 0.140625
5 0.33828125 0.24453125 0.125 0.1
5 0.225 0.25703125 0.1140625 0.0953125
5 0.13359375 0.271875 0.0953125 0.0859375
5 0.05 0.253125 0.1 0.125
5 0.05390625 0.40546875 0.103125 0.0828125
5 0.19296875 0.39921875 0.121875 0.0546875
5 0.31953125 0.40390625 0.0859375 0.0984375
5 0.43359375 0.4140625 0.1125 0.11875
5 0.35625 0.8328125 0.1546875 0.14375
5 0.515625 0.815625 0.1140625 0.1765625
5 0.6375 0.71796875 0.1375 0.1328125
5 0.71953125 0.79140625 0.1734375 0.128125
5 0.84140625 0.73828125 0.15625 0.1078125
5 0.9390625 0.71953125 0.121875 0.1734375
5 0.25859375 0.87578125 0.0390625 0.078125
5 0.24921875 0.52421875 0.215625 0.0890625
5 0.1234375 0.534375 0.2140625 0.1046875