5 0.02734375 0.51796875 0.0546875 0.1640625
5 0.03984375 0.37421875 0.0796875 0.0796875
5 0.04140625 0.22734375 0.0828125 0.0953125
5 0.01875 0.5796875 0.0375 0.040625
5 0.05234375 0.1453125 0.1046875 0.271875
5 0.065625 0.33984375 0.13125 0.2703125
5 0.21953125 0.4453125 0.1375 0.196875
5 0.09140625 0.55 0.0828125 0.1
5 0.35078125 0.47265625 0.13125 0.1625
3 0.8140625 0.25546875 0.371875 0.3828125
3 0.73125 0.0546875 0.1375 0.109375
3 0.49296875 0.175 0.0859375 0.1125
3 0.79375 0.590625 0.4125 0.01875
2 0.1625 0.9125 0.2046875 0.1125
2 0.1953125 0.796875 0.1671875 0.0671875
2 0.40234375 0.771875 0.0953125 0.059375
2 0.38828125 0.69296875 0.1234375 0.0796875
2 0.21640625 0.71328125 0.171875 0.0515625
2 0.03046875 0.9109375 0.0609375 0.0875
2 0.02890625 0.81640625 0.0578125 0.0703125
2 0.05 0.73671875 0.1 0.0421875
2 0.0234375 0.9265625 0.046875 0.040625
1 0.68515625 0.8 0.4703125 0.4