5 0.64296875 0.23359375 0.0734375 0.1515625
5 0.5625 0.14765625 0.1875 0.1875
5 0.52421875 0.06328125 0.1078125 0.096875
5 0.36015625 0.10390625 0.15 0.190625
5 0.23046875 0.39296875 0.3484375 0.3515625
5 0.50859375 0.37578125 0.1671875 0.1015625
5 0.25078125 0.059375 0.1734375 0.11875
5 0.44765625 0.03125 0.1421875 0.0625
5 0.0328125 0.2984375 0.065625 0.190625
5 0.14296875 0.1609375 0.2453125 0.1140625
1 0.83984375 0.43671875 0.3203125 0.2640625
1 0.83984375 0.2421875 0.3203125 0.484375
1 0.33984375 0.784375 0.6796875 0.43125
1 0.33984375 0.784375 0.6796875 0.43125
0 0.84453125 0.871875 0.103125 0.1421875
0 0.9734375 0.909375 0.053125 0.128125