5 0.921875 0.59296875 0.14375 0.5203125
5 0.7546875 0.66640625 0.171875 0.3046875
5 0.6640625 0.378125 0.228125 0.134375
5 0.48515625 0.55625 0.2953125 0.1796875
5 0.43046875 0.403125 0.1953125 0.09375
5 0.24296875 0.56171875 0.159375 0.203125
5 0.7765625 0.86875 0.44375 0.171875
5 0.325 0.76328125 0.446875 0.153125
5 0.0375 0.68984375 0.075 0.0765625
5 0.07734375 0.48984375 0.14375 0.1734375
5 0.8453125 0.08671875 0.2359375 0.146875
5 0.61328125 0.08515625 0.1625 0.1609375
5 0.41796875 0.1171875 0.1640625 0.159375
5 0.2078125 0.165625 0.2234375 0.159375