5 0.41796875 0.21015625 0.0828125 0.0921875
5 0.26796875 0.21953125 0.2015625 0.125
5 0.06640625 0.19296875 0.1328125 0.0890625
5 0.1 0.371875 0.171875 0.09375
5 0.0453125 0.37578125 0.090625 0.0859375
5 0.340625 0.3296875 0.13125 0.1
5 0.4375 0.33671875 0.04375 0.1109375
5 0.2328125 0.37265625 0.06875 0.0921875
5 0.21953125 0.209375 0.30625 0.0734375
5 0.01953125 0.25703125 0.0390625 0.1109375
5 0.771875 0.02265625 0.146875 0.0453125
5 0.92734375 0.0328125 0.1453125 0.065625
5 0.74140625 0.03046875 0.1515625 0.0609375
5 0.64921875 0.03515625 0.1578125 0.0703125
5 0.5578125 0.025 0.125 0.05
5 0.4875 0.0234375 0.05625 0.046875
5 0.4828125 0.02109375 0.046875 0.0421875
5 0.484375 0.03125 0.05 0.0625
5 0.48515625 0.0203125 0.0515625 0.040625
5 0.48984375 0.01328125 0.0609375 0.0265625
5 0.53984375 0.02421875 0.0859375 0.0484375
5 0.653125 0.0296875 0.1125 0.059375
5 0.5765625 0.3390625 0.1546875 0.14375
5 0.7359375 0.321875 0.1140625 0.178125
5 0.8578125 0.22421875 0.1375 0.134375
5 0.9265625 0.296875 0.146875 0.128125
5 0.478125 0.38046875 0.0375 0.0765625
5 0.51796875 0.03671875 0.1171875 0.0734375
5 0.5125 0.04609375 0.10625 0.0921875
4 0.3625 0.62109375 0.19375 0.4046875
4 0.33671875 0.93984375 0.2453125 0.1203125
2 0.78125 0.8375 0.4375 0.309375
2 0.55546875 0.83984375 0.1921875 0.3046875
2 0.7296875 0.56484375 0.540625 0.2046875
2 0.7296875 0.45078125 0.540625 0.0640625
2 0.7296875 0.43984375 0.540625 0.0421875