5 0.9546875 0.1265625 0.090625 0.0984375
5 0.934375 0.39921875 0.13125 0.1859375
5 0.7765625 0.5046875 0.1453125 0.209375
5 0.66015625 0.38515625 0.1796875 0.2578125
5 0.62265625 0.26875 0.103125 0.1328125
5 0.465625 0.325 0.1453125 0.2625
5 0.3421875 0.740625 0.3359375 0.51875
5 0.60859375 0.69921875 0.1609375 0.140625
5 0.86875 0.90234375 0.1375 0.1953125
5 0.36171875 0.228125 0.165625 0.2359375
5 0.54921875 0.1171875 0.1375 0.175
5 0.06328125 0.5921875 0.1265625 0.2625
5 0.2578125 0.40390625 0.234375 0.15625