5 0.265625 0.33359375 0.1125 0.090625
5 0.03203125 0.28125 0.0640625 0.115625
5 0.41484375 0.33203125 0.1296875 0.1359375
5 0.44609375 0.13359375 0.0671875 0.0953125
5 0.28984375 0.12265625 0.1765625 0.0828125
5 0.0890625 0.0234375 0.08125 0.046875
5 0.03515625 0.08828125 0.0703125 0.0984375
5 0.0375 0.23515625 0.075 0.2015625
5 0.02109375 0.059375 0.0421875 0.11875
5 0.0171875 0.02734375 0.034375 0.0546875
5 0.0359375 0.02265625 0.071875 0.0453125
5 0.45390625 0.0375 0.0515625 0.075
5 0.37734375 0.0296875 0.1640625 0.059375
5 0.2765625 0.0390625 0.225 0.078125
5 0.08984375 0.0296875 0.1796875 0.059375
0 0.859375 0.20625 0.09375 0.08125
0 0.7125 0.3375 0.1296875 0.0875
2 0.34296875 0.7515625 0.2734375 0.496875
2 0.103125 0.9203125 0.20625 0.159375
2 0.08515625 0.72265625 0.1625 0.2453125
2 0.065625 0.5625 0.13125 0.284375
2 0.15625 0.44296875 0.20625 0.0859375
2 0.32265625 0.4375 0.3046875 0.075
2 0.04765625 0.43203125 0.0953125 0.0640625
2 0.053125 0.44140625 0.10625 0.0828125
2 0.0828125 0.421875 0.165625 0.04375
2 0.05234375 0.78515625 0.1046875 0.1515625
1 0.81796875 0.89140625 0.3640625 0.1484375
1 0.55703125 0.853125 0.1546875 0.109375
1 0.85390625 0.775 0.2921875 0.084375
1 0.62109375 0.7828125 0.2828125 0.059375
1 0.71875 0.7359375 0.2328125 0.05625
1 0.89296875 0.7296875 0.2140625 0.053125