5 0.1265625 0.02421875 0.253125 0.0484375
5 0.2515625 0.01953125 0.134375 0.0390625
1 0.57734375 0.13046875 0.4953125 0.2609375
1 0.74609375 0.10234375 0.3921875 0.2046875
1 0.84609375 0.07109375 0.2703125 0.1421875
1 0.88515625 0.06875 0.2296875 0.1375
1 0.85703125 0.21796875 0.2859375 0.2015625
1 0.928125 0.159375 0.14375 0.31875
0 0.02890625 0.81796875 0.0578125 0.1421875
0 0.19140625 0.8421875 0.0765625 0.065625
0 0.15625 0.71953125 0.05 0.0828125
0 0.29140625 0.803125 0.0703125 0.05
0 0.01640625 0.8875 0.0328125 0.1
0 0.0234375 0.6140625 0.046875 0.090625
0 0.0453125 0.578125 0.075 0.0546875
0 0.04609375 0.83359375 0.0515625 0.0828125
0 0.01953125 0.7 0.0390625 0.15625
1 0.66484375 0.79296875 0.6703125 0.4140625
1 0.66484375 0.55625 0.6703125 0.475