5 0.15078125 0.059375 0.3015625 0.11875
5 0.134375 0.01640625 0.26875 0.0328125
5 0.04765625 0.0203125 0.0953125 0.040625
5 0.2046875 0.41484375 0.409375 0.1484375
5 0.3875 0.24296875 0.04375 0.2609375
5 0.04453125 0.36875 0.0890625 0.240625
5 0.05546875 0.18984375 0.1109375 0.1578125
2 0.4453125 0.21484375 0.071875 0.4078125
2 0.4546875 0.10546875 0.090625 0.2109375
2 0.484375 0.0390625 0.15 0.078125
2 0.6203125 0.02109375 0.078125 0.0421875
2 0.81875 0.0390625 0.20625 0.078125
2 0.96953125 0.04453125 0.0609375 0.0890625
2 0.97109375 0.21171875 0.0578125 0.1765625
2 0.971875 0.41640625 0.05625 0.1453125
2 0.80625 0.4640625 0.221875 0.05
2 0.62578125 0.23984375 0.146875 0.2484375
2 0.465625 0.33515625 0.1125 0.1484375
2 0.81640625 0.2546875 0.2109375 0.3296875
2 0.47421875 0.1515625 0.125 0.2109375
5 0.26015625 0.5546875 0.1953125 0.13125
5 0.06484375 0.55703125 0.1296875 0.1359375
2 0.659375 0.82734375 0.29375 0.059375
2 0.9375 0.83203125 0.125 0.0609375
2 0.4765625 0.82578125 0.134375 0.0765625