5 0.0171875 0.26328125 0.034375 0.1484375
5 0.01484375 0.17265625 0.0296875 0.0984375
5 0.0203125 0.1515625 0.040625 0.08125
5 0.0171875 0.1875 0.034375 0.1125
5 0.06875 0.190625 0.05 0.1234375
5 0.14296875 0.17265625 0.0703125 0.0984375
5 0.18671875 0.26953125 0.0578125 0.0765625
5 0.13828125 0.4328125 0.0734375 0.034375
5 0.0125 0.303125 0.025 0.090625
0 0.60078125 0.1 0.2234375 0.2
0 0.46484375 0.90078125 0.0484375 0.1203125
0 0.046875 0.9703125 0.09375 0.059375
0 0.0515625 0.86953125 0.103125 0.0921875
0 0.4546875 0.51953125 0.06875 0.0734375
0 0.10390625 0.67265625 0.0859375 0.08125
0 0.32890625 0.85078125 0.1375 0.128125
0 0.98203125 0.70703125 0.0359375 0.0953125
0 0.9234375 0.83125 0.1140625 0.0890625
0 0.50703125 0.834375 0.0359375 0.153125
0 0.63828125 0.5328125 0.0734375 0.090625
0 0.5046875 0.4953125 0.03125 0.053125
0 0.51015625 0.60234375 0.0421875 0.0859375
0 0.49921875 0.8140625 0.0203125 0.084375
0 0.8625 0.72421875 0.0609375 0.0828125
0 0.80703125 0.66875 0.0421875 0.0625
0 0.84296875 0.45703125 0.0703125 0.0140625
0 0.8609375 0.46171875 0.075 0.0234375
0 0.5359375 0.4640625 0.0875 0.028125
0 0.5 0.465625 0.021875 0.03125
0 0.49609375 0.57265625 0.0140625 0.0453125
0 0.50625 0.4703125 0.034375 0.040625
0 0.6421875 0.978125 0.046875 0.04375
0 0.7921875 0.4953125 0.1171875 0.0546875
0 0.690625 0.46796875 0.0875 0.0359375
0 0.496875 0.46640625 0.015625 0.0328125
0 0.50234375 0.45703125 0.0265625 0.0140625
0 0.5203125 0.95234375 0.0625 0.0921875
0 0.64453125 0.88828125 0.1125 0.1125
0 0.51171875 0.68515625 0.0453125 0.0921875