5 0.01484375 0.00234375 0.0296875 0.0046875
5 0.028125 0.00390625 0.05625 0.0078125
5 0.02578125 0.00546875 0.0515625 0.0109375
5 0.04140625 0.01640625 0.0828125 0.0328125
5 0.01953125 0.01015625 0.0390625 0.0203125
0 0.54375 0.015625 0.009375 0.009375
0 0.54375 0.02578125 0.009375 0.0046875
0 0.54375 0.02265625 0.009375 0.0078125
0 0.54375 0.03671875 0.009375 0.0078125
0 0.5453125 0.0671875 0.0125 0.0125
0 0.54296875 0.034375 0.0078125 0.009375
0 0.5421875 0.06015625 0.00625 0.0171875
0 0.54140625 0.04609375 0.0046875 0.0078125
0 0.5453125 0.05234375 0.0125 0.0140625
0 0.5421875 0.071875 0.00625 0.009375
0 0.54453125 0.05078125 0.0109375 0.0078125
0 0.5421875 0.04921875 0.00625 0.0140625
0 0.5453125 0.03515625 0.0125 0.0078125
0 0.5453125 0.0234375 0.0125 0.009375
0 0.5421875 0.00625 0.00625 0.00625
0 0.54140625 0.009375 0.0046875 0.00625
0 0.5421875 0.01875 0.00625 0.00625
0 0.00234375 0.5328125 0.0046875 0.00625
0 0.01171875 0.53046875 0.0109375 0.0015625
0 0.025 0.5328125 0.01875 0.00625
0 0.09921875 0.5328125 0.0140625 0.00625
0 0.0046875 0.53125 0.009375 0.003125
0 0.0046875 0.53046875 0.009375 0.0015625
0 0.0046875 0.53203125 0.009375 0.0046875
0 0.00234375 0.53125 0.0046875 0.003125