5 0.56171875 0.5046875 0.1078125 0.140625
5 0.659375 0.4890625 0.0578125 0.128125
5 0.44453125 0.51015625 0.0765625 0.078125
5 0.73125 0.75546875 0.0796875 0.09375
5 0.86953125 0.6890625 0.0703125 0.109375
5 0.94921875 0.51953125 0.1015625 0.078125
5 0.928125 0.43515625 0.134375 0.1015625
5 0.79921875 0.4171875 0.125 0.0796875
5 0.74375 0.3140625 0.1609375 0.0921875
5 0.60625 0.30625 0.140625 0.1109375
5 0.45703125 0.25078125 0.165625 0.1234375
5 0.48359375 0.36796875 0.1421875 0.0859375
5 0.31875 0.3375 0.1484375 0.1484375
5 0.09140625 0.30625 0.1828125 0.1109375
5 0.07734375 0.14140625 0.1546875 0.1421875
5 0.2375 0.17265625 0.1359375 0.1671875