5 0.40078125 0.02265625 0.1765625 0.0453125
5 0.334375 0.04921875 0.1125 0.0984375
5 0.15625 0.01796875 0.178125 0.0359375
5 0.05078125 0.10234375 0.0953125 0.2046875
5 0.0359375 0.24296875 0.071875 0.1328125
5 0.03203125 0.4125 0.0640625 0.19375
5 0.06875 0.40234375 0.1375 0.2140625
5 0.29375 0.25546875 0.2296875 0.178125
5 0.45078125 0.2234375 0.0765625 0.190625
5 0.18203125 0.0171875 0.2046875 0.034375
5 0.05703125 0.015625 0.1140625 0.03125
2 0.853125 0.42265625 0.29375 0.1734375
2 0.55546875 0.440625 0.1328125 0.1375
2 0.91796875 0.2046875 0.1640625 0.165625
2 0.60078125 0.24296875 0.2234375 0.2328125
2 0.61796875 0.06015625 0.2578125 0.1203125
1 0.29453125 0.9375 0.2828125 0.125
1 0.4078125 0.8890625 0.1625 0.175
0 0.74765625 0.54921875 0.1859375 0.0796875
0 0.575 0.540625 0.1375 0.0625
0 0.628125 0.5765625 0.240625 0.134375
0 0.84765625 0.61015625 0.1046875 0.2015625
0 0.8 0.8984375 0.1 0.203125
0 0.60546875 0.9765625 0.2328125 0.046875
0 0.5453125 0.9265625 0.1125 0.1
0 0.58203125 0.809375 0.1859375 0.1125
0 0.52265625 0.53671875 0.0671875 0.0546875