5 0.67421875 0.2875 0.0515625 0.084375
5 0.59765625 0.28828125 0.165625 0.065625
5 0.16328125 0.296875 0.1640625 0.065625
5 0.3265625 0.2875 0.109375 0.084375
5 0.4359375 0.2578125 0.1265625 0.096875
5 0.41953125 0.31484375 0.1171875 0.0296875
5 0.05625 0.29765625 0.0875 0.0640625
5 0.55234375 0.2421875 0.06875 0.059375
1 0.85 0.16953125 0.3 0.3203125
0 0.628125 0.9171875 0.1171875 0.1203125
0 0.0765625 0.978125 0.153125 0.04375
0 0.08359375 0.88515625 0.1671875 0.0921875
0 0.68125 0.67734375 0.0375 0.1015625
0 0.61953125 0.5359375 0.140625 0.0734375
0 0.23203125 0.68828125 0.0875 0.08125
0 0.45703125 0.86640625 0.1375 0.128125
0 0.73515625 0.40390625 0.0703125 0.1171875
0 0.86171875 0.47109375 0.1328125 0.1546875
0 0.97109375 0.8109375 0.0578125 0.159375
0 0.76328125 0.671875 0.090625 0.1015625
0 0.95625 0.625 0.0671875 0.0703125