5 0.896875 0.096875 0.1546875 0.1765625
5 0.66640625 0.121875 0.1671875 0.1453125
5 0.58671875 0.34296875 0.2171875 0.175
5 0.45859375 0.5296875 0.290625 0.2984375
5 0.10546875 0.39296875 0.140625 0.1125
5 0.22734375 0.528125 0.2125 0.1046875
5 0.253125 0.80703125 0.2390625 0.325
5 0.53515625 0.86796875 0.2796875 0.2390625
5 0.12265625 0.89375 0.184375 0.2109375
5 0.2296875 0.665625 0.2703125 0.259375
5 0.50546875 0.53359375 0.2234375 0.1921875
5 0.61640625 0.20859375 0.1546875 0.1140625
5 0.7796875 0.14140625 0.125 0.1328125