5 0.034375 0.0578125 0.06875 0.115625
5 0.03984375 0.01953125 0.0796875 0.0390625
5 0.04140625 0.0234375 0.0828125 0.046875
5 0.01875 0.08125 0.0375 0.078125
5 0.05234375 0.0671875 0.1046875 0.134375
5 0.096875 0.0671875 0.190625 0.134375
5 0.2796875 0.0484375 0.1375 0.096875
5 0.15234375 0.04140625 0.0828125 0.0828125
5 0.4109375 0.040625 0.13125 0.08125
5 0.709375 0.04140625 0.1125 0.0828125
5 0.778125 0.0734375 0.1 0.1359375
5 0.703125 0.265625 0.190625 0.20625
5 0.9140625 0.11015625 0.1375 0.1171875
0 0.04375 0.6046875 0.0875 0.178125
0 0.021875 0.38984375 0.04375 0.0421875
0 0.02890625 0.5 0.0578125 0.05
0 0.021875 0.45390625 0.04375 0.0453125
0 0.121875 0.53046875 0.071875 0.06875
0 0.2859375 0.4453125 0.0546875 0.06875
0 0.02734375 0.3796875 0.0546875 0.021875
0 0.02734375 0.384375 0.0546875 0.03125
0 0.0234375 0.3828125 0.046875 0.028125
0 0.03671875 0.38515625 0.0734375 0.0328125
0 0.021875 0.49453125 0.04375 0.1296875
0 0.034375 0.62109375 0.06875 0.0921875
0 0.4953125 0.5890625 0.0875 0.05625
0 0.5375 0.42890625 0.003125 0.0765625
0 0.27265625 0.534375 0.0765625 0.065625
0 0.63125 0.6578125 0.184375 0.059375
0 0.821875 0.69375 0.1578125 0.0515625
0 0.9625 0.7125 0.075 0.0625
0 0.9796875 0.8078125 0.040625 0.090625
0 0.86796875 0.7890625 0.1171875 0.0734375
0 0.6890625 0.7546875 0.11875 0.075
0 0.57734375 0.7375 0.0765625 0.075
0 0.57734375 0.61484375 0.0765625 0.0734375
0 0.56484375 0.59921875 0.0515625 0.0578125
0 0.621875 0.8515625 0.09375 0.059375
0 0.559375 0.81171875 0.040625 0.0390625
0 0.9875 0.9015625 0.025 0.075