5 0.25078125 0.12421875 0.2609375 0.2125
5 0.09453125 0.0609375 0.1890625 0.121875
5 0.44609375 0.1578125 0.1453125 0.11875
5 0.490625 0.0515625 0.05625 0.103125
5 0.04375 0.04609375 0.0875 0.0921875
0 0.8359375 0.37109375 0.3234375 0.3046875
0 0.54140625 0.23828125 0.0453125 0.0734375
5 0.09296875 0.6046875 0.1078125 0.13125
5 0.18984375 0.59296875 0.0578125 0.1078125
5 0.01875 0.6046875 0.0375 0.078125
5 0.2625 0.85078125 0.0796875 0.09375
5 0.40078125 0.784375 0.0703125 0.109375
5 0.47421875 0.6140625 0.0890625 0.078125
5 0.45546875 0.5640625 0.1265625 0.05
5 0.3296875 0.55859375 0.125 0.0390625
5 0.27421875 0.56171875 0.1609375 0.0453125
5 0.13671875 0.56640625 0.1390625 0.0546875
5 0.040625 0.56953125 0.08125 0.0609375
5 0.0421875 0.56015625 0.084375 0.0421875
5 0.03671875 0.57578125 0.0734375 0.0734375
5 0.0453125 0.56640625 0.090625 0.0546875
5 0.03828125 0.57421875 0.0765625 0.0703125
5 0.03359375 0.58046875 0.0671875 0.0828125
3 0.86328125 0.6796875 0.2734375 0.28125