5 0.03984375 0.21640625 0.0796875 0.1296875
5 0.01875 0.209375 0.0375 0.078125
5 0.02265625 0.18046875 0.0453125 0.0703125
5 0.021875 0.17734375 0.04375 0.0671875
5 0.0265625 0.2140625 0.053125 0.071875
5 0.0234375 0.296875 0.046875 0.1375
5 0.065625 0.565625 0.13125 0.0875
5 0.0265625 0.48984375 0.053125 0.1171875
5 0.0171875 0.41484375 0.034375 0.1015625
5 0.0171875 0.3578125 0.034375 0.0875
5 0.053125 0.5125 0.10625 0.19375
5 0.04140625 0.34921875 0.0828125 0.1828125
5 0.921875 0.54140625 0.15625 0.1359375
5 0.78828125 0.43984375 0.26875 0.1640625
5 0.57578125 0.346875 0.2328125 0.0953125
5 0.40234375 0.26328125 0.1671875 0.1453125
5 0.91796875 0.29296875 0.1640625 0.1578125
5 0.67734375 0.18984375 0.271875 0.2078125
5 0.42734375 0.13828125 0.190625 0.121875
5 0.89375 0.06171875 0.2125 0.1234375
5 0.67890625 0.04375 0.2390625 0.0875
5 0.50546875 0.03046875 0.1671875 0.0609375
5 0.3734375 0.0171875 0.109375 0.034375
5 0.715625 0.0140625 0.2625 0.028125
5 0.52890625 0.55390625 0.4125 0.109375
1 0.159375 0.8046875 0.31875 0.390625
5 0.72734375 0.6234375 0.1078125 0.028125
5 0.64609375 0.625 0.0859375 0.03125
5 0.55703125 0.6265625 0.0890625 0.034375
5 0.503125 0.6296875 0.11875 0.040625
5 0.390625 0.621875 0.0875 0.025
5 0.35078125 0.6296875 0.0640625 0.040625
5 0.334375 0.709375 0.03125 0.146875
5 0.340625 0.7390625 0.04375 0.06875
5 0.3859375 0.70390625 0.0796875 0.0828125
5 0.48046875 0.6390625 0.0828125 0.059375
5 0.56015625 0.77578125 0.075 0.084375
5 0.3828125 0.9125 0.109375 0.0859375
5 0.59140625 0.9421875 0.0609375 0.0546875
5 0.678125 0.865625 0.109375 0.0671875
5 0.64375 0.6484375 0.096875 0.078125
5 0.75703125 0.62734375 0.1171875 0.0359375
5 0.77890625 0.63125 0.0859375 0.04375
5 0.69921875 0.74765625 0.1046875 0.18125