5 0.81640625 0.36953125 0.1125 0.084375
5 0.70859375 0.36953125 0.165625 0.065625
5 0.509375 0.5125 0.1703125 0.0859375
5 0.703125 0.62109375 0.1140625 0.1
5 0.4 0.79296875 0.271875 0.221875
5 0.2171875 0.5328125 0.1671875 0.1671875
5 0.27421875 0.39375 0.1640625 0.096875
5 0.43828125 0.38828125 0.109375 0.121875
5 0.546875 0.3390625 0.1265625 0.096875
5 0.53046875 0.42578125 0.1171875 0.0875
5 0.66015625 0.44609375 0.1390625 0.0921875
5 0.35546875 0.5171875 0.1296875 0.1265625
5 0.09453125 0.425 0.1046875 0.0953125
5 0.16796875 0.39453125 0.0875 0.09375
5 0.66328125 0.3234375 0.06875 0.059375