5 0.2109375 0.015625 0.10625 0.03125
5 0.0625 0.01640625 0.125 0.0328125
5 0.0859375 0.0296875 0.134375 0.059375
5 0.01328125 0.034375 0.0265625 0.06875
5 0.01640625 0.02890625 0.0328125 0.0578125
5 0.02578125 0.0265625 0.0515625 0.053125
5 0.20859375 0.0578125 0.046875 0.084375
5 0.08125 0.06015625 0.06875 0.1078125
4 0.790625 0.46875 0.221875 0.240625
4 0.96796875 0.31171875 0.0640625 0.4484375
2 0.2734375 0.9765625 0.325 0.046875
2 0.21953125 0.896875 0.35625 0.078125
2 0.58515625 0.8859375 0.1890625 0.140625
2 0.04140625 0.734375 0.0828125 0.184375
2 0.19765625 0.76484375 0.140625 0.109375
4 0.76328125 0.83828125 0.1671875 0.3234375
4 0.74375 0.7953125 0.128125 0.30625
4 0.91796875 0.8609375 0.1171875 0.278125