5 0.47421875 0.28984375 0.2296875 0.1109375
5 0.17109375 0.36015625 0.3421875 0.2734375
5 0.47265625 0.475 0.2328125 0.215625
5 0.0828125 0.55234375 0.165625 0.1328125
5 0.85234375 0.53046875 0.2578125 0.0765625
5 0.62109375 0.36875 0.0640625 0.109375
5 0.60703125 0.153125 0.0359375 0.171875
5 0.63046875 0.146875 0.0828125 0.121875
5 0.61875 0.50546875 0.059375 0.1046875
5 0.771875 0.13828125 0.203125 0.1578125
5 0.94375 0.175 0.1125 0.175
5 0.96484375 0.39765625 0.0703125 0.2171875
5 0.84609375 0.275 0.0828125 0.090625
5 0.6140625 0.41875 0.05 0.215625
0 0.41875 0.6953125 0.196875 0.153125
0 0.29765625 0.64296875 0.1265625 0.0484375
0 0.315625 0.69609375 0.184375 0.1546875
0 0.46328125 0.690625 0.0859375 0.14375
0 0.246875 0.96015625 0.13125 0.0796875
0 0.05546875 0.93671875 0.1109375 0.1265625
0 0.43125 0.95 0.084375 0.1
0 0.1515625 0.65703125 0.134375 0.0765625
2 0.884375 0.95 0.23125 0.1