5 0.0875 0.10234375 0.175 0.1390625
5 0.11015625 0.02421875 0.1796875 0.0484375
5 0.04921875 0.02734375 0.0984375 0.0546875
5 0.3296875 0.03046875 0.221875 0.0609375
5 0.09296875 0.040625 0.1859375 0.08125
5 0.03828125 0.04921875 0.0765625 0.0984375
5 0.53984375 0.021875 0.1890625 0.04375
5 0.34921875 0.02265625 0.2859375 0.0453125
2 0.91171875 0.1015625 0.1765625 0.203125
2 0.7671875 0.04140625 0.175 0.0828125
2 0.81484375 0.021875 0.2703125 0.04375
2 0.7546875 0.25859375 0.15 0.1015625
1 0.31953125 0.7671875 0.1015625 0.1421875
1 0.2375 0.8140625 0.078125 0.125
1 0.41484375 0.928125 0.1640625 0.14375
1 0.47578125 0.9375 0.1390625 0.125
1 0.30703125 0.95234375 0.1265625 0.0953125
1 0.07890625 0.8140625 0.0890625 0.1109375
1 0.128125 0.74140625 0.090625 0.1609375
1 0.39609375 0.81328125 0.1109375 0.13125
1 0.46015625 0.86015625 0.1265625 0.1421875
1 0.521875 0.8984375 0.15 0.146875
1 0.60390625 0.93828125 0.1171875 0.1234375
1 0.55546875 0.97109375 0.1546875 0.0578125
1 0.234375 0.41484375 0.0625 0.0609375
1 0.2203125 0.46796875 0.078125 0.0671875
1 0.02265625 0.7390625 0.0453125 0.11875
1 0.0484375 0.6796875 0.0765625 0.109375
1 0.015625 0.6078125 0.03125 0.09375
1 0.02421875 0.83828125 0.0484375 0.1546875
1 0.05859375 0.90078125 0.1171875 0.1671875
1 0.26484375 0.55546875 0.09375 0.0921875
1 0.309375 0.55078125 0.0703125 0.0734375
1 0.340625 0.5609375 0.08125 0.103125
1 0.37578125 0.57578125 0.0640625 0.0703125
1 0.45 0.67421875 0.0640625 0.084375
1 0.49765625 0.69453125 0.071875 0.134375
1 0.52109375 0.63359375 0.0703125 0.1078125
1 0.503125 0.57421875 0.0625 0.0765625
1 0.559375 0.65703125 0.1046875 0.11875
1 0.54375 0.7140625 0.075 0.1
1 0.590625 0.7296875 0.0828125 0.11875
1 0.61328125 0.68359375 0.103125 0.121875
1 0.49453125 0.3171875 0.0265625 0.015625
1 0.48359375 0.31640625 0.0296875 0.0140625
1 0.096875 0.4125 0.19375 0.20625
1 0.4828125 0.4140625 0.2421875 0.178125
1 0.378125 0.33671875 0.1875 0.0546875
1 0.23046875 0.3296875 0.1453125 0.040625
1 0.084375 0.34140625 0.16875 0.0640625
3 0.93515625 0.50390625 0.1296875 0.3890625