5 0.08984375 0.0234375 0.0609375 0.046875
5 0.025 0.02578125 0.05 0.0515625
5 0.02109375 0.0234375 0.0421875 0.046875
5 0.0140625 0.02109375 0.028125 0.0421875
5 0.02421875 0.02109375 0.0484375 0.0421875
5 0.0265625 0.05625 0.053125 0.034375
5 0.01875 0.0609375 0.0375 0.034375
5 0.01953125 0.03203125 0.0390625 0.0640625
5 0.00625 0.01875 0.0125 0.0375
5 0.03125 0.01953125 0.0625 0.0390625
5 0.0359375 0.140625 0.071875 0.096875
5 0.02890625 0.1375 0.0578125 0.075
5 0.0578125 0.12890625 0.115625 0.0703125
5 0.08359375 0.03046875 0.0640625 0.0609375
5 0.01640625 0.0375 0.0328125 0.075
5 0.02578125 0.04765625 0.0515625 0.0859375
5 0.05 0.15390625 0.1 0.1078125
5 0.03046875 0.01171875 0.0609375 0.0234375
3 0.42578125 0.01484375 0.0515625 0.0296875
3 0.453125 0.01796875 0.065625 0.0359375
2 0.97265625 0.9359375 0.0546875 0.128125
2 0.85078125 0.90703125 0.0453125 0.1796875
2 0.7453125 0.875 0.059375 0.1578125
2 0.90703125 0.6953125 0.1734375 0.271875
2 0.5796875 0.64140625 0.359375 0.2078125
2 0.48828125 0.89296875 0.1765625 0.2140625
2 0.4359375 0.65546875 0.071875 0.1953125
2 0.60546875 0.42109375 0.2109375 0.0828125
2 0.94296875 0.45859375 0.1140625 0.1359375