5 0.37265625 0.04921875 0.1546875 0.09375
5 0.25546875 0.04296875 0.0765625 0.05625
5 0.1828125 0.03125 0.0828125 0.0578125
5 0.0953125 0.021875 0.075 0.04375
5 0.03046875 0.06875 0.0609375 0.08125
5 0.1203125 0.11484375 0.071875 0.096875
5 0.221875 0.2328125 0.1125 0.153125
5 0.3578125 0.31640625 0.134375 0.153125
5 0.44296875 0.4796875 0.0921875 0.171875
5 0.08671875 0.24296875 0.125 0.23125
5 0.3625 0.5515625 0.18125 0.1859375
0 0.52421875 0.22109375 0.0703125 0.0859375
0 0.8859375 0.165625 0.103125 0.078125
0 0.56796875 0.4125 0.1578125 0.1125
0 0.53203125 0.4734375 0.0859375 0.171875
0 0.6078125 0.17734375 0.1890625 0.0890625
2 0.25 0.79453125 0.246875 0.2515625
2 0.23359375 0.68828125 0.1859375 0.0390625
2 0.41640625 0.69453125 0.1453125 0.0515625
2 0.44140625 0.7578125 0.0953125 0.178125
2 0.3109375 0.709375 0.315625 0.08125
2 0.05703125 0.71484375 0.1140625 0.0921875
3 0.61640625 0.84296875 0.090625 0.2390625
3 0.93671875 0.72265625 0.1078125 0.1078125
3 0.8734375 0.95234375 0.078125 0.0953125