5 0.31015625 0.0328125 0.3578125 0.065625
5 0.078125 0.04296875 0.15625 0.0859375
5 0.275 0.0265625 0.428125 0.053125
5 0.078125 0.01640625 0.15625 0.0328125
5 0.04765625 0.0203125 0.0953125 0.040625
5 0.13203125 0.4140625 0.2640625 0.2125
5 0.23359375 0.2109375 0.1828125 0.2609375
5 0.04453125 0.371875 0.0890625 0.3125
5 0.05546875 0.15703125 0.1109375 0.1578125
1 0.74453125 0.30859375 0.5109375 0.6171875
1 0.74765625 0.44453125 0.5046875 0.4109375
5 0.3828125 0.97421875 0.109375 0.0515625
5 0.25625 0.984375 0.1625 0.03125
5 0.11640625 0.9921875 0.1265625 0.015625
2 0.92421875 0.71015625 0.1515625 0.1203125