5 0.03984375 0.26640625 0.0796875 0.1609375
5 0.04375 0.415625 0.0875 0.10625
5 0.94140625 0.096875 0.1171875 0.19375
5 0.6921875 0.2984375 0.2359375 0.3140625
5 0.684375 0.0234375 0.35 0.046875
5 0.55390625 0.046875 0.0890625 0.09375
5 0.559375 0.06640625 0.1 0.1328125
5 0.6 0.4109375 0.18125 0.115625
5 0.8234375 0.26875 0.21875 0.178125
5 0.9375 0.10859375 0.125 0.2109375
5 0.35703125 0.48125 0.2328125 0.025
5 0.371875 0.5109375 0.275 0.084375
5 0.31171875 0.93828125 0.3953125 0.1234375
5 0.31953125 0.7015625 0.3109375 0.23125
2 0.5359375 0.76875 0.053125 0.4625
2 0.54375 0.76484375 0.06875 0.4703125
2 0.62109375 0.76796875 0.0703125 0.4640625
2 0.78828125 0.76875 0.1796875 0.4625
2 0.96015625 0.76796875 0.0796875 0.4640625
2 0.83125 0.54375 0.246875 0.15
2 0.59296875 0.5484375 0.1671875 0.159375
2 0.56015625 0.5453125 0.1015625 0.153125
2 0.84765625 0.49765625 0.3046875 0.0578125
2 0.57890625 0.49375 0.1390625 0.05