5 0.03515625 0.4875 0.0703125 0.1
5 0.11328125 0.403125 0.115625 0.0953125
5 0.1765625 0.5359375 0.0546875 0.0546875
5 0.16484375 0.6453125 0.053125 0.0703125
5 0.2546875 0.51171875 0.071875 0.1265625
5 0.353125 0.49765625 0.109375 0.090625
5 0.48125 0.48671875 0.11875 0.109375
5 0.29609375 0.63828125 0.0921875 0.1015625
5 0.4140625 0.65234375 0.109375 0.053125
5 0.5390625 0.62890625 0.0921875 0.0671875
5 0.6703125 0.61953125 0.0953125 0.08125
5 0.8109375 0.63125 0.1296875 0.075
5 0.93203125 0.63046875 0.0828125 0.090625
5 0.94453125 0.52421875 0.0921875 0.1296875
5 0.86953125 0.48515625 0.1078125 0.2078125
5 0.76640625 0.4859375 0.084375 0.18125
5 0.68515625 0.4671875 0.0625 0.1546875
5 0.62734375 0.4703125 0.0578125 0.140625
5 0.5671875 0.4796875 0.0671875 0.1296875
5 0.96875 0.4171875 0.0625 0.078125
5 0.03671875 0.82109375 0.0390625 0.08125