5 0.08515625 0.0140625 0.1078125 0.028125
5 0.0234375 0.015625 0.046875 0.03125
5 0.021875 0.0171875 0.04375 0.034375
5 0.0296875 0.0203125 0.059375 0.040625
5 0.02109375 0.0125 0.0421875 0.025
5 0.03203125 0.0203125 0.0640625 0.040625
5 0.015625 0.03671875 0.03125 0.0734375
5 0.015625 0.01640625 0.03125 0.0328125
5 0.01953125 0.0203125 0.0390625 0.040625
5 0.0203125 0.01640625 0.040625 0.0328125
5 0.01796875 0.0203125 0.0359375 0.040625
5 0.0265625 0.03125 0.053125 0.0625
5 0.0265625 0.196875 0.053125 0.134375
5 0.02578125 0.14609375 0.0515625 0.0765625
5 0.01484375 0.04921875 0.0296875 0.0546875
5 0.0453125 0.01640625 0.090625 0.0328125
5 0.025 0.0390625 0.05 0.078125
5 0.11484375 0.01796875 0.1171875 0.0359375
5 0.13671875 0.021875 0.0859375 0.04375
5 0.05703125 0.0453125 0.1046875 0.090625
2 0.74375 0.03671875 0.18125 0.0734375
2 0.48828125 0.05 0.2515625 0.1
2 0.3875 0.0265625 0.075 0.053125
5 0.08984375 0.6203125 0.159375 0.1296875
5 0.01875 0.6125 0.0375 0.078125
5 0.02265625 0.58359375 0.0453125 0.0703125
5 0.021875 0.58046875 0.04375 0.0671875
5 0.0265625 0.6171875 0.053125 0.071875
5 0.0234375 0.7 0.046875 0.1375
5 0.2140625 0.9625 0.134375 0.075
5 0.078125 0.89375 0.10625 0.11875
5 0.0203125 0.81796875 0.040625 0.1015625
5 0.0171875 0.7609375 0.034375 0.0875
5 0.05546875 0.909375 0.1109375 0.18125
5 0.04140625 0.75234375 0.0828125 0.1828125
2 0.88984375 0.78046875 0.2203125 0.2609375
2 0.6078125 0.77265625 0.2671875 0.278125
2 0.5859375 0.5078125 0.228125 0.19375
2 0.88828125 0.55390625 0.2234375 0.1859375
2 0.74765625 0.3859375 0.21875 0.1125
2 0.64765625 0.309375 0.2078125 0.08125
2 0.80390625 0.97734375 0.3921875 0.0453125