5 0.828125 0.34453125 0.140625 0.1015625
5 0.746875 0.41484375 0.2078125 0.1171875
5 0.7046875 0.63671875 0.121875 0.1515625
5 0.39921875 0.77890625 0.29375 0.2796875
5 0.2078125 0.56484375 0.153125 0.1984375
5 0.35 0.46171875 0.2328125 0.128125
5 0.48984375 0.5125 0.2171875 0.128125
5 0.58046875 0.40625 0.1890625 0.109375
5 0.67578125 0.33515625 0.1609375 0.1203125
5 0.4296875 0.3484375 0.1109375 0.0859375
5 0.55546875 0.31015625 0.0625 0.028125
5 0.31640625 0.371875 0.128125 0.0828125
5 0.18203125 0.39609375 0.1125 0.1140625
5 0.08984375 0.42734375 0.1 0.125