5 0.97890625 0.30234375 0.0421875 0.0859375
5 0.8375 0.48203125 0.109375 0.11875
5 0.79765625 0.28671875 0.19375 0.134375
5 0.61875 0.25625 0.16875 0.1140625
5 0.471875 0.25859375 0.1765625 0.0875
5 0.30390625 0.23046875 0.1421875 0.0796875
5 0.15390625 0.2328125 0.1375 0.075
5 0.04765625 0.25078125 0.09375 0.0625
5 0.05859375 0.50859375 0.1171875 0.1046875
5 0.20390625 0.5015625 0.11875 0.1
5 0.328125 0.50234375 0.0921875 0.0921875
5 0.453125 0.5109375 0.09375 0.0921875
5 0.58515625 0.50390625 0.0984375 0.1
5 0.72734375 0.45625 0.20625 0.1625
5 0.53203125 0.5078125 0.1203125 0.1265625
5 0.3859375 0.5046875 0.1453125 0.146875
5 0.74453125 0.7125 0.1015625 0.075