5 0.18359375 0.253125 0.190625 0.1625
5 0.375 0.2484375 0.1453125 0.16875
5 0.50703125 0.23515625 0.090625 0.2109375
5 0.5140625 0.50234375 0.109375 0.1328125
5 0.36875 0.41796875 0.1109375 0.1359375
5 0.23828125 0.453125 0.115625 0.190625
5 0.096875 0.44609375 0.13125 0.2
5 0.0453125 0.2796875 0.090625 0.10625
5 0.02890625 0.5109375 0.0578125 0.0875
5 0.25625 0.5859375 0.121875 0.0703125
5 0.41875 0.6359375 0.1390625 0.1078125
5 0.52265625 0.59765625 0.0921875 0.1296875
5 0.03828125 0.35546875 0.0765625 0.1703125
5 0.49296875 0.0375 0.0328125 0.075
5 0.3828125 0.04765625 0.159375 0.0953125
5 0.19609375 0.05625 0.1546875 0.1125
5 0.0609375 0.06796875 0.121875 0.1359375
5 0.03359375 0.07578125 0.0671875 0.1515625
5 0.53828125 0.04609375 0.0609375 0.0921875
5 0.14296875 0.5984375 0.1203125 0.0859375
1 0.784375 0.375 0.43125 0.75
1 0.284375 0.875 0.56875 0.25
2 0.61953125 0.95 0.1015625 0.1
2 0.7140625 0.89609375 0.290625 0.1171875
2 0.95234375 0.86328125 0.0953125 0.2234375
2 0.740625 0.80234375 0.25 0.1046875
2 0.6171875 0.8234375 0.096875 0.146875
2 0.61015625 0.8046875 0.0828125 0.109375
2 0.61640625 0.81328125 0.0953125 0.1265625
2 0.61171875 0.79140625 0.0859375 0.0828125
2 0.73359375 0.7921875 0.2296875 0.084375
2 0.9578125 0.80859375 0.084375 0.1171875
2 0.946875 0.771875 0.10625 0.04375