5 0.346875 0.05 0.24375 0.1
5 0.31796875 0.02265625 0.1953125 0.0453125
5 0.1296875 0.05859375 0.159375 0.1171875
5 0.21796875 0.2171875 0.4359375 0.153125
5 0.01875 0.14453125 0.0375 0.0765625
5 0.0359375 0.04296875 0.071875 0.0859375
5 0.3046875 0.03984375 0.1625 0.0796875
5 0.103125 0.03984375 0.20625 0.0796875
1 0.55546875 0.22421875 0.1734375 0.0828125
1 0.546875 0.196875 0.15625 0.06875
1 0.60625 0.2484375 0.275 0.103125
1 0.62109375 0.33203125 0.3046875 0.1140625
1 0.77109375 0.31171875 0.4296875 0.1546875
1 0.80625 0.21328125 0.2828125 0.11875
1 0.93046875 0.2625 0.1390625 0.125
1 0.28671875 0.53125 0.3640625 0.203125
1 0.33828125 0.7890625 0.2609375 0.265625
1 0.26171875 0.88046875 0.4078125 0.2390625
1 0.5984375 0.92578125 0.2375 0.1484375
1 0.7734375 0.90859375 0.309375 0.1828125
1 0.6046875 0.95 0.271875 0.1
1 0.5875 0.86328125 0.2359375 0.1375