5 0.15859375 0.29765625 0.0953125 0.059375
5 0.32421875 0.4703125 0.0984375 0.096875
5 0.42734375 0.50625 0.0828125 0.065625
5 0.46015625 0.37265625 0.0578125 0.1453125
5 0.39375 0.14609375 0.0640625 0.0515625
5 0.2953125 0.15390625 0.0953125 0.053125
5 0.11796875 0.14453125 0.090625 0.0390625
5 0.01796875 0.146875 0.0359375 0.03125
5 0.22109375 0.61171875 0.1765625 0.0953125
5 0.38359375 0.5890625 0.1203125 0.0859375
5 0.38828125 0.24375 0.1203125 0.040625
5 0.48125 0.22578125 0.015625 0.0546875
1 0.74453125 0.3296875 0.5109375 0.659375
3 0.440625 0.71640625 0.096875 0.1140625
3 0.02890625 0.86953125 0.0578125 0.2609375
2 0.80546875 0.93671875 0.1171875 0.1265625
2 0.5625 0.77421875 0.146875 0.2296875
2 0.7515625 0.83125 0.23125 0.1875
2 0.93828125 0.85546875 0.1046875 0.13125