5 0.3296875 0.15546875 0.165625 0.1515625
5 0.4921875 0.13125 0.140625 0.1125
5 0.528125 0.01953125 0.14375 0.0390625
5 0.36015625 0.01953125 0.1671875 0.0390625
5 0.2 0.0109375 0.1125 0.021875
5 0.078125 0.12421875 0.084375 0.2484375
5 0.1390625 0.17109375 0.209375 0.0859375
4 0.72890625 0.03828125 0.1765625 0.0765625
4 0.7125 0.065625 0.225 0.13125
2 0.015625 0.8609375 0.03125 0.11875
2 0.48671875 0.92578125 0.1578125 0.1484375
5 0.92578125 0.5125 0.1078125 0.140625
5 0.80859375 0.51796875 0.0765625 0.078125
5 0.95 0.34609375 0.1 0.0546875
5 0.8203125 0.34921875 0.165625 0.0609375
5 0.84765625 0.37578125 0.1421875 0.0859375
5 0.68203125 0.36875 0.1484375 0.1
5 0.6453125 0.34609375 0.090625 0.0546875
5 0.63828125 0.35390625 0.0765625 0.0703125
5 0.634375 0.36015625 0.06875 0.0828125