5 0.31640625 0.09375 0.2296875 0.1875
5 0.4796875 0.08984375 0.078125 0.1796875
5 0.38359375 0.20703125 0.1625 0.1203125
5 0.484375 0.3140625 0.06875 0.221875
5 0.25 0.31328125 0.15625 0.2171875
5 0.078125 0.1375 0.15625 0.0875
5 0.0203125 0.23828125 0.040625 0.0921875
5 0.01953125 0.1875 0.0390625 0.140625
0 0.53359375 0.52421875 0.0296875 0.0703125
0 0.52890625 0.5515625 0.0203125 0.10625
0 0.76640625 0.5453125 0.0390625 0.0421875
0 0.8140625 0.596875 0.065625 0.025
0 0.5453125 0.5171875 0.053125 0.028125
0 0.546875 0.59296875 0.05625 0.0328125
1 0.259375 0.7640625 0.51875 0.309375
3 0.7875 0.734375 0.3625 0.25