5 0.371875 0.4421875 0.334375 0.275
5 0.090625 0.45078125 0.18125 0.2578125
5 0.30390625 0.1359375 0.1859375 0.096875
5 0.43828125 0.03203125 0.1421875 0.0640625
5 0.1 0.03046875 0.2 0.0546875
5 0.29375 0.015625 0.125 0.03125
5 0.02109375 0.01484375 0.0421875 0.0296875
5 0.00859375 0.015625 0.0171875 0.03125
5 0.090625 0.015625 0.18125 0.03125
5 0.30234375 0.01875 0.2171875 0.0375
1 0.7234375 0.38125 0.36875 0.396875
2 0.3265625 0.9765625 0.209375 0.046875
2 0.3453125 0.865625 0.225 0.146875
2 0.0484375 0.9078125 0.096875 0.14375
5 0.63828125 0.75 0.1984375 0.08125
5 0.846875 0.75234375 0.171875 0.05
5 0.97265625 0.740625 0.0546875 0.05