5 0.60859375 0.05 0.1203125 0.1
5 0.49453125 0.04609375 0.0859375 0.0921875
5 0.36796875 0.0453125 0.1421875 0.090625
5 0.34140625 0.07578125 0.1578125 0.0734375
5 0.1359375 0.08671875 0.109375 0.0734375
5 0.1875 0.06953125 0.11875 0.1390625
5 0.278125 0.040625 0.040625 0.08125
5 0.05703125 0.04296875 0.1140625 0.0859375
5 0.33125 0.25703125 0.2109375 0.209375
5 0.56015625 0.2515625 0.1734375 0.1640625
5 0.64296875 0.0578125 0.0515625 0.115625
5 0.5234375 0.075 0.153125 0.15
5 0.11328125 0.28515625 0.2265625 0.2328125
5 0.0609375 0.015625 0.121875 0.03125
1 0.8140625 0.46171875 0.290625 0.2953125
1 0.834375 0.50390625 0.33125 0.2109375
4 0.22421875 0.97421875 0.4046875 0.0515625
5 0.91484375 0.85078125 0.1703125 0.2984375
5 0.9671875 0.91484375 0.065625 0.1703125
5 0.9046875 0.82265625 0.0578125 0.1078125
5 0.90078125 0.63515625 0.0796875 0.0515625