5 0.42890625 0.0140625 0.1078125 0.028125
5 0.34765625 0.015625 0.0859375 0.03125
5 0.25859375 0.0171875 0.0890625 0.034375
5 0.2046875 0.025 0.11875 0.05
5 0.09296875 0.03671875 0.0875 0.0515625
5 0.04140625 0.09921875 0.0828125 0.0828125
5 0.015625 0.2328125 0.03125 0.146875
5 0.0328125 0.26328125 0.0640625 0.06875
5 0.0875 0.22734375 0.0796875 0.084375
5 0.18203125 0.15859375 0.0828125 0.06875
5 0.26171875 0.29921875 0.075 0.084375
5 0.084375 0.4359375 0.109375 0.0859375
5 0.11328125 0.5625 0.1078125 0.034375
5 0.2125 0.5515625 0.103125 0.05625
5 0.29296875 0.465625 0.0609375 0.0546875
5 0.3796875 0.3890625 0.109375 0.0671875
5 0.3453125 0.09375 0.096875 0.15625
5 0.45859375 0.01796875 0.1171875 0.0359375
5 0.48046875 0.021875 0.0859375 0.04375
5 0.40078125 0.27109375 0.1046875 0.18125
2 0.64296875 0.5234375 0.0265625 0.1125
2 0.88359375 0.5484375 0.1578125 0.0625
0 0.2625 0.6625 0.0625 0.0984375
0 0.37421875 0.7828125 0.071875 0.1140625
0 0.540625 0.7984375 0.1578125 0.0875
0 0.0875 0.7828125 0.1046875 0.1421875
0 0.29375 0.9671875 0.10625 0.065625
0 0.55078125 0.59375 0.0640625 0.028125
0 0.25546875 0.60625 0.1234375 0.053125
0 0.11328125 0.60625 0.0796875 0.053125
0 0.025 0.7625 0.05 0.078125
0 0.61484375 0.928125 0.0296875 0.1
0 0.01953125 0.60546875 0.0390625 0.0515625
0 0.50078125 0.5984375 0.0953125 0.0375
0 0.40234375 0.603125 0.0671875 0.046875
0 0.48671875 0.63359375 0.0828125 0.075
0 0.23359375 0.77578125 0.0703125 0.0921875
3 0.67109375 0.84296875 0.0828125 0.3140625
3 0.8859375 0.65546875 0.228125 0.1515625
3 0.6625 0.65234375 0.065625 0.1453125
3 0.90078125 0.85625 0.090625 0.1828125