5 0.0328125 0.01796875 0.065625 0.0359375
5 0.0203125 0.0265625 0.040625 0.053125
5 0.071875 0.0328125 0.125 0.065625
5 0.246875 0.04296875 0.165625 0.0859375
5 0.3125 0.146875 0.1265625 0.20625
5 0.2109375 0.33046875 0.121875 0.115625
5 0.15859375 0.4484375 0.0953125 0.08125
5 0.30703125 0.0484375 0.0859375 0.096875
5 0.23828125 0.23828125 0.1109375 0.16875
5 0.165625 0.42265625 0.0890625 0.13125
5 0.67109375 0.0890625 0.1046875 0.178125
5 0.6515625 0.384375 0.065625 0.209375
5 0.65625 0.21328125 0.075 0.1390625
2 0.03359375 0.8140625 0.0671875 0.371875
2 0.025 0.80390625 0.05 0.3921875
2 0.04296875 0.8640625 0.0859375 0.2375
2 0.14921875 0.60546875 0.1359375 0.165625
2 0.31328125 0.58203125 0.1359375 0.1859375
2 0.45234375 0.63515625 0.103125 0.15625
2 0.51796875 0.51484375 0.2015625 0.0515625
2 0.084375 0.52109375 0.15 0.0640625
2 0.02890625 0.5578125 0.0578125 0.1375
2 0.3375 0.5171875 0.15625 0.05625
2 0.5578125 0.5078125 0.121875 0.0375
2 0.28515625 0.746875 0.1703125 0.1375
3 0.809375 0.89609375 0.38125 0.2078125
3 0.83125 0.7046875 0.3375 0.265625
3 0.853125 0.55546875 0.29375 0.1328125
3 0.87265625 0.51328125 0.2546875 0.0484375
3 0.8875 0.50546875 0.225 0.0328125
3 0.88359375 0.52421875 0.1546875 0.0703125