5 0.0359375 0.00625 0.071875 0.0125
5 0.0328125 0.0125 0.065625 0.025
5 0.03984375 0.00625 0.0796875 0.0125
5 0.03203125 0.01875 0.0640625 0.0375
5 0.0484375 0.025 0.096875 0.05
5 0.02890625 0.0265625 0.0578125 0.053125
5 0.025 0.003125 0.05 0.00625
4 0.515625 0.03671875 0.2125 0.0734375
4 0.7015625 0.015625 0.075 0.03125
0 0.89375 0.56640625 0.2125 0.1140625
0 0.75546875 0.5453125 0.1671875 0.071875
0 0.78125 0.6578125 0.2453125 0.1328125
0 0.959375 0.63828125 0.08125 0.1546875
0 0.68984375 0.896875 0.175 0.125
0 0.4578125 0.8546875 0.096875 0.1125
0 0.9359375 0.88828125 0.1109375 0.1375
0 0.56171875 0.5484375 0.1796875 0.078125
0 0.5078125 0.965625 0.18125 0.06875