5 0.15546875 0.059375 0.0765625 0.1140625
5 0.0890625 0.02265625 0.084375 0.0453125
5 0.0359375 0.02578125 0.071875 0.0515625
5 0.01796875 0.01484375 0.0359375 0.0296875
5 0.0140625 0.02265625 0.028125 0.0453125
5 0.16796875 0.02109375 0.0484375 0.0421875
5 0.08984375 0.025 0.0921875 0.05
5 0.02109375 0.0328125 0.0421875 0.065625
5 0.01484375 0.01953125 0.0296875 0.0390625
5 0.15 0.01875 0.084375 0.0375
5 0.06875 0.01953125 0.08125 0.0390625
5 0.01875 0.0203125 0.0375 0.040625
5 0.01328125 0.01640625 0.0265625 0.0328125
5 0.009375 0.0109375 0.01875 0.021875
5 0.0234375 0.00859375 0.046875 0.0171875
5 0.121875 0.01015625 0.125 0.0203125
5 0.0328125 0.0171875 0.065625 0.034375
5 0.965625 0.41015625 0.06875 0.0578125
5 0.5734375 0.40078125 0.1125 0.0765625
5 0.53359375 0.4265625 0.0484375 0.025
5 0.88828125 0.41484375 0.0875 0.04375
3 0.02109375 0.4765625 0.0421875 0.075
5 0.9515625 0.69453125 0.090625 0.0828125
5 0.82265625 0.709375 0.1140625 0.078125
5 0.72109375 0.703125 0.0796875 0.1234375
5 0.6265625 0.71796875 0.096875 0.0609375
5 0.5359375 0.73359375 0.053125 0.0890625
5 0.53046875 0.73828125 0.0421875 0.0796875
5 0.52421875 0.82890625 0.0296875 0.0828125