5 0.0515625 0.35625 0.103125 0.2375
5 0.0453125 0.41015625 0.090625 0.1203125
5 0.13984375 0.40859375 0.0734375 0.0828125
5 0.04140625 0.11953125 0.0828125 0.2109375
5 0.08203125 0.11484375 0.1640625 0.2296875
5 0.24765625 0.12421875 0.14375 0.2140625
5 0.25546875 0.33203125 0.1953125 0.165625
5 0.35703125 0.1359375 0.0453125 0.215625
0 0.396875 0.33359375 0.034375 0.1203125
0 0.396875 0.51953125 0.034375 0.0609375
0 0.39140625 0.46875 0.0234375 0.053125
0 0.390625 0.40546875 0.021875 0.1078125
0 0.3921875 0.44609375 0.025 0.0796875
0 0.39609375 0.3796875 0.0328125 0.053125
0 0.6015625 0.478125 0.034375 0.103125
0 0.446875 0.4796875 0.034375 0.140625
0 0.42421875 0.24375 0.0359375 0.053125
0 0.56015625 0.49375 0.0328125 0.1125
0 0.75703125 0.3671875 0.0609375 0.090625
0 0.74609375 0.525 0.0703125 0.05
0 0.846875 0.29375 0.053125 0.0796875
0 0.83515625 0.43984375 0.0546875 0.2125
0 0.9921875 0.35234375 0.015625 0.2765625
0 0.89375 0.0234375 0.05 0.046875
0 0.93984375 0.06875 0.03125 0.090625
0 0.6671875 0.08125 0.0625 0.1625
0 0.5640625 0.12734375 0.075 0.115625
0 0.39453125 0.03984375 0.0296875 0.0796875
0 0.3984375 0.053125 0.0375 0.10625
0 0.3921875 0.0921875 0.025 0.14375
0 0.4296875 0.09140625 0.04375 0.1359375
0 0.4734375 0.09609375 0.028125 0.1265625
0 0.7703125 0.0125 0.046875 0.025
0 0.94453125 0.36171875 0.0484375 0.1390625
0 0.45 0.03125 0.059375 0.0625
0 0.553125 0.03203125 0.06875 0.0640625
0 0.65234375 0.0390625 0.0609375 0.078125
0 0.74140625 0.02734375 0.0703125 0.0546875
0 0.56484375 0.2640625 0.0390625 0.0796875
0 0.6171875 0.32578125 0.0453125 0.078125
0 0.52109375 0.29296875 0.046875 0.05
0 0.3875 0.3171875 0.015625 0.065625
0 0.3890625 0.2796875 0.01875 0.053125
0 0.39296875 0.1515625 0.0265625 0.1125
0 0.39765625 0.146875 0.0359375 0.11875
0 0.79140625 0.13671875 0.04375 0.0703125
5 0.04609375 0.85 0.0921875 0.096875
5 0.2484375 0.84375 0.096875 0.0703125
5 0.21484375 0.74453125 0.0859375 0.0859375
5 0.0734375 0.74453125 0.14375 0.0671875
5 0.0515625 0.74453125 0.103125 0.0546875
5 0.03046875 0.70625 0.0609375 0.0625
5 0.01796875 0.68671875 0.0359375 0.0609375
5 0.00859375 0.7046875 0.0171875 0.065625
5 0.05234375 0.63515625 0.1046875 0.0640625
5 0.05390625 0.63203125 0.1078125 0.0765625
5 0.20546875 0.64453125 0.28125 0.090625
1 0.8953125 0.775 0.209375 0.45
1 0.6203125 0.775 0.48125 0.45