5 0.390625 0.45703125 0.2078125 0.38125
5 0.565625 0.678125 0.1140625 0.24375
5 0.446875 0.50625 0.1109375 0.2234375
5 0.3609375 0.38671875 0.0578125 0.1078125
5 0.09296875 0.771875 0.1859375 0.3328125
5 0.10078125 0.85 0.1671875 0.23125
5 0.3578125 0.09453125 0.078125 0.1046875
5 0.85546875 0.7453125 0.15 0.203125
5 0.953125 0.8640625 0.0921875 0.1828125
5 0.84453125 0.74453125 0.0984375 0.1671875
5 0.715625 0.56015625 0.1171875 0.1515625
5 0.60234375 0.40234375 0.0859375 0.14375
5 0.4890625 0.26328125 0.0890625 0.1421875