5 0.234375 0.60390625 0.065625 0.215625
5 0.334375 0.7390625 0.109375 0.2421875
5 0.48828125 0.80703125 0.1796875 0.315625
5 0.68046875 0.878125 0.1328125 0.24375
5 0.90859375 0.88203125 0.1828125 0.2359375
5 0.78359375 0.9265625 0.0625 0.146875
5 0.34609375 0.93984375 0.1296875 0.1203125
5 0.09453125 0.6671875 0.128125 0.103125
5 0.1109375 0.80859375 0.2 0.140625
5 0.1609375 0.94296875 0.178125 0.1
5 0.1234375 0.4921875 0.090625 0.1515625
5 0.428125 0.196875 0.146875 0.1984375
5 0.2796875 0.38671875 0.0953125 0.1734375
5 0.57109375 0.05703125 0.171875 0.1140625