5 0.74375 0.55234375 0.1015625 0.1609375
5 0.84765625 0.265625 0.05625 0.0890625
5 0.93828125 0.4046875 0.0265625 0.08125
5 0.77734375 0.38203125 0.0671875 0.1
5 0.77109375 0.284375 0.046875 0.0796875
5 0.67265625 0.271875 0.0828125 0.0875
5 0.634375 0.3765625 0.0765625 0.04375
5 0.65703125 0.5765625 0.05625 0.090625
5 0.60546875 0.54296875 0.05625 0.1375
5 0.5609375 0.53671875 0.075 0.0984375
5 0.49765625 0.53671875 0.0453125 0.04375
5 0.4921875 0.3765625 0.05625 0.04375
5 0.578125 0.38046875 0.05 0.04375
5 0.59921875 0.3109375 0.0609375 0.0390625
5 0.36875 0.35546875 0.11875 0.0890625
5 0.25625 0.359375 0.0859375 0.0671875
5 0.22265625 0.44609375 0.13125 0.078125
5 0.3171875 0.4578125 0.0546875 0.0484375
5 0.3859375 0.49453125 0.0234375 0.028125
5 0.428125 0.48828125 0.0234375 0.0328125
5 0.1109375 0.38125 0.05 0.0703125