5 0.9546875 0.203125 0.090625 0.2015625
5 0.83046875 0.1953125 0.1296875 0.2265625
5 0.67890625 0.190625 0.1234375 0.2015625
5 0.56328125 0.196875 0.0859375 0.1859375
5 0.4375 0.1953125 0.1421875 0.1828125
5 0.41015625 0.42578125 0.159375 0.0734375
5 0.2046875 0.43671875 0.109375 0.0734375
5 0.25703125 0.2390625 0.1171875 0.28125
5 0.34765625 0.18359375 0.040625 0.1640625
5 0.09140625 0.19453125 0.1828125 0.175
5 0.4 0.60703125 0.2109375 0.209375
5 0.62890625 0.6015625 0.1734375 0.1640625
5 0.871875 0.58359375 0.240625 0.153125
5 0.9453125 0.36171875 0.0953125 0.15
5 0.73515625 0.37890625 0.0984375 0.1765625
5 0.59296875 0.4078125 0.153125 0.1859375
5 0.1484375 0.6359375 0.2953125 0.23125
5 0.10234375 0.3234375 0.178125 0.0625