5 0.34921875 0.06015625 0.1796875 0.1203125
5 0.13828125 0.0625 0.1765625 0.125
2 0.7359375 0.04921875 0.359375 0.0984375
2 0.9578125 0.11640625 0.084375 0.2171875
2 0.91015625 0.41640625 0.1796875 0.2515625
2 0.7625 0.22421875 0.3078125 0.1484375
2 0.6390625 0.45078125 0.328125 0.20625
2 0.50703125 0.14375 0.1359375 0.071875
2 0.525 0.3390625 0.171875 0.13125
2 0.4890625 0.0515625 0.1 0.103125
0 0.028125 0.8953125 0.05625 0.103125
0 0.13359375 0.8734375 0.06875 0.059375
5 0.90390625 0.68359375 0.078125 0.2296875
5 0.98515625 0.67265625 0.0296875 0.2265625
5 0.96171875 0.72578125 0.0734375 0.128125
5 0.97421875 0.8578125 0.0515625 0.10625
5 0.975 0.9671875 0.05 0.065625
5 0.9203125 0.85703125 0.065625 0.0765625
5 0.86328125 0.9515625 0.0453125 0.096875
5 0.81875 0.915625 0.115625 0.16875
5 0.65234375 0.95703125 0.1140625 0.0859375
5 0.45546875 0.884375 0.0328125 0.125
5 0.5078125 0.8484375 0.0796875 0.06875
5 0.49296875 0.959375 0.0765625 0.08125
5 0.45859375 0.95234375 0.0390625 0.0796875
5 0.5875 0.83984375 0.0796875 0.1140625
5 0.834375 0.771875 0.1171875 0.1015625