5 0.18359375 0.04609375 0.3671875 0.0921875
5 0.0953125 0.15234375 0.190625 0.3046875
5 0.2390625 0.31015625 0.371875 0.4265625
5 0.47890625 0.1875 0.0796875 0.2875
1 0.71328125 0.2796875 0.3890625 0.559375
1 0.759375 0.2796875 0.48125 0.559375
1 0.56953125 0.0421875 0.1015625 0.084375
1 0.61640625 0.0671875 0.1953125 0.134375
5 0.41953125 0.73828125 0.1984375 0.3578125
5 0.159375 0.7375 0.2625 0.35625
5 0.04375 0.7546875 0.0875 0.390625
5 0.05 0.73828125 0.1 0.3578125
3 0.68046875 0.675 0.1515625 0.23125