5 0.478125 0.22578125 0.0625 0.0921875
5 0.33828125 0.23515625 0.2015625 0.125
5 0.1015625 0.20859375 0.203125 0.0890625
5 0.1703125 0.39765625 0.171875 0.1140625
5 0.0453125 0.39921875 0.090625 0.1015625
5 0.4109375 0.3453125 0.13125 0.1
5 0.12578125 0.5 0.1203125 0.0953125
5 0.0390625 0.50625 0.078125 0.090625
5 0.303125 0.4015625 0.06875 0.11875
5 0.28984375 0.225 0.30625 0.0734375
5 0.01953125 0.27265625 0.0390625 0.1109375
5 0.721875 0.565625 0.165625 0.0875
5 0.884375 0.56328125 0.140625 0.0921875
5 0.92421875 0.05703125 0.1515625 0.0796875
5 0.75234375 0.05234375 0.1671875 0.0796875
5 0.59296875 0.0546875 0.1140625 0.0453125
5 0.53046875 0.3703125 0.0421875 0.478125
5 0.57265625 0.58984375 0.1265625 0.0390625
3 0.2625 0.7796875 0.49375 0.340625
1 0.63984375 0.7375 0.2609375 0.10625
1 0.80703125 0.83984375 0.3859375 0.2234375
1 0.7546875 0.92265625 0.490625 0.1546875
1 0.63515625 0.834375 0.2515625 0.175
1 0.80859375 0.68671875 0.3828125 0.1453125
1 0.8234375 0.6375 0.353125 0.05625