5 0.46171875 0.321875 0.0546875 0.103125
5 0.30078125 0.32109375 0.1109375 0.0890625
5 0.17421875 0.325 0.1640625 0.0546875
5 0.16875 0.42109375 0.175 0.0890625
5 0.0484375 0.34140625 0.096875 0.0578125
5 0.04453125 0.41796875 0.0890625 0.0484375
5 0.01953125 0.34765625 0.0390625 0.0515625
5 0.0328125 0.41015625 0.065625 0.0421875
2 0.6953125 0.184375 0.4125 0.10625
2 0.87890625 0.06484375 0.2421875 0.1296875
2 0.859375 0.35078125 0.28125 0.2046875
2 0.53515625 0.05 0.0921875 0.1
2 0.66484375 0.0296875 0.1390625 0.059375
2 0.62109375 0.07421875 0.115625 0.140625
2 0.04296875 0.6109375 0.0859375 0.24375
2 0.140625 0.825 0.11875 0.35
2 0.28359375 0.93828125 0.1515625 0.1234375
2 0.06015625 0.90703125 0.1203125 0.1859375
2 0.025 0.72890625 0.05 0.2609375
2 0.025 0.9 0.05 0.2
2 0.0125 0.9421875 0.025 0.115625
2 0.51953125 0.53515625 0.0609375 0.0921875
2 0.70703125 0.57265625 0.2859375 0.1671875
2 0.9484375 0.61796875 0.103125 0.2203125
2 0.925 0.85859375 0.15 0.2828125
2 0.64609375 0.89375 0.3140625 0.209375