5 0.05859375 0.146875 0.1171875 0.11875
5 0.040625 0.1109375 0.08125 0.08125
5 0.059375 0.22265625 0.11875 0.0953125
5 0.03984375 0.1734375 0.0796875 0.11875
5 0.021875 0.11484375 0.04375 0.1421875
5 0.153125 0.16484375 0.0984375 0.05625
5 0.0671875 0.35703125 0.134375 0.1546875
5 0.02734375 0.2921875 0.0546875 0.046875
0 0.634375 0.13203125 0.196875 0.2640625
0 0.51328125 0.34765625 0.1265625 0.1
0 0.53125 0.4890625 0.184375 0.159375
0 0.67890625 0.46953125 0.0859375 0.1984375
0 0.3765625 0.328125 0.115625 0.153125
2 0.14765625 0.91796875 0.1359375 0.1640625
2 0.92109375 0.834375 0.1578125 0.1
2 0.45 0.88046875 0.2625 0.1171875
2 0.9265625 0.69609375 0.146875 0.1453125
2 0.4734375 0.73984375 0.19375 0.14375