5 0.01015625 0.009375 0.0203125 0.01875
5 0.00390625 0.0078125 0.0078125 0.015625
5 0.0046875 0.0046875 0.009375 0.009375
5 0.00546875 0.0046875 0.0109375 0.009375
5 0.0046875 0.0046875 0.009375 0.009375
3 0.54921875 0.321875 0.2796875 0.64375
3 0.88984375 0.41953125 0.2203125 0.5203125
5 0.00625 0.6828125 0.0125 0.00625
5 0.00703125 0.6828125 0.0140625 0.00625
5 0.0078125 0.68203125 0.015625 0.0046875
5 0.00703125 0.6828125 0.0140625 0.00625
5 0.00390625 0.68203125 0.0078125 0.0046875
5 0.009375 0.6828125 0.01875 0.00625
5 0.00859375 0.6828125 0.0171875 0.00625
1 0.87421875 0.86328125 0.2515625 0.2734375