5 0.46875 0.3515625 0.040625 0.1375
5 0.3859375 0.37890625 0.078125 0.08125
0 0.89453125 0.18046875 0.1203125 0.2421875
0 0.96484375 0.03359375 0.0640625 0.0671875
2 0.0265625 0.88125 0.053125 0.2375
2 0.034375 0.87734375 0.06875 0.2453125
2 0.06484375 0.88046875 0.0703125 0.2390625
2 0.23203125 0.88125 0.1796875 0.2375
2 0.421875 0.88046875 0.115625 0.2390625
2 0.43828125 0.58515625 0.1015625 0.2984375
2 0.27578125 0.584375 0.246875 0.3
2 0.06015625 0.5875 0.1203125 0.315625
2 0.05078125 0.5890625 0.1015625 0.30625
2 0.3140625 0.45859375 0.35 0.0578125
2 0.06953125 0.4546875 0.1390625 0.05
4 0.51015625 0.79140625 0.0421875 0.1234375
4 0.54609375 0.6515625 0.1078125 0.121875
4 0.67265625 0.61796875 0.059375 0.0671875
4 0.7953125 0.653125 0.1375 0.08125
4 0.9375 0.6453125 0.1125 0.065625
4 0.940625 0.759375 0.11875 0.134375
4 0.9421875 0.8671875 0.115625 0.053125
4 0.95390625 0.95390625 0.08125 0.0703125
4 0.5046875 0.75 0.03125 0.10625