5 0.22109375 0.34296875 0.2234375 0.153125
5 0.05078125 0.19140625 0.1015625 0.2703125
5 0.315625 0.1875 0.146875 0.21875
5 0.134375 0.09765625 0.159375 0.1953125
5 0.04375 0.03203125 0.0875 0.0640625
5 0.28515625 0.034375 0.1109375 0.06875
1 0.44375 0.38671875 0.109375 0.0859375
1 0.4875 0.384375 0.196875 0.090625
1 0.77578125 0.37265625 0.3109375 0.1140625
1 0.85859375 0.2609375 0.2828125 0.1125
1 0.4453125 0.2109375 0.1125 0.13125
1 0.59453125 0.1265625 0.1203125 0.0828125
1 0.43359375 0.20078125 0.0890625 0.1296875
1 0.4296875 0.240625 0.08125 0.14375
1 0.0546875 0.96484375 0.109375 0.0703125
1 0.06328125 0.9625 0.1265625 0.075
1 0.13984375 0.95078125 0.2796875 0.0984375
1 0.209375 0.84765625 0.2875 0.1125
1 0.05625 0.796875 0.1125 0.13125
1 0.0296875 0.71171875 0.059375 0.0828125
1 0.0390625 0.78671875 0.078125 0.1296875
1 0.040625 0.8265625 0.08125 0.14375
1 0.853125 0.71328125 0.29375 0.3390625