5 0.165625 0.43671875 0.2125 0.1265625
5 0.24140625 0.26875 0.13125 0.0625
5 0.39375 0.30625 0.096875 0.05625
5 0.4828125 0.465625 0.090625 0.071875
5 0.65234375 0.49296875 0.0359375 0.05625
5 0.76640625 0.4921875 0.15625 0.0984375
5 0.93515625 0.51328125 0.1296875 0.0984375
5 0.57578125 0.92265625 0.328125 0.1546875
5 0.3578125 0.9703125 0.1046875 0.059375
5 0.125 0.94453125 0.209375 0.1109375
5 0.07265625 0.134375 0.1453125 0.0890625
5 0.25546875 0.1421875 0.3375 0.13125
5 0.60703125 0.27265625 0.2296875 0.09375
5 0.7921875 0.4015625 0.40625 0.1