5 0.05 0.03984375 0.1 0.0796875
5 0.1796875 0.04921875 0.11875 0.0984375
5 0.3015625 0.11484375 0.18125 0.2296875
5 0.4578125 0.19609375 0.1203125 0.2609375
1 0.6453125 0.05625 0.190625 0.1125
1 0.70546875 0.05390625 0.3109375 0.1078125
1 0.85234375 0.0546875 0.2953125 0.109375
1 0.89140625 0.096875 0.2171875 0.19375
1 0.775 0.09140625 0.45 0.1828125
1 0.67109375 0.1171875 0.2421875 0.234375
1 0.73203125 0.2484375 0.3640625 0.203125
1 0.775 0.21875 0.45 0.2625
3 0.1296875 0.62890625 0.259375 0.4578125
1 0.775 0.675 0.45 0.65