5 0.4578125 0.12578125 0.33125 0.1140625
5 0.825 0.12890625 0.35 0.121875
5 0.7703125 0.41796875 0.421875 0.1125
5 0.79296875 0.65234375 0.2890625 0.2140625
5 0.54453125 0.66875 0.1015625 0.209375
5 0.26484375 0.69296875 0.165625 0.153125
5 0.26953125 0.43046875 0.2078125 0.096875
5 0.4578125 0.48203125 0.1546875 0.171875
5 0.08671875 0.37109375 0.1734375 0.1125
5 0.19296875 0.11015625 0.1328125 0.0953125
5 0.05078125 0.09921875 0.1015625 0.084375
5 0.21328125 0.2640625 0.1234375 0.16875
5 0.059375 0.684375 0.109375 0.1359375
5 0.15703125 0.56171875 0.1203125 0.1359375
5 0.21015625 0.92734375 0.4203125 0.1296875