5 0.45078125 0.26640625 0.14375 0.15625
5 0.584375 0.2359375 0.109375 0.1359375
5 0.75 0.234375 0.1828125 0.1921875
5 0.903125 0.24296875 0.1046875 0.0984375
5 0.965625 0.653125 0.0640625 0.2828125
5 0.953125 0.921875 0.09375 0.1328125
5 0.86328125 0.62890625 0.1109375 0.1484375
5 0.74375 0.6390625 0.0953125 0.1765625
5 0.64140625 0.68828125 0.0984375 0.1484375
5 0.7203125 0.9390625 0.246875 0.121875
5 0.56171875 0.94921875 0.0484375 0.1015625
5 0.5078125 0.68671875 0.1203125 0.2109375
5 0.41484375 0.675 0.096875 0.1578125
5 0.328125 0.69296875 0.115625 0.078125
5 0.14609375 0.9515625 0.0828125 0.096875
5 0.0546875 0.9609375 0.109375 0.078125
5 0.2078125 0.56953125 0.1234375 0.1484375
5 0.07421875 0.54296875 0.1484375 0.0953125
5 0.28671875 0.225 0.1296875 0.109375
5 0.16484375 0.1984375 0.1328125 0.1421875
5 0.0390625 0.19140625 0.078125 0.178125
5 0.20703125 0.3578125 0.2 0.084375
5 0.8796875 0.94375 0.065625 0.1125
5 0.35078125 0.97578125 0.0546875 0.0484375