5 0.278125 0.109375 0.209375 0.21875
5 0.43984375 0.1546875 0.09375 0.1203125
5 0.53515625 0.15234375 0.0734375 0.0828125
5 0.2203125 0.05234375 0.165625 0.1046875
5 0.43828125 0.05703125 0.2421875 0.1140625
5 0.61484375 0.053125 0.0890625 0.10625
5 0.60625 0.07890625 0.10625 0.1578125
0 0.95390625 0.02890625 0.0765625 0.0578125
0 0.9796875 0.17421875 0.040625 0.1109375
0 0.89375 0.2203125 0.0859375 0.140625
0 0.7015625 0.07109375 0.08125 0.059375
5 0.5078125 0.5515625 0.303125 0.265625
5 0.19921875 0.575 0.2828125 0.3125
5 0.059375 0.57421875 0.11875 0.3109375
5 0.01875 0.590625 0.0375 0.34375
2 0.925 0.775 0.15 0.190625
2 0.78671875 0.91171875 0.121875 0.0875