5 0.43828125 0.2875 0.0609375 0.103125
5 0.27421875 0.28671875 0.1109375 0.0875
5 0.14765625 0.290625 0.1640625 0.0546875
5 0.1421875 0.38671875 0.175 0.0890625
5 0.03515625 0.30703125 0.0703125 0.0578125
5 0.03359375 0.38359375 0.0671875 0.0484375
5 0.01953125 0.31328125 0.0390625 0.0515625
5 0.0328125 0.37578125 0.065625 0.0421875
3 0.8453125 0.31015625 0.309375 0.2859375
5 0.29765625 0.62265625 0.078125 0.203125
5 0.19296875 0.61171875 0.11875 0.184375
5 0.0953125 0.63359375 0.0640625 0.1546875
5 0.02109375 0.57578125 0.0421875 0.1140625
5 0.0453125 0.53984375 0.090625 0.0421875
5 0.05390625 0.540625 0.1078125 0.04375
5 0.23359375 0.53671875 0.1015625 0.0359375
5 0.346875 0.53046875 0.059375 0.0234375
5 0.35546875 0.5453125 0.1359375 0.053125
5 0.02109375 0.6171875 0.0421875 0.11875
5 0.04375 0.65 0.0875 0.071875
5 0.00859375 0.54453125 0.0171875 0.0515625
5 0.159375 0.5515625 0.059375 0.065625
1 0.734375 0.759375 0.53125 0.48125