5 0.94296875 0.39765625 0.1140625 0.1578125
5 0.9 0.525 0.2 0.165625
5 0.7859375 0.69375 0.1203125 0.240625
5 0.925 0.7484375 0.15 0.2625
5 0.6703125 0.72421875 0.10625 0.165625
5 0.72265625 0.40625 0.153125 0.2265625
5 0.5609375 0.4453125 0.165625 0.1765625
5 0.5578125 0.62890625 0.1640625 0.1453125
5 0.42109375 0.75390625 0.196875 0.1546875
5 0.64765625 0.846875 0.2109375 0.1328125
5 0.88828125 0.9140625 0.2234375 0.171875
5 0.2625 0.70390625 0.1703125 0.165625
5 0.1375 0.68515625 0.1265625 0.1171875
5 0.37265625 0.5421875 0.1484375 0.121875
5 0.4296875 0.66640625 0.1390625 0.0875
5 0.41015625 0.4265625 0.159375 0.1171875
5 0.2609375 0.5703125 0.1328125 0.1140625
5 0.1703125 0.45703125 0.16875 0.084375
5 0.1140625 0.57421875 0.1734375 0.134375
5 0.0578125 0.68515625 0.10625 0.0734375
5 0.86796875 0.14296875 0.2640625 0.109375
5 0.65703125 0.14453125 0.15625 0.065625
5 0.48828125 0.1640625 0.1390625 0.1265625
5 0.31875 0.14921875 0.159375 0.1546875
5 0.1453125 0.178125 0.1328125 0.1453125
5 0.65546875 0.04296875 0.109375 0.08125
5 0.5 0.040625 0.14375 0.08125