5 0.16171875 0.4078125 0.0625 0.1875
5 0.0265625 0.41328125 0.053125 0.0734375
5 0.0328125 0.290625 0.065625 0.090625
5 0.03515625 0.19140625 0.0703125 0.0890625
5 0.05625 0.1078125 0.1125 0.08125
5 0.1 0.034375 0.103125 0.06875
5 0.01796875 0.04140625 0.0359375 0.0828125
5 0.5625 0.26875 0.10625 0.125
5 0.55546875 0.10078125 0.0921875 0.0640625
5 0.6890625 0.1390625 0.096875 0.05625
5 0.778125 0.2984375 0.090625 0.0703125
5 0.94765625 0.32578125 0.0359375 0.0546875
5 0.5453125 0.021875 0.071875 0.04375
5 0.6140625 0.0328125 0.209375 0.065625
5 0.89375 0.1046875 0.2125 0.09375
5 0.9421875 0.23359375 0.115625 0.0984375
0 0.47734375 0.87421875 0.0640625 0.0921875
0 0.165625 0.92421875 0.08125 0.1
0 0.01640625 0.96015625 0.0328125 0.0640625
1 0.7546875 0.8234375 0.490625 0.353125