5 0.4609375 0.05390625 0.196875 0.1078125
5 0.240625 0.0578125 0.175 0.115625
5 0.04453125 0.253125 0.0890625 0.109375
5 0.07109375 0.059375 0.1421875 0.11875
5 0.23203125 0.3484375 0.4515625 0.1203125
5 0.5109375 0.33203125 0.096875 0.1390625
5 0.115625 0.50234375 0.23125 0.1140625
5 0.4171875 0.52578125 0.18125 0.0671875
5 0.02265625 0.5171875 0.0453125 0.084375
5 0.07265625 0.171875 0.1234375 0.090625
5 0.02734375 0.41953125 0.0546875 0.1390625
2 0.8015625 0.30625 0.0890625 0.225
2 0.9140625 0.25625 0.0859375 0.0953125
2 0.67109375 0.390625 0.121875 0.1921875
2 0.60234375 0.503125 0.0859375 0.1125
2 0.975 0.40546875 0.05 0.1359375
2 0.90078125 0.51640625 0.1984375 0.0859375
2 0.96015625 0.13828125 0.0796875 0.1109375
2 0.9296875 0.02421875 0.078125 0.0484375
2 0.678125 0.07109375 0.19375 0.1421875
2 0.7734375 0.01640625 0.134375 0.0328125
2 0.8296875 0.03203125 0.071875 0.0640625
2 0.58515625 0.2734375 0.0515625 0.175
2 0.5859375 0.4921875 0.053125 0.134375
2 0.5828125 0.2078125 0.046875 0.159375
2 0.62109375 0.01328125 0.1234375 0.0265625
2 0.596875 0.03359375 0.075 0.0671875
2 0.58984375 0.03359375 0.0609375 0.0671875
2 0.5765625 0.0125 0.034375 0.025
2 0.5703125 0.07109375 0.021875 0.1234375
2 0.59296875 0.215625 0.0671875 0.08125
2 0.50703125 0.9015625 0.1046875 0.196875
2 0.275 0.9 0.3 0.2
2 0.278125 0.65625 0.3015625 0.175
2 0.50625 0.66953125 0.10625 0.1828125
2 0.9453125 0.7296875 0.109375 0.20625
2 0.9296875 0.9265625 0.140625 0.146875
2 0.7046875 0.5765625 0.271875 0.034375
2 0.72421875 0.621875 0.3296875 0.125
2 0.825 0.6109375 0.2 0.103125
2 0.69453125 0.971875 0.2703125 0.05625