5 0.42734375 0.2140625 0.2453125 0.2125
2 0.590625 0.5796875 0.08125 0.11875
2 0.8 0.57890625 0.315625 0.1203125
2 0.66640625 0.390625 0.2328125 0.203125
2 0.9 0.40078125 0.2 0.1796875
2 0.9265625 0.18515625 0.146875 0.1765625
2 0.6859375 0.1640625 0.2421875 0.19375
1 0.41171875 0.91875 0.2765625 0.14375
1 0.12578125 0.90625 0.2515625 0.1875
1 0.14765625 0.80078125 0.2953125 0.1046875
1 0.4015625 0.8015625 0.2890625 0.1234375
1 0.0609375 0.8015625 0.121875 0.11875
1 0.0453125 0.91484375 0.090625 0.1703125
1 0.171875 0.6703125 0.16875 0.0625
1 0.38125 0.66484375 0.246875 0.0515625
1 0.5078125 0.8140625 0.084375 0.115625
0 0.97578125 0.7296875 0.0484375 0.10625