5 0.39453125 0.4203125 0.190625 0.1609375
5 0.5859375 0.415625 0.1453125 0.16875
5 0.71796875 0.40234375 0.090625 0.2109375
5 0.93671875 0.42109375 0.1265625 0.1796875
5 0.82265625 0.5234375 0.11875 0.1625
5 0.9421875 0.621875 0.1109375 0.196875
5 0.725 0.66953125 0.109375 0.1328125
5 0.5796875 0.58515625 0.1109375 0.1359375
5 0.44921875 0.6203125 0.115625 0.190625
5 0.3078125 0.61328125 0.13125 0.2
5 0.22421875 0.44765625 0.15625 0.10625
5 0.17890625 0.678125 0.11875 0.0875
5 0.4671875 0.753125 0.121875 0.0703125
5 0.6296875 0.803125 0.1375 0.1078125
5 0.76875 0.76484375 0.1609375 0.1296875
5 0.93125 0.76328125 0.121875 0.1484375
5 0.0765625 0.9453125 0.153125 0.109375
5 0.07734375 0.5234375 0.153125 0.171875
5 0.91328125 0.078125 0.153125 0.15625
5 0.70390625 0.08359375 0.0328125 0.1515625
5 0.59453125 0.115625 0.159375 0.19375
5 0.40703125 0.13359375 0.1546875 0.225
5 0.24140625 0.16171875 0.1859375 0.275
5 0.0671875 0.21640625 0.134375 0.20625
5 0.81796875 0.35546875 0.0828125 0.1171875
5 0.7765625 0.0953125 0.115625 0.184375
5 0.35390625 0.765625 0.1203125 0.0859375