5 0.1390625 0.0390625 0.14375 0.078125
5 0.2734375 0.03359375 0.109375 0.0671875
5 0.43828125 0.04765625 0.1828125 0.0953125
5 0.5640625 0.02421875 0.05 0.0484375
5 0.54296875 0.3125 0.0921875 0.146875
5 0.4328125 0.3234375 0.0953125 0.178125
5 0.33046875 0.37265625 0.0984375 0.1484375
5 0.196875 0.37109375 0.1203125 0.2125
5 0.10390625 0.359375 0.096875 0.1578125
5 0.0375 0.3765625 0.075 0.078125
5 0.03046875 0.253125 0.0609375 0.15
5 0.03671875 0.22734375 0.0734375 0.0953125
5 0.03203125 0.0265625 0.0640625 0.053125
5 0.0328125 0.03515625 0.065625 0.0703125
5 0.01953125 0.04453125 0.0390625 0.0890625
5 0.04921875 0.04140625 0.0984375 0.0828125
1 0.79453125 0.403125 0.4109375 0.271875
1 0.70859375 0.29609375 0.2390625 0.2515625
1 0.81796875 0.2296875 0.3640625 0.140625
1 0.86171875 0.28984375 0.2765625 0.2484375
1 0.21953125 0.9171875 0.4390625 0.165625
1 0.365625 0.88515625 0.3 0.2296875
1 0.45078125 0.828125 0.2421875 0.2234375
1 0.4953125 0.79375 0.1875 0.1875
1 0.53203125 0.753125 0.1140625 0.175
2 0.628125 0.6234375 0.078125 0.16875
2 0.83046875 0.6109375 0.2515625 0.14375
2 0.75234375 0.62109375 0.2796875 0.1640625
2 0.9421875 0.85859375 0.115625 0.2828125
2 0.72109375 0.85859375 0.2640625 0.2828125