5 0.05546875 0.1015625 0.1109375 0.203125
5 0.03828125 0.01953125 0.0765625 0.0390625
5 0.05625 0.0828125 0.1125 0.1625
5 0.18984375 0.340625 0.3796875 0.14375
5 0.22109375 0.19765625 0.2203125 0.1296875
5 0.1359375 0.078125 0.171875 0.125
1 0.69453125 0.225 0.6109375 0.45
0 0.02734375 0.9109375 0.0546875 0.134375
0 0.35859375 0.7984375 0.0609375 0.19375
0 0.21640625 0.94375 0.0953125 0.1125
0 0.22734375 0.7125 0.1421875 0.1515625
0 0.04140625 0.55703125 0.0828125 0.1296875
0 0.03359375 0.47734375 0.0671875 0.0546875
0 0.13671875 0.46875 0.0796875 0.0375
0 0.01953125 0.465625 0.0390625 0.03125
0 0.015625 0.53203125 0.03125 0.1390625
1 0.69453125 0.8703125 0.6109375 0.259375
1 0.69453125 0.625 0.6109375 0.35
1 0.53046875 0.5453125 0.2828125 0.190625
1 0.70546875 0.4953125 0.5890625 0.090625