5 0.35859375 0.5265625 0.071875 0.0953125
5 0.19921875 0.51484375 0.1765625 0.0828125
5 0.0203125 0.3671875 0.040625 0.09375
5 0.03515625 0.48046875 0.0703125 0.0984375
5 0.0375 0.58828125 0.075 0.1234375
5 0.02109375 0.4421875 0.0421875 0.1375
5 0.0140625 0.16484375 0.028125 0.1109375
5 0.0359375 0.146875 0.071875 0.090625
5 0.52578125 0.56328125 0.0671875 0.1015625
5 0.4109375 0.41484375 0.146875 0.10625
5 0.2875 0.2671875 0.165625 0.11875
5 0.18671875 0.13828125 0.225 0.15625
5 0.41484375 0.1671875 0.159375 0.109375
5 0.509375 0.2890625 0.1 0.11875
5 0.54140625 0.421875 0.0359375 0.1125
5 0.08984375 0.05234375 0.1796875 0.1046875
1 0.8890625 0.5078125 0.221875 0.284375
1 0.63046875 0.3734375 0.1421875 0.290625
1 0.96015625 0.13359375 0.0796875 0.1765625
1 0.82109375 0.06796875 0.0984375 0.1359375
0 0.33125 0.80625 0.1234375 0.05
0 0.33125 0.88359375 0.1328125 0.0453125
5 0.9453125 0.68671875 0.109375 0.0734375
5 0.7890625 0.67734375 0.18125 0.0546875
5 0.61953125 0.66796875 0.1203125 0.0359375
5 0.6046875 0.66171875 0.090625 0.0234375