5 0.04765625 0.07265625 0.0953125 0.0796875
5 0.0734375 0.06328125 0.146875 0.0640625
5 0.04921875 0.1546875 0.0984375 0.0875
5 0.090625 0.16796875 0.18125 0.0828125
5 0.02421875 0.28203125 0.0484375 0.1015625
5 0.0328125 0.3921875 0.065625 0.075
5 0.0421875 0.3609375 0.084375 0.109375
5 0.03828125 0.25859375 0.0765625 0.0890625
5 0.0234375 0.090625 0.046875 0.053125
5 0.01796875 0.15234375 0.0359375 0.0390625
5 0.04765625 0.3015625 0.0953125 0.046875
5 0.01484375 0.16796875 0.0296875 0.0578125
5 0.23671875 0.07421875 0.1421875 0.046875
5 0.28984375 0.35546875 0.0796875 0.1359375
5 0.26796875 0.21171875 0.1140625 0.1171875
5 0.1546875 0.3484375 0.1421875 0.153125
5 0.0203125 0.371875 0.040625 0.115625
5 0.04609375 0.284375 0.0921875 0.059375
5 0.03515625 0.090625 0.0703125 0.040625
1 0.66484375 0.21484375 0.6703125 0.4296875
0 0.2140625 0.725 0.1734375 0.1109375
0 0.25078125 0.93515625 0.1578125 0.1296875
0 0.1203125 0.84609375 0.09375 0.0375
0 0.0625 0.609375 0.115625 0.06875
0 0.18984375 0.5390625 0.1296875 0.0796875
0 0.034375 0.5125 0.06875 0.059375
1 0.5171875 0.8265625 0.375 0.346875
1 0.6546875 0.86875 0.65 0.2625