5 0.06953125 0.1859375 0.1390625 0.08125
5 0.04296875 0.1875 0.0859375 0.05
5 0.14765625 0.2828125 0.1859375 0.053125
5 0.165625 0.07265625 0.075 0.046875
5 0.228125 0.153125 0.0734375 0.053125
5 0.09921875 0.17734375 0.125 0.0515625
5 0.29140625 0.23125 0.078125 0.0671875
5 0.34453125 0.1421875 0.0390625 0.059375
1 0.45234375 0.21796875 0.1671875 0.1828125
1 0.42578125 0.2171875 0.1140625 0.184375
1 0.1265625 0.86171875 0.253125 0.2765625
1 0.33203125 0.7265625 0.0734375 0.15625
1 0.20078125 0.54375 0.3359375 0.2375
1 0.1015625 0.6359375 0.203125 0.25
2 0.87421875 0.87578125 0.23125 0.1265625
2 0.89765625 0.75703125 0.2 0.09375
2 0.67421875 0.7390625 0.16875 0.1046875
2 0.6171875 0.88671875 0.190625 0.1578125
2 0.425 0.86875 0.1125 0.125
2 0.453125 0.75 0.1484375 0.0703125
2 0.9203125 0.55234375 0.159375 0.2546875
2 0.6921875 0.57265625 0.2265625 0.215625
2 0.44140625 0.58125 0.1453125 0.203125