5 0.15546875 0.4421875 0.3109375 0.1
5 0.03359375 0.36875 0.0671875 0.228125
5 0.0671875 0.22421875 0.134375 0.1265625
5 0.41328125 0.41328125 0.1875 0.0921875
5 0.5609375 0.40625 0.078125 0.0625
5 0.51796875 0.30078125 0.1640625 0.1171875
5 0.2828125 0.2765625 0.2640625 0.0890625
5 0.10234375 0.234375 0.0671875 0.071875
5 0.26015625 0.17265625 0.2125 0.10625
5 0.46015625 0.20390625 0.159375 0.1015625
5 0.06953125 0.0765625 0.1390625 0.13125
5 0.02578125 0.03125 0.0515625 0.0625
3 0.8 0.15234375 0.4 0.3046875
3 0.63515625 0.0546875 0.0703125 0.109375
3 0.9390625 0.01875 0.121875 0.0375
3 0.6359375 0.04453125 0.071875 0.0890625
3 0.77265625 0.47421875 0.3453125 0.0703125
3 0.96875 0.3703125 0.0625 0.134375
0 0.28125 0.68515625 0.215625 0.1640625
0 0.29140625 0.52890625 0.1796875 0.0390625
0 0.059375 0.9859375 0.11875 0.028125
5 0.85 0.86796875 0.2 0.2640625
5 0.675 0.90859375 0.146875 0.1828125
5 0.6359375 0.8921875 0.071875 0.215625
5 0.6390625 0.8953125 0.078125 0.209375
5 0.615625 0.90546875 0.03125 0.1890625
5 0.61796875 0.67734375 0.0359375 0.3359375
5 0.77265625 0.7015625 0.1140625 0.384375
5 0.94140625 0.64765625 0.1171875 0.2765625