5 0.3671875 0.03359375 0.284375 0.0671875
5 0.09375 0.0609375 0.1875 0.121875
5 0.3515625 0.03203125 0.315625 0.0640625
5 0.3984375 0.178125 0.221875 0.35625
5 0.13984375 0.403125 0.2796875 0.4125
5 0.06953125 0.25703125 0.1390625 0.5140625
5 0.059375 0.0171875 0.11875 0.034375
2 0.58515625 0.01875 0.1515625 0.0375
2 0.6140625 0.0796875 0.209375 0.0625
2 0.65 0.1609375 0.28125 0.078125
2 0.7140625 0.2984375 0.3515625 0.1421875
2 0.81875 0.5078125 0.3625 0.2
4 0.64140625 0.67890625 0.2171875 0.1390625