5 0.41484375 0.36171875 0.1546875 0.09375
5 0.29765625 0.35546875 0.0765625 0.05625
5 0.225 0.34375 0.0828125 0.0578125
5 0.13828125 0.33359375 0.075 0.046875
5 0.06640625 0.38203125 0.0765625 0.08125
5 0.1625 0.42734375 0.071875 0.0953125
5 0.2640625 0.5453125 0.1125 0.153125
5 0.4 0.62890625 0.1328125 0.153125
5 0.515625 0.79296875 0.153125 0.171875
5 0.7609375 0.83984375 0.1328125 0.125
5 0.91953125 0.9125 0.1609375 0.171875
5 0.12890625 0.55546875 0.125 0.23125
5 0.4046875 0.8640625 0.18125 0.1859375