5 0.36796875 0.2 0.1015625 0.11875
5 0.3265625 0.0359375 0.184375 0.071875
5 0.153125 0.028125 0.16875 0.05625
5 0.046875 0.021875 0.09375 0.04375
5 0.03515625 0.01953125 0.0703125 0.0390625
5 0.03359375 0.01875 0.0671875 0.0375
5 0.0234375 0.01484375 0.046875 0.0296875
5 0.02890625 0.22734375 0.0578125 0.1046875
5 0.0296875 0.2203125 0.059375 0.1
5 0.02265625 0.22109375 0.0453125 0.0921875
5 0.0234375 0.22890625 0.046875 0.0921875
5 0.11953125 0.22265625 0.0984375 0.1
5 0.26171875 0.175 0.20625 0.1625
5 0.06640625 0.2265625 0.1203125 0.1265625
5 0.0359375 0.2234375 0.071875 0.146875
5 0.27890625 0.43125 0.1015625 0.075
4 0.8796875 0.221875 0.240625 0.35
5 0.1 0.93515625 0.0625 0.1296875
5 0.0265625 0.96640625 0.053125 0.0671875
5 0.0328125 0.846875 0.065625 0.090625
5 0.03515625 0.74765625 0.0703125 0.0890625
5 0.0484375 0.6640625 0.096875 0.08125
5 0.0453125 0.53203125 0.090625 0.1265625
5 0.01796875 0.5671875 0.0359375 0.14375
0 0.6078125 0.509375 0.15 0.08125
0 0.68671875 0.55859375 0.2421875 0.1796875
0 0.9140625 0.53125 0.171875 0.125
0 0.8890625 0.82265625 0.19375 0.121875
0 0.63984375 0.74921875 0.2375 0.1328125
0 0.4765625 0.61796875 0.115625 0.1765625