5 0.1421875 0.11015625 0.2328125 0.0515625
5 0.41328125 0.021875 0.3515625 0.04375
5 0.2234375 0.19921875 0.4078125 0.1234375
5 0.12890625 0.40859375 0.2578125 0.2296875
1 0.7765625 0.359375 0.29375 0.2984375
1 0.8875 0.32265625 0.225 0.3421875
1 0.93359375 0.26875 0.1328125 0.25
1 0.97265625 0.2421875 0.0546875 0.225
1 0.69375 0.421875 0.209375 0.359375
1 0.78203125 0.56171875 0.3859375 0.0953125
1 0.85859375 0.496875 0.2828125 0.225
2 0.11484375 0.92109375 0.2296875 0.1578125
2 0.4734375 0.921875 0.23125 0.15625
2 0.45 0.74375 0.278125 0.178125
2 0.096875 0.74921875 0.19375 0.1515625
2 0.03125 0.75703125 0.0625 0.1453125
2 0.115625 0.625 0.23125 0.03125
0 0.6046875 0.98515625 0.03125 0.0296875
0 0.6890625 0.8203125 0.121875 0.09375
0 0.7578125 0.63671875 0.1 0.0546875
0 0.6078125 0.74375 0.0375 0.090625
0 0.6140625 0.93515625 0.05 0.1078125
0 0.60625 0.965625 0.034375 0.06875
0 0.60390625 0.71640625 0.0296875 0.0890625
0 0.60546875 0.85546875 0.0328125 0.1171875
0 0.6125 0.6328125 0.046875 0.046875
0 0.6125 0.76796875 0.046875 0.1046875
0 0.68828125 0.678125 0.0859375 0.103125
0 0.8546875 0.634375 0.08125 0.05
0 0.6109375 0.625 0.04375 0.03125
0 0.6265625 0.6484375 0.075 0.078125