5 0.56015625 0.425 0.184375 0.2046875
5 0.39375 0.39296875 0.1140625 0.1984375
5 0.31015625 0.23203125 0.09375 0.13125
5 0.1796875 0.1953125 0.121875 0.090625
5 0.053125 0.16171875 0.10625 0.0859375
5 0.04765625 0.2875 0.0828125 0.1296875
5 0.16328125 0.31796875 0.1109375 0.1109375
5 0.29140625 0.35 0.1109375 0.0859375
5 0.240625 0.4671875 0.125 0.09375
5 0.11328125 0.44375 0.1171875 0.096875
5 0.02421875 0.42109375 0.0484375 0.0671875
5 0.08125 0.51875 0.1625 0.1015625
5 0.2984375 0.54296875 0.1625 0.125
5 0.478125 0.590625 0.121875 0.0953125
5 0.61015625 0.67109375 0.090625 0.1140625
5 0.66640625 0.75859375 0.13125 0.1328125
5 0.79453125 0.84921875 0.125 0.1296875
5 0.67890625 0.9328125 0.1390625 0.1046875
5 0.50390625 0.8921875 0.184375 0.1375
5 0.075 0.79296875 0.109375 0.1265625
5 0.22734375 0.82109375 0.1015625 0.1125
5 0.4453125 0.8640625 0.19375 0.1234375