5 0.428125 0.35546875 0.021875 0.0984375
5 0.29453125 0.3515625 0.11875 0.078125
5 0.03046875 0.2890625 0.0609375 0.10625
5 0.0484375 0.3109375 0.096875 0.11875
5 0.0625 0.13203125 0.125 0.0765625
5 0.1890625 0.165625 0.0859375 0.065625
5 0.121875 0.0875 0.1359375 0.0984375
5 0.23359375 0.1109375 0.0734375 0.075
5 0.32578125 0.14921875 0.05625 0.053125
5 0.03203125 0.02421875 0.0640625 0.0484375
5 0.02265625 0.02421875 0.0453125 0.0484375
5 0.07109375 0.0265625 0.0859375 0.053125
5 0.41640625 0.20234375 0.0453125 0.0796875
5 0.3953125 0.240625 0.0875 0.059375
5 0.27265625 0.05859375 0.1703125 0.10625
5 0.409375 0.12578125 0.059375 0.1015625
5 0.0234375 0.01796875 0.046875 0.0359375
2 0.33984375 0.91328125 0.1984375 0.1734375
2 0.0890625 0.7421875 0.178125 0.21875
2 0.35859375 0.6796875 0.1609375 0.19375
2 0.06796875 0.6046875 0.1359375 0.071875
2 0.23828125 0.6046875 0.1796875 0.071875
3 0.565625 0.784375 0.253125 0.43125
3 0.81640625 0.7703125 0.2109375 0.403125