5 0.09375 0.29609375 0.1875 0.1453125
5 0.03515625 0.30078125 0.0703125 0.1390625
5 0.0359375 0.13984375 0.071875 0.0484375
5 0.18125 0.1359375 0.0484375 0.0359375
5 0.29296875 0.1359375 0.0453125 0.0359375
5 0.29140625 0.0734375 0.0625 0.046875
5 0.1640625 0.08671875 0.0421875 0.0421875
5 0.09375 0.08671875 0.071875 0.034375
5 0.02578125 0.08671875 0.0515625 0.0265625
5 0.02578125 0.06796875 0.0515625 0.0328125
5 0.00859375 0.0578125 0.0171875 0.03125
5 0.00390625 0.06640625 0.0078125 0.0328125
5 0.02578125 0.03203125 0.0515625 0.0328125
5 0.03984375 0.03125 0.0796875 0.0375
5 0.159375 0.03671875 0.140625 0.0453125
5 0.2828125 0.034375 0.08125 0.0453125
1 0.62578125 0.79609375 0.1921875 0.4078125
1 0.68828125 0.7953125 0.3171875 0.409375
1 0.83046875 0.803125 0.3390625 0.39375
1 0.92421875 0.803125 0.1515625 0.39375
1 0.59140625 0.55859375 0.1234375 0.1796875
1 0.60625 0.56640625 0.153125 0.1953125
1 0.703125 0.5609375 0.284375 0.184375
1 0.8421875 0.56796875 0.290625 0.1984375
1 0.91796875 0.57890625 0.1640625 0.2203125