5 0.25 0.06796875 0.1015625 0.0765625
5 0.35625 0.08203125 0.1046875 0.075
5 0.46640625 0.08515625 0.1 0.05
5 0.59296875 0.19296875 0.1171875 0.06875
5 0.61328125 0.33203125 0.0625 0.065625
5 0.39375 0.1734375 0.1515625 0.078125
5 0.27265625 0.16875 0.096875 0.06875
5 0.16875 0.30078125 0.1234375 0.06875
5 0.52734375 0.31171875 0.0984375 0.0703125
5 0.0484375 0.15859375 0.096875 0.0765625
5 0.46640625 0.553125 0.1078125 0.028125
5 0.38515625 0.5546875 0.0859375 0.03125
5 0.29609375 0.55625 0.0890625 0.034375
5 0.2421875 0.559375 0.11875 0.040625
5 0.1296875 0.5515625 0.0875 0.025
5 0.06015625 0.57109375 0.1203125 0.0640625
5 0.015625 0.6953125 0.03125 0.146875
5 0.0703125 0.72578125 0.0640625 0.0671875
5 0.125 0.68984375 0.0796875 0.0828125
5 0.21953125 0.62109375 0.0828125 0.06875
5 0.29921875 0.76171875 0.075 0.084375
5 0.121875 0.8984375 0.109375 0.0859375
5 0.33046875 0.928125 0.0609375 0.0546875
5 0.4171875 0.8515625 0.109375 0.0671875
5 0.3828125 0.58671875 0.096875 0.0953125
5 0.49609375 0.55703125 0.1171875 0.0359375
5 0.51796875 0.5609375 0.0859375 0.04375
5 0.43828125 0.73359375 0.1046875 0.18125
0 0.971875 0.59140625 0.05625 0.1046875
0 0.7703125 0.978125 0.084375 0.04375
0 0.70625 0.75703125 0.0640625 0.078125
0 0.68203125 0.5609375 0.0453125 0.04375
0 0.9390625 0.5625 0.053125 0.046875