5 0.0171875 0.26015625 0.034375 0.1484375
5 0.059375 0.16953125 0.0609375 0.0984375
5 0.1453125 0.14921875 0.084375 0.0828125
5 0.22890625 0.18515625 0.0703125 0.1140625
5 0.3 0.1875 0.05 0.1234375
5 0.37421875 0.16953125 0.0703125 0.0984375
5 0.41796875 0.26640625 0.0578125 0.0765625
5 0.36953125 0.44609375 0.0734375 0.0671875
5 0.16953125 0.46015625 0.1015625 0.0390625
5 0.2171875 0.3 0.0515625 0.090625
4 0.7984375 0.09609375 0.16875 0.1921875
4 0.4078125 0.803125 0.221875 0.39375
3 0.540625 0.56796875 0.04375 0.1765625
3 0.83203125 0.521875 0.1078125 0.084375
3 0.76875 0.71484375 0.078125 0.23125