5 0.54453125 0.47578125 0.2046875 0.146875
5 0.77109375 0.50625 0.2203125 0.1546875
5 0.9390625 0.51171875 0.090625 0.0703125
5 0.9421875 0.70625 0.115625 0.1328125
5 0.9234375 0.84375 0.153125 0.1609375
5 0.6875 0.79765625 0.25 0.1859375
5 0.71015625 0.62734375 0.190625 0.1359375
5 0.42421875 0.74609375 0.2296875 0.134375
5 0.43203125 0.59296875 0.0984375 0.0859375
5 0.53125 0.4578125 0.2265625 0.1453125
5 0.20859375 0.71875 0.2046875 0.1578125
5 0.2828125 0.590625 0.190625 0.084375
5 0.09765625 0.58515625 0.1921875 0.121875
5 0.05703125 0.45625 0.1140625 0.05625
5 0.28203125 0.4796875 0.059375 0.0421875
5 0.40078125 0.4859375 0.046875 0.0671875
5 0.41171875 0.378125 0.0953125 0.0296875