5 0.8796875 0.13984375 0.225 0.16875
5 0.62265625 0.1171875 0.20625 0.140625
5 0.39765625 0.13671875 0.175 0.11875
5 0.08984375 0.33359375 0.1796875 0.109375
5 0.14296875 0.13125 0.2859375 0.134375
5 0.38828125 0.428125 0.4515625 0.1203125
5 0.809375 0.4125 0.38125 0.140625
5 0.8578125 0.59375 0.284375 0.103125
5 0.26484375 0.60390625 0.246875 0.1578125
5 0.57421875 0.6390625 0.18125 0.134375
5 0.23359375 0.87109375 0.4671875 0.1859375
5 0.7359375 0.89453125 0.490625 0.1390625
5 0.046875 0.621875 0.09375 0.1328125
5 0.22890625 0.2515625 0.121875 0.090625
5 0.1046875 0.5 0.1109375 0.140625