5 0.40546875 0.3296875 0.2890625 0.234375
5 0.1140625 0.25078125 0.228125 0.1859375
5 0.08203125 0.39296875 0.1640625 0.2546875
5 0.25234375 0.56328125 0.3890625 0.0734375
2 0.88828125 0.49609375 0.2234375 0.2078125
2 0.640625 0.53125 0.18125 0.1375
5 0.73984375 0.70078125 0.10625 0.065625
5 0.6015625 0.62578125 0.103125 0.0515625
5 0.615625 0.73203125 0.13125 0.1203125
5 0.56328125 0.68046875 0.0265625 0.1390625
5 0.56640625 0.6546875 0.0328125 0.109375
5 0.57578125 0.6265625 0.0515625 0.053125
5 0.73671875 0.79375 0.046875 0.084375
5 0.609375 0.79609375 0.06875 0.1078125