5 0.5171875 0.84921875 0.421875 0.2921875
5 0.1421875 0.86015625 0.2828125 0.278125
5 0.40546875 0.534375 0.1859375 0.096875
5 0.715625 0.528125 0.096875 0.0703125
5 0.9390625 0.528125 0.090625 0.0703125
5 0.93515625 0.39921875 0.1296875 0.09375
5 0.68203125 0.42890625 0.0859375 0.0859375
5 0.540625 0.42890625 0.14375 0.06875
5 0.19765625 0.4296875 0.209375 0.05625
5 0.39609375 0.39140625 0.125 0.0625
5 0.1078125 0.371875 0.071875 0.0609375
5 0.01796875 0.38984375 0.0359375 0.065625
5 0.178125 0.3203125 0.2125 0.0640625
5 0.40390625 0.3171875 0.2171875 0.0765625
5 0.67265625 0.32890625 0.28125 0.090625
5 0.91796875 0.321875 0.1640625 0.090625