5 0.1703125 0.0234375 0.325 0.046875
5 0.06640625 0.1453125 0.1328125 0.290625
5 0.2796875 0.14765625 0.253125 0.134375
5 0.5265625 0.19140625 0.1875 0.1765625
5 0.046875 0.37734375 0.09375 0.1234375
1 0.81015625 0.25078125 0.3421875 0.3765625
1 0.81953125 0.28203125 0.3609375 0.3140625
1 0.7671875 0.071875 0.25625 0.14375
1 0.71015625 0.06171875 0.1421875 0.1234375
5 0.14921875 0.753125 0.0609375 0.1875
5 0.0265625 0.75859375 0.053125 0.0734375
5 0.0328125 0.6359375 0.065625 0.090625
5 0.03515625 0.53671875 0.0703125 0.0890625
5 0.05 0.46640625 0.1 0.0546875
5 0.0875 0.4734375 0.103125 0.06875
5 0.01796875 0.475 0.0359375 0.071875
5 0.68984375 0.515625 0.1015625 0.146875
5 0.83671875 0.546875 0.2203125 0.1546875
5 0.9796875 0.55234375 0.040625 0.0703125
5 0.975 0.74609375 0.05 0.1328125
5 0.95625 0.88359375 0.0875 0.1609375
5 0.75859375 0.8375 0.2390625 0.184375
5 0.77578125 0.66796875 0.190625 0.1359375
5 0.69609375 0.7859375 0.1140625 0.134375
5 0.66328125 0.6328125 0.0484375 0.084375
5 0.6953125 0.5046875 0.1125 0.13125
5 0.68984375 0.75859375 0.1015625 0.1578125
5 0.68671875 0.63125 0.0953125 0.084375
5 0.68671875 0.625 0.0953125 0.121875
5 0.6671875 0.496875 0.05625 0.05625
5 0.65390625 0.51953125 0.0296875 0.0421875
5 0.65078125 0.52578125 0.0234375 0.0671875
5 0.6625 0.44609375 0.046875 0.0140625