5 0.01015625 0.12421875 0.0203125 0.2484375
5 0.04140625 0.23984375 0.0828125 0.4796875
5 0.05 0.2640625 0.1 0.43125
5 0.0671875 0.434375 0.134375 0.090625
5 0.115625 0.0546875 0.23125 0.109375
5 0.290625 0.0671875 0.096875 0.134375
5 0.29765625 0.11875 0.0828125 0.2375
5 0.303125 0.371875 0.071875 0.215625
5 0.1328125 0.0875 0.25 0.175
5 0.190625 0.31953125 0.1625 0.290625
2 0.04921875 0.74296875 0.0984375 0.2953125
2 0.23359375 0.53203125 0.2109375 0.1046875
2 0.04921875 0.53125 0.0984375 0.103125
2 0.0921875 0.64296875 0.184375 0.1984375
1 0.66953125 0.73125 0.6609375 0.503125
1 0.775 0.73984375 0.45 0.5203125
1 0.503125 0.521875 0.203125 0.084375
1 0.72109375 0.546875 0.3140625 0.134375