5 0.696875 0.42890625 0.265625 0.0921875
5 0.89453125 0.40859375 0.2109375 0.1125
5 0.45546875 0.43828125 0.2 0.125
5 0.19921875 0.4125 0.2421875 0.090625
5 0.2875 0.60078125 0.171875 0.1140625
5 0.09140625 0.603125 0.1828125 0.103125
5 0.528125 0.5484375 0.13125 0.1
5 0.678125 0.55625 0.1484375 0.1109375
5 0.83828125 0.56484375 0.134375 0.0984375
5 0.959375 0.56484375 0.08125 0.08125
5 0.89921875 0.76328125 0.1296875 0.203125
5 0.24296875 0.703125 0.1203125 0.0953125
5 0.078125 0.709375 0.15625 0.090625
5 0.4203125 0.6046875 0.06875 0.1171875
5 0.40703125 0.428125 0.30625 0.0734375
5 0.0421875 0.4765625 0.078125 0.1109375