5 0.24765625 0.259375 0.184375 0.2046875
5 0.08125 0.22734375 0.1140625 0.196875
5 0.02265625 0.065625 0.0453125 0.13125
5 0.03046875 0.0375 0.0609375 0.075
5 0.0265625 0.02109375 0.053125 0.0421875
5 0.0203125 0.12109375 0.040625 0.1296875
5 0.02734375 0.15234375 0.0546875 0.1109375
5 0.02734375 0.18359375 0.0546875 0.0859375
5 0.03046875 0.3015625 0.0609375 0.09375
5 0.02890625 0.27734375 0.0578125 0.0953125
5 0.01171875 0.25546875 0.0234375 0.0671875
5 0.03984375 0.35234375 0.0796875 0.1015625
5 0.040625 0.3765625 0.08125 0.125
5 0.165625 0.42265625 0.121875 0.0921875
2 0.834375 0.37890625 0.33125 0.1140625
2 0.78671875 0.2609375 0.2359375 0.08125
2 0.978125 0.29453125 0.04375 0.0453125
2 0.753125 0.184375 0.16875 0.0625
2 0.72890625 0.09921875 0.1203125 0.0578125
5 0.3953125 0.88515625 0.2640625 0.0921875
5 0.578125 0.8640625 0.18125 0.1125
5 0.15390625 0.89453125 0.2015625 0.125
5 0.06015625 0.86796875 0.1203125 0.0890625
5 0.22578125 0.97734375 0.1296875 0.0453125
5 0.37578125 0.978125 0.1484375 0.04375
5 0.5359375 0.9859375 0.134375 0.028125
5 0.12890625 0.88359375 0.2578125 0.0734375
5 0.01953125 0.93203125 0.0390625 0.1109375