5 0.0328125 0.01796875 0.065625 0.0359375
5 0.0203125 0.09375 0.040625 0.10625
5 0.03125 0.075 0.0625 0.134375
5 0.040625 0.1375 0.08125 0.171875
5 0.04609375 0.35390625 0.0921875 0.2046875
5 0.03359375 0.24140625 0.0671875 0.1265625
5 0.02734375 0.41015625 0.0546875 0.0984375
2 0.82890625 0.04921875 0.3421875 0.0984375
2 0.9609375 0.34609375 0.078125 0.2265625
2 0.8546875 0.165625 0.290625 0.146875
2 0.73984375 0.37421875 0.3265625 0.1703125
2 0.44296875 0.0859375 0.1671875 0.071875
2 0.4671875 0.28125 0.215625 0.13125
2 0.5109375 0.0515625 0.2 0.103125
2 0.2046875 0.5421875 0.10625 0.165625
2 0.2921875 0.4953125 0.134375 0.071875
2 0.08125 0.48125 0.15 0.04375
2 0.02109375 0.71328125 0.0421875 0.1859375
2 0.10703125 0.8140625 0.0734375 0.11875
2 0.02421875 0.528125 0.0484375 0.1375
0 0.44921875 0.98203125 0.1015625 0.0359375
0 0.4703125 0.78984375 0.0953125 0.0796875
0 0.8 0.71640625 0.046875 0.0890625
0 0.80703125 0.865625 0.0828125 0.0609375
0 0.40390625 0.54453125 0.0890625 0.0640625
0 0.4015625 0.4765625 0.084375 0.034375
0 0.7453125 0.5765625 0.03125 0.065625
0 0.84609375 0.62265625 0.0484375 0.059375
0 0.97734375 0.7375 0.0453125 0.084375
0 0.98046875 0.5234375 0.0390625 0.071875
0 0.665625 0.76015625 0.103125 0.05