5 0.42890625 0.0421875 0.1609375 0.084375
5 0.203125 0.03515625 0.20625 0.0703125
5 0.04375 0.02890625 0.0875 0.0578125
5 0.04453125 0.040625 0.0890625 0.08125
5 0.07109375 0.03359375 0.1421875 0.0671875
5 0.1125 0.12109375 0.225 0.1203125
5 0.3546875 0.10546875 0.309375 0.1390625
5 0.403125 0.2875 0.2125 0.103125
5 0.0609375 0.296875 0.121875 0.15625
5 0.15546875 0.3328125 0.18125 0.134375
5 0.02265625 0.31484375 0.0453125 0.1328125
5 0.03046875 0.021875 0.0609375 0.04375
5 0.02734375 0.19296875 0.0546875 0.1390625
2 0.9375 0.5078125 0.109375 0.0625
2 0.7875 0.49375 0.121875 0.090625
2 0.63515625 0.48671875 0.1578125 0.1046875
2 0.5375 0.4890625 0.05625 0.1
2 0.54765625 0.47265625 0.0765625 0.1328125
2 0.48828125 0.921875 0.0421875 0.15625
2 0.3609375 0.91796875 0.15 0.1640625
2 0.1828125 0.915625 0.171875 0.16875
2 0.44453125 0.72734375 0.09375 0.234375
2 0.28671875 0.68203125 0.0859375 0.2859375
2 0.16875 0.69921875 0.1234375 0.3171875
2 0.3359375 0.5703125 0.125 0.0625
2 0.16328125 0.565625 0.1984375 0.053125
2 0.04609375 0.56171875 0.0921875 0.0453125
2 0.0484375 0.63515625 0.096875 0.1921875
2 0.05 0.64921875 0.1 0.2203125
2 0.04765625 0.871875 0.0953125 0.25625
2 0.04609375 0.88359375 0.0921875 0.2328125
2 0.01640625 0.64375 0.0328125 0.209375
2 0.01640625 0.88984375 0.0328125 0.2203125
2 0.0640625 0.56953125 0.128125 0.0609375
2 0.38125 0.57734375 0.14375 0.0765625
2 0.196875 0.5671875 0.175 0.05625
0 0.865625 0.909375 0.0765625 0.08125
0 0.925 0.8703125 0.034375 0.0484375
0 0.9859375 0.71796875 0.028125 0.0546875
0 0.54296875 0.8609375 0.0671875 0.146875
0 0.69453125 0.8421875 0.0484375 0.05
0 0.66953125 0.9484375 0.04375 0.0578125
0 0.775 0.71015625 0.0421875 0.04375
0 0.725 0.56796875 0.0375 0.04375
0 0.603125 0.61015625 0.0671875 0.046875
0 0.5171875 0.63828125 0.015625 0.0671875
0 0.5234375 0.6859375 0.028125 0.05
0 0.53203125 0.60625 0.0453125 0.05625
0 0.52109375 0.55390625 0.0234375 0.0296875
0 0.52734375 0.5609375 0.0359375 0.04375
0 0.51953125 0.553125 0.0203125 0.028125
0 0.83203125 0.59375 0.0625 0.0875
0 0.91953125 0.6125 0.028125 0.0578125
0 0.9734375 0.61640625 0.0375 0.059375