5 0.6234375 0.078125 0.1078125 0.0578125
5 0.5421875 0.1359375 0.0859375 0.0640625
5 0.45234375 0.1671875 0.0890625 0.071875
5 0.3984375 0.21875 0.11875 0.084375
5 0.28671875 0.24609375 0.0875 0.0515625
5 0.2125 0.309375 0.1296875 0.084375
5 0.14765625 0.4421875 0.0625 0.146875
5 0.2265625 0.47265625 0.0640625 0.06875
5 0.28125 0.43671875 0.0796875 0.084375
5 0.37578125 0.36796875 0.0828125 0.06875
5 0.45546875 0.50859375 0.075 0.084375
5 0.278125 0.6453125 0.109375 0.0859375
5 0.3078125 0.821875 0.1078125 0.134375
5 0.40625 0.771875 0.103125 0.078125
5 0.48671875 0.675 0.0609375 0.0546875
5 0.5734375 0.5984375 0.109375 0.0671875
5 0.5390625 0.303125 0.096875 0.15625
5 0.653125 0.1875 0.1171875 0.0734375
5 0.675 0.1640625 0.0859375 0.0890625
5 0.59453125 0.48046875 0.1046875 0.18125