5 0.63515625 0.20390625 0.1453125 0.3140625
5 0.75390625 0.7328125 0.0828125 0.534375
5 0.90625 0.95234375 0.10625 0.0953125
5 0.62109375 0.58828125 0.090625 0.3046875
5 0.55390625 0.88125 0.090625 0.2375
5 0.4890625 0.61328125 0.19375 0.51875
5 0.47109375 0.28984375 0.078125 0.1078125
5 0.459375 0.11953125 0.0640625 0.2015625
5 0.32421875 0.4671875 0.0703125 0.16875
5 0.353125 0.68828125 0.03125 0.075
5 0.34609375 0.88203125 0.05625 0.2265625
5 0.22421875 0.546875 0.140625 0.2
5 0.25078125 0.66328125 0.0953125 0.2171875
5 0.1421875 0.875 0.13125 0.228125
5 0.03671875 0.64140625 0.0734375 0.246875
5 0.21015625 0.3578125 0.1140625 0.2
5 0.3265625 0.10546875 0.071875 0.1671875
5 0.859375 0.13984375 0.0515625 0.2796875
5 0.11328125 0.52421875 0.0625 0.2265625
5 0.0984375 0.37265625 0.0359375 0.0765625