5 0.09765625 0.01640625 0.1484375 0.0328125
5 0.33203125 0.0265625 0.2734375 0.053125
5 0.20390625 0.0328125 0.3890625 0.065625
5 0.15546875 0.11875 0.3109375 0.2375
5 0.234375 0.34296875 0.46875 0.1734375
4 0.68828125 0.3140625 0.1453125 0.15
2 0.1765625 0.884375 0.1859375 0.153125
2 0.3328125 0.7640625 0.209375 0.0890625
2 0.14921875 0.678125 0.15625 0.0765625
2 0.0515625 0.7953125 0.103125 0.071875
2 0.43203125 0.678125 0.0734375 0.109375
2 0.3109375 0.67109375 0.1171875 0.059375
1 0.734375 0.71484375 0.53125 0.5703125