5 0.31640625 0.35546875 0.2671875 0.4890625
5 0.07890625 0.46796875 0.1578125 0.2640625
5 0.05234375 0.3890625 0.1046875 0.421875
5 0.065625 0.05703125 0.13125 0.1140625
5 0.08515625 0.03828125 0.1703125 0.0765625
5 0.04609375 0.175 0.0921875 0.0875
5 0.86484375 0.28125 0.2109375 0.21875
5 0.6390625 0.046875 0.15625 0.09375
5 0.49765625 0.025 0.0953125 0.05
5 0.7734375 0.03515625 0.1125 0.0703125
5 0.90390625 0.06640625 0.05625 0.08125
5 0.34375 0.63046875 0.1 0.0609375
5 0.30859375 0.725 0.1375 0.103125
5 0.20390625 0.84140625 0.146875 0.125
5 0.42578125 0.709375 0.0484375 0.21875
5 0.1671875 0.6625 0.11875 0.125
5 0.02578125 0.79609375 0.0515625 0.0671875
5 0.03359375 0.71015625 0.0671875 0.0765625
5 0.0203125 0.90390625 0.040625 0.1046875
1 0.725 0.8 0.55 0.4
1 0.80390625 0.79375 0.2796875 0.35
1 0.84765625 0.8453125 0.3046875 0.309375