5 0.0078125 0.00546875 0.015625 0.0109375
5 0.00703125 0.00546875 0.0140625 0.0109375
5 0.0046875 0.0046875 0.009375 0.009375
5 0.009375 0.021875 0.01875 0.04375
5 0.00703125 0.0328125 0.0140625 0.040625
5 0.00625 0.04453125 0.0125 0.0359375
5 0.009375 0.00390625 0.01875 0.0078125
5 0.0046875 0.00703125 0.009375 0.0140625
5 0.37890625 0.0109375 0.0203125 0.021875
5 0.378125 0.009375 0.01875 0.01875
5 0.3765625 0.0078125 0.015625 0.015625
5 0.3765625 0.02734375 0.015625 0.0296875
5 0.38203125 0.00859375 0.0265625 0.0171875
5 0.3890625 0.05390625 0.040625 0.0328125
5 0.3859375 0.04921875 0.034375 0.0390625
5 0.38125 0.0984375 0.025 0.028125
5 0.3796875 0.10078125 0.021875 0.0421875
5 0.3765625 0.1109375 0.015625 0.0375
5 0.38984375 0.1734375 0.0421875 0.05
5 0.39140625 0.1796875 0.0453125 0.0375
5 0.37265625 0.10546875 0.0078125 0.0359375
5 0.37421875 0.00859375 0.0109375 0.0171875
5 0.3734375 0.07265625 0.009375 0.0390625
0 0.01015625 0.6828125 0.0203125 0.00625
0 0.0078125 0.6828125 0.015625 0.00625
0 0.003125 0.6828125 0.00625 0.00625
0 0.05234375 0.68125 0.0078125 0.003125
0 0.07109375 0.684375 0.0328125 0.009375
0 0.08984375 0.68203125 0.0453125 0.0046875
0 0.0578125 0.6828125 0.015625 0.00625
0 0.00390625 0.68203125 0.0078125 0.0046875
5 0.61875 0.71953125 0.190625 0.0796875
5 0.81015625 0.72109375 0.1453125 0.0828125
5 0.9421875 0.73203125 0.090625 0.1046875
5 0.94765625 0.73515625 0.1046875 0.1109375
5 0.80390625 0.71328125 0.1109375 0.0671875
5 0.6734375 0.7265625 0.115625 0.09375
5 0.53203125 0.7296875 0.1296875 0.1
5 0.4484375 0.70625 0.15625 0.053125
5 0.415625 0.7328125 0.09375 0.0875
5 0.6921875 0.8078125 0.121875 0.0703125
5 0.8546875 0.8578125 0.1375 0.1078125
5 0.95625 0.81953125 0.0875 0.1296875
5 0.40703125 0.97265625 0.0765625 0.0546875
5 0.40703125 0.721875 0.0765625 0.084375
5 0.92890625 0.7171875 0.0328125 0.075
5 0.81875 0.72734375 0.159375 0.0953125
5 0.63203125 0.7359375 0.1546875 0.1125
5 0.465625 0.74765625 0.184375 0.1359375
5 0.40234375 0.73125 0.0671875 0.103125
5 0.971875 0.72578125 0.05625 0.0921875
5 0.57890625 0.8203125 0.1203125 0.0859375