5 0.5140625 0.2421875 0.2625 0.353125
5 0.275 0.26953125 0.175 0.2984375
5 0.0765625 0.23046875 0.153125 0.3765625
0 0.88203125 0.396875 0.0359375 0.04375
0 0.99140625 0.284375 0.0171875 0.115625
0 0.78984375 0.1875 0.0609375 0.103125
0 0.7484375 0.2 0.0375 0.128125
0 0.7421875 0.25 0.025 0.14375
0 0.8875 0.24921875 0.04375 0.1359375
0 0.93125 0.25390625 0.028125 0.1265625
0 0.9078125 0.0453125 0.059375 0.090625
0 0.98828125 0.04296875 0.0234375 0.0859375
0 0.7921875 0.31015625 0.0546875 0.1109375
0 0.74765625 0.3046875 0.0359375 0.11875
0 0.075 0.63671875 0.15 0.0921875
0 0.1640625 0.7140625 0.1546875 0.065625
0 0.659375 0.578125 0.140625 0.065625
0 0.18828125 0.5171875 0.0984375 0.0828125
0 0.29453125 0.621875 0.0515625 0.1203125
0 0.45625 0.621875 0.0875 0.1046875
1 0.978125 0.765625 0.04375 0.15
1 0.8109375 0.89921875 0.1625 0.2015625
1 0.8765625 0.91171875 0.1625 0.1765625
1 0.88359375 0.5953125 0.153125 0.1484375
1 0.95703125 0.62109375 0.0859375 0.1390625
1 0.79765625 0.4703125 0.1359375 0.103125
1 0.90546875 0.459375 0.1890625 0.08125
1 0.78046875 0.4421875 0.1015625 0.046875
1 0.81640625 0.4453125 0.1734375 0.053125
1 0.921875 0.44296875 0.15625 0.0484375