5 0.12734375 0.046875 0.2546875 0.09375
5 0.37578125 0.05 0.1859375 0.1
5 0.33046875 0.328125 0.2765625 0.1125
5 0.375 0.528125 0.1875 0.14375
5 0.1765625 0.5375 0.1 0.125
5 0.04140625 0.56328125 0.0828125 0.0734375
5 0.0515625 0.340625 0.103125 0.096875
5 0.090625 0.39296875 0.1546875 0.171875
5 0.04296875 0.28125 0.0859375 0.1125
5 0.0328125 0.03359375 0.065625 0.0671875
5 0.025 0.02578125 0.05 0.0515625
5 0.03046875 0.17421875 0.0609375 0.1671875
5 0.02734375 0.56328125 0.0546875 0.0734375
5 0.0296875 0.47265625 0.059375 0.1359375
0 0.7921875 0.12890625 0.2890625 0.0859375
0 0.828125 0.2984375 0.3265625 0.121875
0 0.8671875 0.05234375 0.265625 0.1046875
0 0.528125 0.1328125 0.11875 0.265625
0 0.58515625 0.49453125 0.2328125 0.1546875
1 0.1890625 0.93671875 0.378125 0.1265625
1 0.234375 0.921875 0.46875 0.15625
1 0.3453125 0.909375 0.246875 0.18125
1 0.09921875 0.8125 0.1984375 0.234375
1 0.1 0.78515625 0.2 0.2109375
1 0.18828125 0.7875 0.3203125 0.2203125
1 0.30078125 0.775 0.2828125 0.184375
1 0.38046875 0.77265625 0.1765625 0.1453125
1 0.07421875 0.68046875 0.1484375 0.1609375
1 0.08125 0.6703125 0.1625 0.140625
1 0.15078125 0.675 0.2484375 0.140625
0 0.72421875 0.75234375 0.3984375 0.3046875