5 0.0578125 0.22890625 0.065625 0.215625
5 0.1578125 0.3640625 0.1109375 0.2421875
5 0.31171875 0.4015625 0.1796875 0.25625
5 0.50390625 0.45546875 0.1328125 0.1484375
5 0.60625 0.50390625 0.0625 0.0515625
5 0.16953125 0.5171875 0.1296875 0.025
5 0.03125 0.2921875 0.0625 0.103125
5 0.04921875 0.4328125 0.0984375 0.140625
5 0.02265625 0.11640625 0.0453125 0.1515625
5 0.2515625 0.04921875 0.146875 0.0984375
5 0.10234375 0.04921875 0.0953125 0.0984375
5 0.39375 0.028125 0.171875 0.05625
5 0.75078125 0.028125 0.1640625 0.05625
5 0.92734375 0.0296875 0.1453125 0.059375
5 0.88203125 0.1046875 0.2359375 0.1125
5 0.9265625 0.3390625 0.146875 0.2125
5 0.74921875 0.35625 0.1015625 0.209375
5 0.71015625 0.3796875 0.0828125 0.153125
5 0.7203125 0.1171875 0.103125 0.096875
5 0.70703125 0.16875 0.0765625 0.171875
5 0.71171875 0.0578125 0.0859375 0.1125
5 0.7015625 0.0234375 0.065625 0.046875
5 0.69375 0.02109375 0.05 0.0421875
5 0.69921875 0.04140625 0.0609375 0.0828125
5 0.69609375 0.37109375 0.0546875 0.1359375
5 0.6984375 0.24921875 0.059375 0.1359375
5 0.3046875 0.60703125 0.259375 0.1546875
5 0.1359375 0.590625 0.215625 0.121875
5 0.5484375 0.6125 0.240625 0.11875
5 0.59296875 0.56015625 0.1515625 0.0609375
5 0.07109375 0.57578125 0.1421875 0.0921875
1 0.74921875 0.5921875 0.1609375 0.125
1 0.84375 0.59921875 0.3125 0.1390625
1 0.8484375 0.859375 0.303125 0.28125
1 0.784375 0.85859375 0.23125 0.2828125
1 0.7265625 0.56171875 0.115625 0.0640625
1 0.79609375 0.55859375 0.2390625 0.0578125
1 0.91953125 0.565625 0.1609375 0.071875