5 0.0265625 0.196875 0.053125 0.065625
5 0.0375 0.11484375 0.075 0.0671875
5 0.03359375 0.22890625 0.0671875 0.1203125
5 0.01328125 0.17734375 0.0265625 0.1390625
5 0.01640625 0.14765625 0.0328125 0.1171875
5 0.02578125 0.05390625 0.0515625 0.1078125
5 0.01171875 0.28984375 0.0234375 0.0828125
5 0.01640625 0.29296875 0.0328125 0.1078125
1 0.12421875 0.665625 0.2484375 0.24375
1 0.3140625 0.69140625 0.309375 0.2796875
1 0.34296875 0.87421875 0.2515625 0.2515625
1 0.1515625 0.8796875 0.303125 0.240625
1 0.734375 0.709375 0.53125 0.58125