5 0.2515625 0.7578125 0.2484375 0.4234375
5 0.68203125 0.63984375 0.1171875 0.0984375
5 0.3359375 0.50546875 0.371875 0.1
5 0.0671875 0.43203125 0.134375 0.2296875
5 0.13515625 0.28671875 0.2703125 0.1265625
5 0.62265625 0.47578125 0.1875 0.0921875
5 0.82734375 0.46953125 0.190625 0.0625
5 0.7484375 0.3640625 0.20625 0.1171875
5 0.4921875 0.3390625 0.2640625 0.0890625
5 0.31171875 0.296875 0.0671875 0.071875
5 0.46953125 0.23515625 0.2125 0.1078125
5 0.66953125 0.26640625 0.159375 0.1015625
5 0.2359375 0.13984375 0.2265625 0.13125
5 0.05234375 0.0625 0.1046875 0.125