5 0.14609375 0.04609375 0.2921875 0.0921875
5 0.0953125 0.084375 0.190625 0.16875
5 0.10703125 0.10625 0.2140625 0.2125
5 0.3046875 0.071875 0.15 0.14375
5 0.1015625 0.18125 0.203125 0.25625
2 0.80078125 0.21640625 0.3078125 0.1859375
1 0.18984375 0.74375 0.3796875 0.228125
1 0.7203125 0.9859375 0.14375 0.028125
1 0.82109375 0.98046875 0.1671875 0.0390625
1 0.503125 0.95546875 0.18125 0.0890625
1 0.61171875 0.9515625 0.1890625 0.096875
1 0.7109375 0.9484375 0.1515625 0.1015625
1 0.81328125 0.946875 0.1453125 0.10625
1 0.92734375 0.978125 0.1453125 0.04375
1 0.89921875 0.93828125 0.134375 0.090625
1 0.71640625 0.88671875 0.1453125 0.0828125
1 0.6171875 0.88515625 0.1171875 0.1140625
1 0.5484375 0.82890625 0.128125 0.0703125
1 0.4484375 0.83359375 0.134375 0.084375
1 0.440625 0.8890625 0.121875 0.090625
1 0.8890625 0.540625 0.221875 0.159375
1 0.64140625 0.5453125 0.4390625 0.184375
1 0.91015625 0.6828125 0.1796875 0.178125
1 0.95546875 0.79765625 0.0890625 0.1953125