5 0.4875 0.865625 0.115625 0.1046875
5 0.6640625 0.8546875 0.2015625 0.109375
5 0.89140625 0.8921875 0.2171875 0.1484375
5 0.56015625 0.66171875 0.2578125 0.0765625
5 0.30390625 0.50078125 0.115625 0.109375
5 0.23125 0.28515625 0.071875 0.171875
5 0.08359375 0.27890625 0.1671875 0.1234375
5 0.18828125 0.6375 0.1203125 0.1046875
5 0.25390625 0.84140625 0.15 0.121875
5 0.08125 0.7953125 0.1625 0.240625
5 0.4796875 0.26953125 0.203125 0.1578125
5 0.73125 0.30703125 0.2703125 0.175
5 0.9359375 0.3625 0.128125 0.2109375
5 0.93359375 0.6171875 0.1328125 0.2359375
5 0.74296875 0.5296875 0.2109375 0.215625
5 0.55390625 0.40625 0.0828125 0.090625
5 0.05078125 0.55078125 0.1015625 0.2171875