5 0.1765625 0.27890625 0.25625 0.1265625
5 0.12890625 0.25546875 0.2578125 0.1328125
5 0.11015625 0.41640625 0.2203125 0.1171875
5 0.1796875 0.4078125 0.359375 0.125
1 0.559375 0.378125 0.4 0.203125
1 0.846875 0.28671875 0.30625 0.3859375
1 0.03046875 0.57578125 0.0609375 0.1015625
1 0.1796875 0.73984375 0.359375 0.5203125
1 0.084375 0.53046875 0.16875 0.1015625
1 0.084375 0.53046875 0.16875 0.1015625
1 0.1296875 0.5265625 0.259375 0.09375
1 0.2265625 0.51953125 0.265625 0.0796875
5 0.4109375 0.56015625 0.103125 0.1609375
5 0.559375 0.6921875 0.384375 0.390625
5 0.884375 0.86875 0.23125 0.2625
5 0.7671875 0.5109375 0.259375 0.0625
5 0.53046875 0.50546875 0.2015625 0.0515625
5 0.39453125 0.50703125 0.0703125 0.0546875