5 0.046875 0.040625 0.09375 0.08125
5 0.08671875 0.04140625 0.1453125 0.0828125
5 0.21875 0.05234375 0.090625 0.1046875
5 0.42734375 0.0453125 0.1046875 0.090625
5 0.32421875 0.1046875 0.11875 0.1625
5 0.43359375 0.203125 0.0921875 0.196875
5 0.2265625 0.25078125 0.109375 0.1328125
5 0.08125 0.16640625 0.1109375 0.1359375
5 0.02890625 0.20078125 0.0578125 0.1890625
5 0.03203125 0.19375 0.0640625 0.2
5 0.03828125 0.040625 0.0765625 0.08125
5 0.02890625 0.259375 0.0578125 0.0875
5 0.0296875 0.31875 0.059375 0.040625
5 0.26953125 0.31015625 0.1609375 0.0578125
5 0.42578125 0.3046875 0.1078125 0.06875
5 0.03828125 0.10390625 0.0765625 0.1703125
5 0.40859375 0.0390625 0.1421875 0.078125
5 0.20546875 0.0375 0.0328125 0.075
5 0.0953125 0.04765625 0.159375 0.0953125
5 0.03828125 0.05625 0.0765625 0.1125
5 0.04609375 0.06796875 0.0921875 0.1359375
5 0.03359375 0.0515625 0.0671875 0.103125
5 0.31875 0.02890625 0.084375 0.0578125
5 0.278125 0.04609375 0.115625 0.0921875
5 0.0296875 0.32109375 0.059375 0.0359375
2 0.52421875 0.36875 0.0890625 0.059375
2 0.72578125 0.40234375 0.2859375 0.1265625
2 0.9578125 0.43828125 0.084375 0.1984375
2 0.934375 0.76328125 0.13125 0.4734375
2 0.65078125 0.703125 0.3421875 0.209375
2 0.65078125 0.94609375 0.3421875 0.1078125