5 0.07109375 0.04609375 0.1421875 0.0921875
5 0.0515625 0.03046875 0.103125 0.0609375
5 0.20390625 0.04921875 0.4078125 0.0984375
5 0.0640625 0.1453125 0.128125 0.153125
5 0.0390625 0.2921875 0.078125 0.08125
2 0.453125 0.33671875 0.0875 0.2265625
2 0.540625 0.19765625 0.2 0.190625
2 0.69453125 0.390625 0.2765625 0.11875
2 0.9234375 0.38046875 0.153125 0.1390625
2 0.715625 0.2046875 0.1015625 0.2265625
0 0.26171875 0.47890625 0.1765625 0.0578125
0 0.034375 0.6359375 0.06875 0.090625
0 0.078125 0.87265625 0.115625 0.103125
3 0.6765625 0.63125 0.534375 0.3625