5 0.0546875 0.296875 0.109375 0.025
5 0.1953125 0.28984375 0.103125 0.0390625
5 0.353125 0.2875 0.0875 0.04375
5 0.45078125 0.234375 0.0515625 0.03125
5 0.4578125 0.28203125 0.115625 0.0546875
5 0.1234375 0.28671875 0.03125 0.0453125
5 0.28984375 0.27890625 0.0515625 0.0609375
5 0.04375 0.32109375 0.0875 0.0234375
5 0.02421875 0.3203125 0.0484375 0.021875
5 0.028125 0.315625 0.05625 0.0125
5 0.01953125 0.3203125 0.0390625 0.021875
5 0.009375 0.31640625 0.01875 0.0140625
5 0.0140625 0.31640625 0.028125 0.0140625
5 0.04609375 0.31796875 0.0640625 0.0171875
5 0.0734375 0.31484375 0.05 0.0109375
5 0.09375 0.31328125 0.046875 0.0078125
5 0.02109375 0.33359375 0.0421875 0.0484375
0 0.8375 0.93828125 0.065625 0.0765625
0 0.95859375 0.93359375 0.065625 0.0859375
0 0.73359375 0.86875 0.0390625 0.0515625
0 0.66484375 0.86171875 0.0375 0.078125
0 0.525 0.85703125 0.0125 0.0734375
0 0.52890625 0.84453125 0.0203125 0.0546875
0 0.821875 0.7078125 0.05 0.059375
0 0.878125 0.8125 0.0515625 0.096875
0 0.54609375 0.6703125 0.0546875 0.078125
0 0.61640625 0.56796875 0.0671875 0.075