5 0.0765625 0.25234375 0.153125 0.2109375
5 0.2703125 0.2375 0.215625 0.225
5 0.4453125 0.2625 0.109375 0.296875
5 0.10546875 0.37734375 0.1625 0.1203125
5 0.21640625 0.40625 0.0890625 0.065625
5 0.0515625 0.3078125 0.103125 0.0875
5 0.0203125 0.40078125 0.040625 0.0765625
5 0.01953125 0.3578125 0.0390625 0.140625
1 0.75 0.30546875 0.5 0.2671875
1 0.79375 0.11796875 0.4125 0.2359375
2 0.4265625 0.48828125 0.146875 0.0984375
2 0.37265625 0.79765625 0.153125 0.0953125
2 0.1484375 0.57265625 0.10625 0.2671875
2 0.2375 0.475 0.1375 0.071875
2 0.05 0.4609375 0.1 0.04375
2 0.02109375 0.79453125 0.0421875 0.1859375
2 0.05078125 0.8953125 0.0734375 0.11875
2 0.02421875 0.51171875 0.0484375 0.1453125
1 0.75 0.71953125 0.5 0.5609375