5 0.00390625 0.00234375 0.0078125 0.0046875
5 0.00390625 0.0046875 0.0078125 0.009375
5 0.003125 0.0015625 0.00625 0.003125
5 0.00234375 0.003125 0.0046875 0.00625
5 0.01328125 0.0078125 0.0265625 0.015625
5 0.01171875 0.003125 0.0234375 0.00625
5 0.0375 0.003125 0.025 0.00625
5 0.0625 0.00234375 0.01875 0.0046875
5 0.08671875 0.0015625 0.0234375 0.003125
5 0.0921875 0.00390625 0.025 0.0078125
5 0.06171875 0.00390625 0.0265625 0.0078125
5 0.0328125 0.0015625 0.025 0.003125
5 0.00859375 0.003125 0.0171875 0.00625
5 0.1078125 0.00234375 0.009375 0.0046875
5 0.1078125 0.003125 0.009375 0.00625
5 0.1046875 0.00234375 0.015625 0.0046875
5 0.09765625 0.0015625 0.0203125 0.003125
1 0.5328125 0.0328125 0.0875 0.065625
2 0.17734375 0.5734375 0.0703125 0.028125
2 0.34765625 0.59453125 0.0765625 0.0703125
1 0.81484375 0.79375 0.3703125 0.4125
1 0.74765625 0.734375 0.4578125 0.35