5 0.38984375 0.21796875 0.1546875 0.09375
5 0.27265625 0.21171875 0.0765625 0.05625
5 0.2 0.2 0.0828125 0.05625
5 0.11328125 0.18984375 0.0765625 0.046875
5 0.04140625 0.23828125 0.075 0.08125
5 0.1375 0.28359375 0.071875 0.0953125
5 0.2390625 0.396875 0.1125 0.14375
5 0.37421875 0.43828125 0.1328125 0.0609375
5 0.103125 0.38203125 0.125 0.1734375
5 0.92734375 0.1 0.1453125 0.1625
5 0.7765625 0.02734375 0.23125 0.0546875
5 0.69375 0.0359375 0.0875 0.071875
5 0.87109375 0.0515625 0.2578125 0.103125
5 0.69765625 0.03046875 0.0953125 0.0609375
5 0.88046875 0.03203125 0.2390625 0.0640625
5 0.7203125 0.02578125 0.140625 0.0515625
5 0.67890625 0.0171875 0.0578125 0.034375
5 0.89296875 0.0140625 0.2140625 0.028125
5 0.79296875 0.2140625 0.2859375 0.109375
0 0.553125 0.91796875 0.028125 0.04375
0 0.0734375 0.771875 0.146875 0.090625
0 0.0171875 0.93359375 0.034375 0.0796875
0 0.01171875 0.9421875 0.0234375 0.115625
0 0.1109375 0.675 0.128125 0.0625
0 0.6046875 0.48984375 0.08125 0.0421875
0 0.25703125 0.48203125 0.0359375 0.0265625
0 0.13359375 0.48984375 0.1171875 0.0421875
0 0.58671875 0.48515625 0.0671875 0.0328125
0 0.57265625 0.48671875 0.0828125 0.0359375
0 0.01171875 0.484375 0.0234375 0.03125
0 0.04921875 0.4953125 0.0546875 0.053125
0 0.03671875 0.5984375 0.0734375 0.065625
0 0.159375 0.4828125 0.0375 0.028125
0 0.56015625 0.65703125 0.1328125 0.071875
1 0.825 0.7953125 0.35 0.409375
1 0.825 0.5828125 0.35 0.228125
1 0.9609375 0.64921875 0.078125 0.3609375
1 0.79296875 0.57734375 0.2859375 0.2171875