5 0.02890625 0.240625 0.0578125 0.08125
5 0.03984375 0.32265625 0.0796875 0.0421875
5 0.13046875 0.55390625 0.1921875 0.09375
5 0.27890625 0.44921875 0.1859375 0.0875
5 0.3578125 0.403125 0.14375 0.21875
1 0.82421875 0.3921875 0.3515625 0.440625
1 0.62734375 0.22578125 0.3953125 0.3140625
1 0.84296875 0.14453125 0.3140625 0.2359375
1 0.953125 0.07109375 0.09375 0.1421875
1 0.490625 0.14140625 0.121875 0.2609375
1 0.63359375 0.075 0.3171875 0.15
1 0.82421875 0.04453125 0.2421875 0.0890625
1 0.93359375 0.02734375 0.1328125 0.0546875
1 0.50703125 0.01640625 0.1546875 0.0328125
1 0.64765625 0.01875 0.2203125 0.0375
1 0.80625 0.0171875 0.203125 0.034375
1 0.86328125 0.0015625 0.0015625 0.003125
1 0.8796875 0.01796875 0.11875 0.0359375
1 0.78671875 0.01484375 0.1796875 0.0296875
1 0.37578125 0.8390625 0.1078125 0.284375
1 0.21484375 0.825 0.4296875 0.35
3 0.71484375 0.71796875 0.5703125 0.1359375
3 0.71484375 0.803125 0.5703125 0.30625