5 0.58046875 0.12109375 0.0390625 0.0859375
5 0.56328125 0.2265625 0.0734375 0.04375
5 0.5796875 0.42578125 0.040625 0.0921875
5 0.53671875 0.39296875 0.05625 0.1375
5 0.4921875 0.38671875 0.075 0.0984375
5 0.42890625 0.38671875 0.0453125 0.04375
5 0.4234375 0.2265625 0.0546875 0.04375
5 0.509375 0.23046875 0.05 0.04375
5 0.53046875 0.1609375 0.0609375 0.0375
5 0.3 0.20546875 0.11875 0.0890625
5 0.1875 0.209375 0.0859375 0.0671875
5 0.15390625 0.29609375 0.13125 0.078125
5 0.2484375 0.3078125 0.05625 0.046875
5 0.3171875 0.34453125 0.0234375 0.028125
5 0.359375 0.33828125 0.0234375 0.0328125
5 0.0421875 0.23125 0.05 0.0703125
2 0.72109375 0.43359375 0.2421875 0.2109375
2 0.8 0.4328125 0.4 0.2125
2 0.8015625 0.2265625 0.396875 0.196875
2 0.71640625 0.246875 0.2328125 0.21875
2 0.70546875 0.065625 0.2109375 0.13125
2 0.8 0.0515625 0.4 0.103125
2 0.6875 0.0375 0.175 0.075
2 0.753125 0.03515625 0.30625 0.0703125
2 0.7046875 0.01484375 0.209375 0.0296875
5 0.034375 0.5578125 0.06875 0.0375
5 0.01875 0.56015625 0.0375 0.0421875
5 0.06484375 0.5625 0.1296875 0.046875
5 0.23359375 0.571875 0.1484375 0.065625
5 0.3515625 0.665625 0.065625 0.253125
5 0.27109375 0.88046875 0.11875 0.2375
0 0.61640625 0.55390625 0.0328125 0.0296875
0 0.6203125 0.55 0.040625 0.021875
0 0.61328125 0.5703125 0.0265625 0.0625
0 0.625 0.66484375 0.05 0.0515625
0 0.6171875 0.73125 0.034375 0.0375
0 0.76875 0.55078125 0.078125 0.0234375
0 0.63359375 0.55390625 0.0671875 0.0296875