5 0.7328125 0.45234375 0.2015625 0.1375
5 0.9171875 0.43046875 0.165625 0.1625
5 0.9203125 0.51484375 0.159375 0.084375
5 0.91015625 0.61484375 0.1796875 0.0703125
5 0.98828125 0.71171875 0.0234375 0.09375
5 0.82265625 0.72265625 0.2828125 0.0859375
5 0.3671875 0.74609375 0.5890625 0.0390625
5 0.35 0.6546875 0.14375 0.0921875
5 0.6125 0.62421875 0.0984375 0.140625
5 0.6796875 0.56640625 0.140625 0.0671875
5 0.56875 0.47890625 0.078125 0.08125
5 0.08203125 0.8859375 0.153125 0.109375
5 0.27578125 0.88125 0.2078125 0.121875
5 0.4875 0.8796875 0.196875 0.134375
5 0.68359375 0.8609375 0.1671875 0.1453125
5 0.8890625 0.8640625 0.221875 0.14375