5 0.81015625 0.58984375 0.078125 0.203125
5 0.70546875 0.57890625 0.11875 0.184375
5 0.6078125 0.60078125 0.0640625 0.1546875
5 0.20078125 0.53984375 0.0859375 0.1203125
5 0.36953125 0.48359375 0.18125 0.0859375
5 0.56171875 0.46171875 0.1203125 0.0890625
5 0.746875 0.44609375 0.1015625 0.071875
5 0.859375 0.36171875 0.059375 0.046875
5 0.86875 0.44765625 0.1359375 0.1078125
5 0.50859375 0.58515625 0.084375 0.11875
5 0.3546875 0.61796875 0.175 0.0734375
5 0.47734375 0.46015625 0.0375 0.10625
5 0.67265625 0.45078125 0.059375 0.1328125