5 0.090625 0.3515625 0.09375 0.05625
5 0.3265625 0.20234375 0.0625 0.0515625
5 0.228125 0.21015625 0.0953125 0.053125
5 0.05078125 0.20078125 0.090625 0.0390625
5 0.01796875 0.203125 0.0359375 0.03125
5 0.32109375 0.3 0.1203125 0.0390625
5 0.42421875 0.2828125 0.0359375 0.0546875
1 0.28984375 0.74140625 0.5796875 0.5171875
5 0.60390625 0.95546875 0.0484375 0.0890625
5 0.58515625 0.71953125 0.0109375 0.1203125
5 0.803125 0.565625 0.221875 0.2546875
5 0.63046875 0.45078125 0.1015625 0.1421875
5 0.9671875 0.54765625 0.065625 0.1265625