5 0.57265625 0.3859375 0.0734375 0.165625
5 0.52109375 0.5171875 0.1203125 0.165625
5 0.40625 0.55078125 0.10625 0.0984375
5 0.45859375 0.2671875 0.153125 0.2265625
5 0.296875 0.30625 0.165625 0.1765625
5 0.29375 0.48984375 0.1640625 0.1453125
5 0.15625 0.56875 0.196875 0.0625
5 0.0421875 0.540625 0.084375 0.11875
5 0.03125 0.54375 0.0625 0.1125
5 0.10859375 0.403125 0.1484375 0.121875
5 0.165625 0.52734375 0.1390625 0.0875
5 0.14609375 0.2875 0.159375 0.1171875
5 0.0328125 0.43046875 0.065625 0.1140625
5 0.04140625 0.3171875 0.0828125 0.084375
5 0.04296875 0.434375 0.0859375 0.134375
5 0.0265625 0.5453125 0.053125 0.071875
5 0.540625 0.02890625 0.1375 0.0578125
5 0.3921875 0.01875 0.15625 0.0375
5 0.22421875 0.04375 0.1390625 0.0875
5 0.0671875 0.04375 0.134375 0.0875
5 0.0328125 0.05546875 0.065625 0.1109375
5 0.390625 0.0203125 0.109375 0.040625
5 0.2359375 0.0203125 0.14375 0.040625
0 0.68359375 0.2296875 0.1484375 0.159375
0 0.9546875 0.36640625 0.090625 0.0640625
0 0.76875 0.35546875 0.1984375 0.1078125
0 0.6359375 0.3890625 0.053125 0.075
0 0.621875 0.578125 0.025 0.040625
1 0.3046875 0.8515625 0.609375 0.29375
1 0.34140625 0.771875 0.5359375 0.234375
1 0.3046875 0.8 0.609375 0.4
1 0.7546875 0.765625 0.290625 0.33125
1 0.89375 0.7703125 0.2125 0.340625
1 0.7359375 0.93515625 0.253125 0.1296875
1 0.73046875 0.775 0.2421875 0.35
1 0.753125 0.66484375 0.234375 0.1296875
1 0.909375 0.6671875 0.18125 0.134375
1 0.67890625 0.6765625 0.1390625 0.153125