5 0.36953125 0.41640625 0.2234375 0.153125
5 0.48203125 0.56640625 0.2859375 0.1140625
5 0.23125 0.7625 0.1703125 0.209375
5 0.10234375 0.265625 0.2046875 0.2703125
5 0.95078125 0.71171875 0.0984375 0.2765625
5 0.896875 0.44140625 0.1671875 0.2125
5 0.80703125 0.59609375 0.1484375 0.178125
5 0.67890625 0.39140625 0.20625 0.1734375
5 0.63203125 0.2203125 0.2328125 0.125
5 0.47265625 0.26171875 0.1625 0.21875
5 0.28359375 0.1453125 0.1578125 0.2484375
5 0.10234375 0.06484375 0.175 0.1296875
5 0.434375 0.10078125 0.1109375 0.0828125
5 0.803125 0.2765625 0.071875 0.078125