5 0.025 0.31953125 0.05 0.0765625
5 0.08046875 0.32734375 0.1046875 0.0640625
5 0.190625 0.33515625 0.1 0.0484375
2 0.87890625 0.2375 0.2421875 0.134375
2 0.8515625 0.07265625 0.296875 0.1453125
2 0.6609375 0.0828125 0.14375 0.165625
2 0.671875 0.2484375 0.165625 0.146875
1 0.33203125 0.71171875 0.5140625 0.5484375
1 0.3078125 0.44609375 0.425 0.1734375
1 0.48671875 0.51171875 0.2046875 0.2515625
1 0.134375 0.43515625 0.26875 0.1515625
1 0.125 0.41171875 0.25 0.1046875
1 0.13203125 0.3984375 0.2640625 0.078125
0 0.95 0.80078125 0.1 0.2671875
0 0.92890625 0.503125 0.1421875 0.134375
0 0.85 0.4 0.3 0.08125