5 0.46171875 0.3484375 0.1359375 0.28125
5 0.29765625 0.4390625 0.1703125 0.1
5 0.2078125 0.253125 0.228125 0.134375
5 0.0875 0.41484375 0.175 0.1484375
5 0.0484375 0.27734375 0.096875 0.0921875
5 0.03984375 0.41171875 0.0796875 0.1546875
5 0.0359375 0.36484375 0.071875 0.1734375
5 0.38828125 0.03671875 0.2359375 0.0734375
5 0.15625 0.03984375 0.1625 0.0796875
5 0.040625 0.03984375 0.08125 0.0796875
5 0.05546875 0.06015625 0.1109375 0.1203125
1 0.73125 0.31171875 0.403125 0.3546875
1 0.87109375 0.30078125 0.2578125 0.3765625
1 0.64296875 0.08515625 0.2265625 0.1703125
1 0.81875 0.08125 0.31875 0.1625
1 0.91015625 0.07734375 0.1796875 0.1546875
1 0.16875 0.9875 0.140625 0.025
1 0.328125 0.85859375 0.403125 0.1484375
1 0.07734375 0.8203125 0.1546875 0.109375
1 0.3640625 0.7421875 0.33125 0.084375
1 0.1265625 0.75 0.253125 0.059375
1 0.209375 0.703125 0.2328125 0.05625
1 0.403125 0.696875 0.253125 0.053125
5 0.6140625 0.65390625 0.1109375 0.196875
5 0.56953125 0.5109375 0.0796875 0.04375
5 0.57109375 0.5125 0.0828125 0.046875
5 0.5484375 0.7171875 0.0375 0.078125
5 0.58203125 0.55625 0.1046875 0.134375
5 0.696875 0.55625 0.190625 0.134375
5 0.8796875 0.575 0.1375 0.171875
5 0.753125 0.66953125 0.0828125 0.1015625
5 0.97265625 0.590625 0.0546875 0.1625