5 0.06796875 0.3078125 0.1359375 0.11875
5 0.0125 0.33359375 0.025 0.0828125
5 0.2109375 0.14609375 0.159375 0.1234375
5 0.259375 0.27578125 0.2046875 0.1140625
5 0.34921875 0.146875 0.2078125 0.13125
5 0.4609375 0.303125 0.08125 0.0765625
5 0.06328125 0.26484375 0.0828125 0.1421875
5 0.02890625 0.11015625 0.0578125 0.0421875
5 0.9140625 0.46328125 0.171875 0.0859375
5 0.9015625 0.371875 0.196875 0.078125
5 0.6828125 0.44609375 0.2 0.1546875
5 0.728125 0.57109375 0.0984375 0.1046875
5 0.60234375 0.4921875 0.0671875 0.2375
5 0.96875 0.2734375 0.0625 0.084375
5 0.83125 0.28046875 0.18125 0.0984375
5 0.65 0.31796875 0.1625 0.1046875
5 0.434375 0.66328125 0.26875 0.0671875
5 0.13125 0.690625 0.2625 0.121875
5 0.41875 0.66171875 0.3 0.0640625
5 0.465625 0.85078125 0.20625 0.2984375
5 0.06953125 0.85703125 0.1390625 0.2859375
5 0.059375 0.646875 0.11875 0.034375
1 0.6640625 0.76640625 0.190625 0.1171875
1 0.865625 0.66171875 0.26875 0.0640625
1 0.68671875 0.92109375 0.2359375 0.1578125
1 0.85078125 0.96484375 0.2984375 0.0703125
1 0.88125 0.83046875 0.2375 0.1390625
1 0.88671875 0.65625 0.2265625 0.053125
1 0.9046875 0.65390625 0.190625 0.0484375