5 0.3578125 0.04921875 0.1125 0.0984375
5 0.1796875 0.01796875 0.178125 0.0359375
5 0.07421875 0.06015625 0.0953125 0.1203125
5 0.0359375 0.15703125 0.071875 0.1328125
5 0.03203125 0.29453125 0.0640625 0.1296875
5 0.08046875 0.284375 0.1609375 0.15
5 0.31015625 0.16875 0.2171875 0.178125
5 0.20546875 0.0171875 0.2046875 0.034375
5 0.05703125 0.015625 0.1140625 0.03125
0 0.84140625 0.10625 0.0875 0.1078125
0 0.60390625 0.0515625 0.0921875 0.103125
0 0.55390625 0.2765625 0.2359375 0.165625
0 0.96484375 0.1171875 0.0703125 0.10625
1 0.32578125 0.6796875 0.1859375 0.640625
2 0.88046875 0.83828125 0.0984375 0.3234375
2 0.70078125 0.85625 0.1578125 0.2875
2 0.76640625 0.590625 0.1734375 0.1890625
2 0.59296875 0.60234375 0.1296875 0.203125
2 0.71171875 0.4359375 0.125 0.10625
2 0.553125 0.4421875 0.1359375 0.096875