5 0.4859375 0.86328125 0.1125 0.090625
5 0.21953125 0.81171875 0.13125 0.115625
5 0.66953125 0.86640625 0.196875 0.1453125
5 0.87578125 0.8703125 0.171875 0.1265625
5 0.66953125 0.6640625 0.071875 0.0953125
5 0.51015625 0.65234375 0.1765625 0.0828125
5 0.31015625 0.50546875 0.0828125 0.09375
5 0.18359375 0.61875 0.1421875 0.0984375
5 0.0765625 0.765625 0.153125 0.203125
5 0.0421875 0.5796875 0.084375 0.1375
5 0.22578125 0.30234375 0.059375 0.1109375
5 0.071875 0.284375 0.14375 0.090625
5 0.87421875 0.70078125 0.140625 0.1015625
5 0.721875 0.55234375 0.146875 0.10625
5 0.5984375 0.4046875 0.1640625 0.11875
5 0.49765625 0.27578125 0.225 0.15625
5 0.72578125 0.3046875 0.159375 0.109375
5 0.86484375 0.42734375 0.1890625 0.11875
5 0.9171875 0.56015625 0.1640625 0.1125
5 0.18046875 0.1828125 0.359375 0.11875