5 0.0515625 0.03984375 0.103125 0.0796875
5 0.1828125 0.04921875 0.11875 0.0984375
5 0.3046875 0.11328125 0.18125 0.2265625
5 0.4546875 0.19296875 0.109375 0.2609375
0 0.4265625 0.75 0.146875 0.5
0 0.6625 0.5359375 0.14375 0.071875
0 0.83203125 0.6703125 0.0875 0.0984375
0 0.78046875 0.8390625 0.0578125 0.0671875
0 0.79296875 0.95390625 0.1328125 0.0921875
0 0.53671875 0.8734375 0.0546875 0.103125
0 0.7171875 0.7390625 0.1015625 0.103125
0 0.95625 0.55546875 0.0875 0.1109375
0 0.93515625 0.53359375 0.0578125 0.0671875
0 0.82890625 0.5609375 0.0890625 0.0984375
0 0.525 0.95546875 0.03125 0.0890625
0 0.53046875 0.7625 0.0421875 0.06875
0 0.59609375 0.5671875 0.065625 0.0859375
0 0.70625 0.5359375 0.05 0.071875
0 0.8234375 0.51875 0.071875 0.0375
0 0.98046875 0.52265625 0.0390625 0.0453125
0 0.53828125 0.5671875 0.0578125 0.05
0 0.62734375 0.9421875 0.084375 0.0578125