5 0.48125 0.0515625 0.05625 0.103125
5 0.33828125 0.02890625 0.1796875 0.0578125
1 0.62265625 0.35625 0.2265625 0.403125
1 0.70234375 0.63046875 0.3859375 0.2390625
1 0.909375 0.63359375 0.18125 0.2328125
1 0.81796875 0.34765625 0.3640625 0.4234375
1 0.96796875 0.3546875 0.0640625 0.484375
1 0.58515625 0.08984375 0.1515625 0.1796875
1 0.5734375 0.0875 0.128125 0.175
1 0.684375 0.08828125 0.2796875 0.1765625
1 0.87890625 0.084375 0.2421875 0.16875
1 0.97421875 0.0875 0.0515625 0.171875
0 0.25703125 0.959375 0.1265625 0.08125
0 0.04140625 0.903125 0.0828125 0.18125
2 0.90625 0.875 0.1875 0.25
2 0.6515625 0.8734375 0.284375 0.246875