5 0.13203125 0.42421875 0.2640625 0.1296875
5 0.225 0.09921875 0.1796875 0.0984375
5 0.05703125 0.0796875 0.1140625 0.109375
5 0.4109375 0.1890625 0.15625 0.121875
5 0.19453125 0.22890625 0.2109375 0.1640625
5 0.03828125 0.2453125 0.0765625 0.196875
5 0.4046875 0.284375 0.16875 0.090625
2 0.85546875 0.20625 0.2890625 0.221875
2 0.2734375 0.68984375 0.18125 0.1921875
2 0.43046875 0.69453125 0.1171875 0.2109375
2 0.28359375 0.92734375 0.2328125 0.1453125
2 0.07578125 0.9421875 0.1515625 0.115625
2 0.11953125 0.82578125 0.121875 0.0875
1 0.58984375 0.74453125 0.2015625 0.5109375
1 0.58359375 0.67890625 0.1890625 0.3796875