5 0.32734375 0.3484375 0.1921875 0.0796875
5 0.51875 0.3390625 0.15625 0.065625
5 0.3328125 0.43046875 0.1984375 0.0859375
5 0.53828125 0.44375 0.1875 0.084375
5 0.46015625 0.55703125 0.0796875 0.1015625
5 0.4625 0.66875 0.1078125 0.078125
5 0.3015625 0.63671875 0.1703125 0.109375
5 0.30703125 0.53359375 0.1546875 0.0890625
5 0.2078125 0.365625 0.0953125 0.053125
5 0.21640625 0.428125 0.075 0.0390625
5 0.0953125 0.5765625 0.190625 0.046875
5 0.08203125 0.44375 0.059375 0.0578125
5 0.68671875 0.34921875 0.140625 0.046875
5 0.87421875 0.3640625 0.1875 0.115625
5 0.92109375 0.5125 0.1578125 0.096875
5 0.7703125 0.63125 0.140625 0.1375
5 0.71796875 0.48671875 0.1140625 0.1171875
5 0.6046875 0.6234375 0.140625 0.153125
5 0.16484375 0.66171875 0.08125 0.1453125
5 0.09921875 0.56015625 0.184375 0.059375
5 0.09375 0.36640625 0.140625 0.0421875
5 0.8125 0.4921875 0.0453125 0.1125