5 0.18203125 0.5 0.3640625 0.1
5 0.03359375 0.4265625 0.0671875 0.228125
5 0.0671875 0.28203125 0.134375 0.1265625
5 0.46640625 0.47109375 0.1875 0.090625
5 0.534375 0.35859375 0.090625 0.1171875
5 0.3359375 0.334375 0.2640625 0.0890625
5 0.15546875 0.2921875 0.0671875 0.071875
5 0.31328125 0.23046875 0.2125 0.1078125
5 0.50625 0.2609375 0.146875 0.1
5 0.09609375 0.134375 0.1921875 0.13125
5 0.02578125 0.06015625 0.0515625 0.1203125
0 0.5890625 0.4703125 0.01875 0.1625
0 0.5984375 0.50625 0.0375 0.146875
0 0.678125 0.57109375 0.0375 0.0171875
0 0.76875 0.54609375 0.078125 0.0671875
0 0.909375 0.48984375 0.084375 0.0578125
0 0.80625 0.3609375 0.0578125 0.13125
0 0.59453125 0.38359375 0.0296875 0.1265625
0 0.59765625 0.19609375 0.0359375 0.1421875
0 0.596875 0.21953125 0.034375 0.1515625
0 0.59765625 0.14765625 0.0359375 0.1234375
0 0.63203125 0.2546875 0.075 0.1
0 0.9609375 0.13203125 0.078125 0.1359375
0 0.84765625 0.15859375 0.08125 0.1609375
0 0.74296875 0.178125 0.090625 0.165625
0 0.59921875 0.18671875 0.0390625 0.1515625
0 0.59609375 0.03125 0.0328125 0.0625
0 0.71640625 0.028125 0.0828125 0.05625
0 0.825 0.02265625 0.06875 0.0453125
3 0.33125 0.74296875 0.496875 0.3265625
2 0.6640625 0.925 0.16875 0.15
2 0.79609375 0.859375 0.3703125 0.28125
2 0.9375 0.64609375 0.125 0.0953125