5 0.27578125 0.62421875 0.0953125 0.059375
5 0.44140625 0.796875 0.0984375 0.096875
5 0.54453125 0.8328125 0.0828125 0.065625
5 0.6078125 0.7 0.11875 0.1453125
5 0.5109375 0.47265625 0.0625 0.0515625
5 0.4125 0.48046875 0.0953125 0.053125
5 0.23515625 0.47109375 0.090625 0.0390625
5 0.08046875 0.47421875 0.075 0.03125
5 0.33828125 0.9453125 0.1765625 0.109375
5 0.50078125 0.915625 0.1203125 0.0859375
5 0.65 0.8140625 0.109375 0.05625
5 0.7484375 0.7390625 0.071875 0.0984375
5 0.50546875 0.5703125 0.1203125 0.040625
5 0.60859375 0.553125 0.0359375 0.0546875