5 0.28203125 0.1421875 0.1078125 0.140625
5 0.3796875 0.1265625 0.0578125 0.128125
5 0.16484375 0.14765625 0.0765625 0.078125
5 0.4515625 0.39296875 0.0796875 0.09375
5 0.49296875 0.05390625 0.0734375 0.0796875
5 0.45625 0.02265625 0.146875 0.0453125
5 0.32578125 0.02734375 0.1390625 0.0546875
5 0.1765625 0.03046875 0.165625 0.0609375
5 0.203125 0.02421875 0.140625 0.0484375
5 0.05625 0.03671875 0.1125 0.0734375
5 0.0453125 0.02734375 0.090625 0.0546875
5 0.03828125 0.03515625 0.0765625 0.0703125
5 0.03359375 0.04140625 0.0671875 0.0828125
5 0.93515625 0.03203125 0.1296875 0.0640625
5 0.8203125 0.01953125 0.075 0.0390625
5 0.7375 0.0171875 0.090625 0.034375
5 0.66171875 0.01640625 0.0890625 0.0328125
5 0.609375 0.0171875 0.10625 0.034375
5 0.71796875 0.06171875 0.0953125 0.1234375
5 0.9390625 0.2484375 0.10625 0.11875
5 0.86640625 0.1734375 0.0703125 0.1015625
5 0.803125 0.11640625 0.0703125 0.0890625
5 0.8640625 0.31640625 0.215625 0.2859375
5 0.690625 0.1078125 0.1671875 0.1828125
0 0.128125 0.940625 0.165625 0.11875
0 0.3203125 0.9078125 0.1203125 0.1375
0 0.465625 0.9421875 0.128125 0.115625
0 0.45234375 0.65859375 0.1546875 0.1015625
0 0.44765625 0.525 0.1640625 0.090625
0 0.165625 0.67265625 0.125 0.1140625
0 0.025 0.73828125 0.05 0.1671875
0 0.02265625 0.9453125 0.0453125 0.10625
0 0.47421875 0.8 0.1109375 0.13125
2 0.79765625 0.9296875 0.1859375 0.140625
2 0.57265625 0.8796875 0.0859375 0.240625